1,0.32838541666666665,0.5777777777777777,0.0109375,0.06481481481481481
1,0.19427083333333334,0.6824074074074075,0.015625,0.05185185185185185
1,0.32916666666666666,0.5569444444444445,0.013541666666666667,0.06759259259259259
1,0.38255208333333335,0.49074074074074076,0.016145833333333335,0.06111111111111111
1,0.36380208333333336,0.40555555555555556,0.0140625,0.05
1,0.41354166666666664,0.37777777777777777,0.011458333333333333,0.04814814814814815
1,0.43255208333333334,0.37222222222222223,0.0140625,0.05
1,0.4471354166666667,0.3421296296296296,0.009895833333333333,0.04537037037037037
1,0.42473958333333334,0.33935185185185185,0.009895833333333333,0.04537037037037037
1,0.42161458333333335,0.36342592592592593,0.009895833333333333,0.049074074074074076
1,0.3953125,0.3537037037037037,0.0125,0.044444444444444446
1,0.37265625,0.3523148148148148,0.008854166666666666,0.05092592592592592
1,0.478125,0.274537037037037,0.005208333333333333,0.04537037037037037
1,0.45729166666666665,0.22546296296296298,0.008333333333333333,0.041666666666666664
1,0.44973958333333336,0.22314814814814815,0.0067708333333333336,0.03333333333333333
1,0.42421875,0.24953703703703703,0.0067708333333333336,0.03981481481481482
1,0.4234375,0.23703703703703705,0.007291666666666667,0.037037037037037035
1,0.390625,0.28194444444444444,0.00625,0.03981481481481482
0,0.38671875,0.21851851851851853,0.05572916666666667,0.053703703703703705
4,0.3541666666666667,0.18703703703703703,0.04583333333333333,0.03888888888888889
4,0.3385416666666667,0.17546296296296296,0.041666666666666664,0.03611111111111111
3,0.3328125,0.20462962962962963,0.0125,0.020370370370370372
2,0.33255208333333336,0.19675925925925927,0.005729166666666666,0.023148148148148147
1,0.28020833333333334,0.18611111111111112,0.00625,0.03518518518518519
4,0.3177083333333333,0.16296296296296298,0.04895833333333333,0.03888888888888889
4,0.29765625,0.1537037037037037,0.04635416666666667,0.037037037037037035
4,0.28125,0.14166666666666666,0.03958333333333333,0.03148148148148148
4,0.50703125,0.17962962962962964,0.0328125,0.046296296296296294
5,0.6643229166666667,0.2564814814814815,0.034895833333333334,0.06666666666666667
4,0.6231770833333333,0.25046296296296294,0.0296875,0.05277777777777778
5,0.5815104166666667,0.2125,0.034895833333333334,0.06759259259259259
4,0.68671875,0.19907407407407407,0.043229166666666666,0.037037037037037035
4,0.66328125,0.18055555555555555,0.05364583333333333,0.03888888888888889
4,0.6330729166666667,0.1685185185185185,0.04635416666666667,0.03518518518518519
4,0.609375,0.1527777777777778,0.041666666666666664,0.037037037037037035
4,0.5893229166666667,0.14629629629629629,0.0390625,0.02962962962962963
4,0.5721354166666667,0.1361111111111111,0.043229166666666666,0.02962962962962963
1,0.5510416666666667,0.14907407407407408,0.005208333333333333,0.027777777777777776
1,0.54453125,0.14629629629629629,0.0078125,0.027777777777777776
1,0.5390625,0.13842592592592592,0.008333333333333333,0.021296296296296296
1,0.5484375,0.1300925925925926,0.003125,0.023148148148148147
4,0.5473958333333333,0.12453703703703704,0.03854166666666667,0.026851851851851852
4,0.5216145833333333,0.11574074074074074,0.0328125,0.02962962962962963
4,0.4869791666666667,0.10185185185185185,0.028125,0.025925925925925925
2,0.4669270833333333,0.10601851851851851,0.005729166666666666,0.023148148148148147
10,0.46640625,0.1111111111111111,0.005729166666666666,0.016666666666666666
1,0.46510416666666665,0.10138888888888889,0.005208333333333333,0.025
1,0.4625,0.1,0.004166666666666667,0.024074074074074074
4,0.47213541666666664,0.16111111111111112,0.033854166666666664,0.04259259259259259
4,0.44869791666666664,0.15555555555555556,0.0296875,0.03333333333333333
4,0.4276041666666667,0.14444444444444443,0.03333333333333333,0.03888888888888889
4,0.4015625,0.1375,0.029166666666666667,0.032407407407407406
5,0.43255208333333334,0.1175925925925926,0.028645833333333332,0.040740740740740744
4,0.41302083333333334,0.11481481481481481,0.028125,0.027777777777777776
4,0.38307291666666665,0.125,0.0328125,0.03888888888888889
4,0.39114583333333336,0.1087962962962963,0.03125,0.032407407407407406
4,0.35546875,0.12453703703703704,0.03177083333333333,0.032407407407407406
4,0.36692708333333335,0.10555555555555556,0.0359375,0.027777777777777776
4,0.3528645833333333,0.09907407407407408,0.033854166666666664,0.027777777777777776
4,0.4309895833333333,0.08333333333333333,0.03177083333333333,0.024074074074074074
1,0.4122395833333333,0.08657407407407407,0.0046875,0.023148148148148147
1,0.40651041666666665,0.08148148148148149,0.0036458333333333334,0.018518518518518517
1,0.4010416666666667,0.08333333333333333,0.003125,0.018518518518518517
1,0.40338541666666666,0.07824074074074074,0.0046875,0.023148148148148147
1,0.4109375,0.07222222222222222,0.003125,0.016666666666666666
4,0.41953125,0.06898148148148148,0.013020833333333334,0.023148148148148147
4,0.3984375,0.06851851851851852,0.01875,0.022222222222222223
4,0.37213541666666666,0.06944444444444445,0.0203125,0.022222222222222223
4,0.35598958333333336,0.07546296296296297,0.0234375,0.021296296296296296
4,0.3294270833333333,0.07361111111111111,0.024479166666666666,0.021296296296296296
4,0.30963541666666666,0.07546296296296297,0.025520833333333333,0.026851851851851852
4,0.309375,0.10231481481481482,0.036458333333333336,0.025
1,0.3299479166666667,0.11666666666666667,0.0046875,0.025925925925925925
1,0.3268229166666667,0.10694444444444444,0.0046875,0.023148148148148147
1,0.32369791666666664,0.12129629629629629,0.0046875,0.027777777777777776
1,0.32083333333333336,0.12638888888888888,0.005208333333333333,0.025
1,0.31640625,0.12361111111111112,0.0046875,0.028703703703703703
1,0.24401041666666667,0.17314814814814813,0.005729166666666666,0.03518518518518519
1,0.22317708333333333,0.16620370370370371,0.0067708333333333336,0.032407407407407406
1,0.21848958333333332,0.17037037037037037,0.0036458333333333334,0.022222222222222223
4,0.28151041666666665,0.0787037037037037,0.024479166666666666,0.022222222222222223
4,0.2630208333333333,0.08287037037037037,0.023958333333333335,0.021296296296296296
4,0.24401041666666667,0.08564814814814815,0.0296875,0.025
6,0.24583333333333332,0.10925925925925926,0.03333333333333333,0.03333333333333333
1,0.253125,0.11203703703703703,0.004166666666666667,0.024074074074074074
1,0.19088541666666667,0.16018518518518518,0.005729166666666666,0.02962962962962963
1,0.20677083333333332,0.14444444444444443,0.004166666666666667,0.03333333333333333
2,0.19453125,0.14305555555555555,0.0067708333333333336,0.023148148148148147
1,0.18489583333333334,0.14305555555555555,0.007291666666666667,0.032407407407407406
1,0.175,0.14722222222222223,0.007291666666666667,0.03148148148148148
2,0.16796875,0.14027777777777778,0.005729166666666666,0.021296296296296296
2,0.16145833333333334,0.13796296296296295,0.005208333333333333,0.022222222222222223
2,0.15677083333333333,0.13564814814814816,0.005208333333333333,0.019444444444444445
1,0.13333333333333333,0.1361111111111111,0.005208333333333333,0.027777777777777776
1,0.15755208333333334,0.1125,0.005729166666666666,0.028703703703703703
1,0.16796875,0.11296296296296296,0.0046875,0.025925925925925925
1,0.17786458333333333,0.1050925925925926,0.0046875,0.025
5,0.20078125,0.11388888888888889,0.022395833333333334,0.03333333333333333
1,0.20572916666666666,0.12129629629629629,0.004166666666666667,0.024074074074074074
7,0.14322916666666666,0.10833333333333334,0.019791666666666666,0.022222222222222223
4,0.45625,0.04490740740740741,0.027083333333333334,0.021296296296296296
1,0.42994791666666665,0.03148148148148148,0.0026041666666666665,0.020370370370370372
4,0.359375,0.019444444444444445,0.017708333333333333,0.016666666666666666
4,0.41822916666666665,0.009259259259259259,0.017708333333333333,0.014814814814814815
1,0.00859375,0.05138888888888889,0.0046875,0.021296296296296296
1,0.005989583333333334,0.05,0.0046875,0.018518518518518517
1,0.035416666666666666,0.04583333333333333,0.005208333333333333,0.019444444444444445
1,0.040364583333333336,0.04537037037037037,0.0046875,0.020370370370370372
1,0.042708333333333334,0.046296296296296294,0.005208333333333333,0.022222222222222223
3,0.07578125,0.04814814814814815,0.0078125,0.014814814814814815
3,0.08723958333333333,0.04722222222222222,0.009895833333333333,0.014814814814814815
10,0.10286458333333333,0.04490740740740741,0.0067708333333333336,0.01574074074074074
1,0.109375,0.040740740740740744,0.003125,0.020370370370370372
1,0.11354166666666667,0.040740740740740744,0.004166666666666667,0.018518518518518517
1,0.11692708333333333,0.040740740740740744,0.0036458333333333334,0.022222222222222223
2,0.15677083333333333,0.026851851851851852,0.004166666666666667,0.011111111111111112
1,0.16276041666666666,0.02638888888888889,0.0036458333333333334,0.01574074074074074
2,0.16901041666666666,0.027314814814814816,0.0046875,0.012037037037037037
10,0.21640625,0.03194444444444444,0.009895833333333333,0.013888888888888888
0,0.30625,0.020833333333333332,0.07291666666666667,0.03981481481481482
4,0.5536458333333333,0.2037037037037037,0.028125,0.04814814814814815
