5,0.17395833333333333,0.612037037037037,0.052083333333333336,0.12777777777777777
10,0.09817708333333333,0.36435185185185187,0.009895833333333333,0.032407407407407406
1,0.06796875,0.2967592592592593,0.008854166666666666,0.03425925925925926
10,0.059895833333333336,0.30694444444444446,0.013541666666666667,0.026851851851851852
7,0.075,0.29768518518518516,0.027083333333333334,0.025
7,0.0734375,0.2833333333333333,0.030208333333333334,0.027777777777777776
4,0.3015625,0.49444444444444446,0.036458333333333336,0.09814814814814815
4,0.378125,0.6731481481481482,0.04479166666666667,0.07037037037037037
4,0.3723958333333333,0.5611111111111111,0.03854166666666667,0.10185185185185185
4,0.36484375,0.4324074074074074,0.030729166666666665,0.07037037037037037
4,0.35911458333333335,0.3560185185185185,0.024479166666666666,0.05092592592592592
5,0.36171875,0.2773148148148148,0.022395833333333334,0.041666666666666664
4,0.3971354166666667,0.26481481481481484,0.0203125,0.03518518518518519
6,0.52578125,0.29259259259259257,0.050520833333333334,0.08148148148148149
1,0.5265625,0.24675925925925926,0.007291666666666667,0.025
1,0.53359375,0.2439814814814815,0.005729166666666666,0.025
1,0.5052083333333334,0.18611111111111112,0.005208333333333333,0.024074074074074074
2,0.33307291666666666,0.16574074074074074,0.005729166666666666,0.018518518518518517
2,0.33515625,0.16620370370370371,0.0036458333333333334,0.012037037037037037
10,0.3338541666666667,0.1699074074074074,0.010416666666666666,0.01574074074074074
5,0.46197916666666666,0.15694444444444444,0.03229166666666667,0.026851851851851852
5,0.5,0.1425925925925926,0.03333333333333333,0.025925925925925925
5,0.53046875,0.13472222222222222,0.025520833333333333,0.019444444444444445
4,0.5359375,0.10462962962962963,0.027083333333333334,0.018518518518518517
1,0.5677083333333334,0.11203703703703703,0.003125,0.020370370370370372
1,0.5809895833333333,0.11388888888888889,0.0036458333333333334,0.016666666666666666
2,0.5755208333333334,0.1162037037037037,0.003125,0.006481481481481481
0,0.5674479166666667,0.09398148148148149,0.034895833333333334,0.01574074074074074
5,0.6098958333333333,0.11388888888888889,0.028125,0.020370370370370372
4,0.6822916666666666,0.16111111111111112,0.03125,0.025925925925925925
10,0.69453125,0.09537037037037037,0.0078125,0.011111111111111112
1,0.6963541666666667,0.10648148148148148,0.0020833333333333333,0.011111111111111112
1,0.70078125,0.10648148148148148,0.0026041666666666665,0.012962962962962963
4,0.6934895833333333,0.11481481481481481,0.0296875,0.020370370370370372
0,0.6541666666666667,0.10555555555555556,0.023958333333333335,0.03148148148148148
10,0.5044270833333333,0.08796296296296297,0.009895833333333333,0.011111111111111112
10,0.5119791666666667,0.09074074074074075,0.004166666666666667,0.011111111111111112
3,0.5184895833333333,0.09166666666666666,0.0036458333333333334,0.011111111111111112
10,0.5223958333333333,0.09351851851851851,0.005208333333333333,0.012962962962962963
10,0.5268229166666667,0.09212962962962963,0.0036458333333333334,0.012037037037037037
10,0.53359375,0.09212962962962963,0.0067708333333333336,0.010185185185185186
5,0.48802083333333335,0.10601851851851851,0.019791666666666666,0.019444444444444445
5,0.46927083333333336,0.10787037037037037,0.021875,0.021296296296296296
1,0.4671875,0.09444444444444444,0.003125,0.014814814814814815
5,0.4747395833333333,0.10138888888888889,0.021354166666666667,0.019444444444444445
4,0.46536458333333336,0.09444444444444444,0.0234375,0.016666666666666666
4,0.45546875,0.08981481481481482,0.021354166666666667,0.016666666666666666
2,0.4401041666666667,0.1111111111111111,0.003125,0.018518518518518517
2,0.44296875,0.10972222222222222,0.0015625,0.012037037037037037
10,0.4393229166666667,0.11342592592592593,0.0109375,0.012037037037037037
4,0.4453125,0.08101851851851852,0.021875,0.01574074074074074
0,0.46796875,0.07361111111111111,0.021354166666666667,0.013888888888888888
0,0.47760416666666666,0.0824074074074074,0.014583333333333334,0.005555555555555556
0,0.45234375,0.05324074074074074,0.018229166666666668,0.013888888888888888
4,0.43802083333333336,0.07685185185185185,0.019791666666666666,0.014814814814814815
1,0.41796875,0.10092592592592593,0.0046875,0.016666666666666666
1,0.41770833333333335,0.09907407407407408,0.003125,0.016666666666666666
5,0.43072916666666666,0.07222222222222222,0.017708333333333333,0.018518518518518517
4,0.42135416666666664,0.07037037037037037,0.011458333333333333,0.012962962962962963
5,0.4200520833333333,0.059722222222222225,0.008854166666666666,0.01574074074074074
4,0.4390625,0.06296296296296296,0.019791666666666666,0.012962962962962963
5,0.4317708333333333,0.056018518518518516,0.010416666666666666,0.01574074074074074
0,0.43802083333333336,0.037037037037037035,0.021875,0.014814814814814815
5,0.39166666666666666,0.10277777777777777,0.019791666666666666,0.020370370370370372
2,0.32838541666666665,0.10416666666666667,0.0046875,0.01574074074074074
10,0.32890625,0.10972222222222222,0.008854166666666666,0.012037037037037037
4,0.33203125,0.0837962962962963,0.009895833333333333,0.017592592592592594
1,0.353125,0.09444444444444444,0.004166666666666667,0.014814814814814815
1,0.35989583333333336,0.09305555555555556,0.004166666666666667,0.017592592592592594
4,0.3546875,0.0837962962962963,0.010416666666666666,0.01574074074074074
4,0.3619791666666667,0.06805555555555555,0.009375,0.01574074074074074
5,0.36640625,0.043055555555555555,0.0078125,0.012037037037037037
1,0.38125,0.059722222222222225,0.0020833333333333333,0.012037037037037037
1,0.3828125,0.0587962962962963,0.0020833333333333333,0.013888888888888888
4,0.40078125,0.05416666666666667,0.0078125,0.012037037037037037
1,0.4088541666666667,0.04027777777777778,0.0020833333333333333,0.013888888888888888
7,0.4119791666666667,0.040740740740740744,0.005208333333333333,0.011111111111111112
2,0.4109375,0.03796296296296296,0.0020833333333333333,0.005555555555555556
5,0.4158854166666667,0.016666666666666666,0.0078125,0.012962962962962963
4,0.4125,0.006481481481481481,0.005208333333333333,0.007407407407407408
2,0.26796875,0.12962962962962962,0.0046875,0.018518518518518517
10,0.26796875,0.1337962962962963,0.009895833333333333,0.013888888888888888
2,0.28619791666666666,0.10972222222222222,0.0046875,0.013888888888888888
10,0.2864583333333333,0.11388888888888889,0.009375,0.012962962962962963
1,0.2838541666666667,0.08981481481481482,0.003125,0.016666666666666666
1,0.28567708333333336,0.09166666666666666,0.0036458333333333334,0.016666666666666666
4,0.24348958333333334,0.09398148148148149,0.024479166666666666,0.019444444444444445
4,0.1875,0.1449074074074074,0.035416666666666666,0.021296296296296296
1,0.17578125,0.13518518518518519,0.0026041666666666665,0.020370370370370372
2,0.19166666666666668,0.09444444444444444,0.005208333333333333,0.012962962962962963
10,0.1921875,0.09907407407407408,0.007291666666666667,0.011111111111111112
1,0.19817708333333334,0.0824074074074074,0.0036458333333333334,0.016666666666666666
6,0.19583333333333333,0.07361111111111111,0.025,0.025
1,0.2171875,0.06620370370370371,0.003125,0.01574074074074074
1,0.22552083333333334,0.0699074074074074,0.003125,0.013888888888888888
1,0.22734375,0.07037037037037037,0.0026041666666666665,0.014814814814814815
1,0.23046875,0.07175925925925926,0.0026041666666666665,0.01574074074074074
1,0.234375,0.07268518518518519,0.003125,0.01574074074074074
1,0.23489583333333333,0.07083333333333333,0.0020833333333333333,0.01574074074074074
1,0.23619791666666667,0.07222222222222222,0.0026041666666666665,0.012962962962962963
10,0.24322916666666666,0.0763888888888889,0.00625,0.010185185185185186
4,0.19947916666666668,0.038425925925925926,0.0125,0.013888888888888888
2,0.31171875,0.04722222222222222,0.0036458333333333334,0.012962962962962963
10,0.31145833333333334,0.05,0.003125,0.009259259259259259
2,0.2791666666666667,0.05277777777777778,0.003125,0.011111111111111112
10,0.2791666666666667,0.05694444444444444,0.004166666666666667,0.010185185185185186
4,0.2747395833333333,0.04490740740740741,0.011979166666666667,0.013888888888888888
1,0.28411458333333334,0.024074074074074074,0.0015625,0.011111111111111112
5,0.35208333333333336,0.011574074074074073,0.005208333333333333,0.008333333333333333
2,0.3692708333333333,0.01898148148148148,0.0020833333333333333,0.008333333333333333
3,0.3692708333333333,0.021296296296296296,0.0020833333333333333,0.007407407407407408
10,0.11640625,0.36157407407407405,0.0078125,0.03796296296296296
7,0.01640625,0.4083333333333333,0.0328125,0.03333333333333333
4,0.13828125,0.3143518518518518,0.0265625,0.049074074074074076
5,0.16067708333333333,0.28055555555555556,0.025520833333333333,0.04814814814814815
1,0.20494791666666667,0.25462962962962965,0.0046875,0.02962962962962963
1,0.20859375,0.2523148148148148,0.008854166666666666,0.026851851851851852
2,0.2234375,0.2300925925925926,0.007291666666666667,0.019444444444444445
2,0.22838541666666667,0.2388888888888889,0.005729166666666666,0.018518518518518517
7,0.22578125,0.2449074074074074,0.0140625,0.028703703703703703
2,0.15442708333333333,0.22361111111111112,0.0067708333333333336,0.021296296296296296
10,0.15546875,0.2310185185185185,0.0078125,0.021296296296296296
5,0.11848958333333333,0.2800925925925926,0.027604166666666666,0.05277777777777778
4,0.1171875,0.24537037037037038,0.05,0.040740740740740744
7,0.09322916666666667,0.23657407407407408,0.03333333333333333,0.030555555555555555
4,0.0875,0.2212962962962963,0.030208333333333334,0.03888888888888889
0,0.029427083333333333,0.22962962962962963,0.0578125,0.09259259259259259
1,0.040364583333333336,0.27870370370370373,0.0078125,0.03148148148148148
2,0.06744791666666666,0.20879629629629629,0.0046875,0.013888888888888888
4,0.07708333333333334,0.19907407407407407,0.036458333333333336,0.03888888888888889
4,0.075,0.1675925925925926,0.0375,0.025925925925925925
4,0.07708333333333334,0.14444444444444443,0.036458333333333336,0.024074074074074074
4,0.009635416666666667,0.09861111111111111,0.019270833333333334,0.019444444444444445
5,0.07317708333333334,0.09675925925925925,0.033854166666666664,0.023148148148148147
5,0.14817708333333332,0.125,0.0296875,0.022222222222222223
4,0.15104166666666666,0.09953703703703703,0.026041666666666668,0.019444444444444445
1,0.14973958333333334,0.08657407407407407,0.005729166666666666,0.017592592592592594
5,0.14895833333333333,0.0837962962962963,0.026041666666666668,0.023148148148148147
4,0.11588541666666667,0.10046296296296296,0.0296875,0.019444444444444445
1,0.12682291666666667,0.07083333333333333,0.0036458333333333334,0.01574074074074074
1,0.13802083333333334,0.07175925925925926,0.004166666666666667,0.013888888888888888
5,0.23489583333333333,0.05694444444444444,0.015625,0.01574074074074074
4,0.22864583333333333,0.04953703703703704,0.021875,0.01574074074074074
