4,0.303125,0.6402777777777777,0.051041666666666666,0.1361111111111111
4,0.25494791666666666,0.5106481481481482,0.04739583333333333,0.08981481481481482
4,0.12942708333333333,0.4675925925925926,0.0609375,0.09259259259259259
4,0.084375,0.6537037037037037,0.08645833333333333,0.10925925925925926
4,0.37135416666666665,0.20416666666666666,0.017708333333333333,0.03611111111111111
4,0.33098958333333334,0.1884259259259259,0.019270833333333334,0.028703703703703703
4,0.35911458333333335,0.15231481481481482,0.015104166666666667,0.025
4,0.34479166666666666,0.125,0.014583333333333334,0.018518518518518517
4,0.38203125,0.12685185185185185,0.0140625,0.022222222222222223
4,0.4049479166666667,0.12222222222222222,0.011979166666666667,0.020370370370370372
5,0.38776041666666666,0.10740740740740741,0.013020833333333334,0.024074074074074074
4,0.36640625,0.09166666666666666,0.009895833333333333,0.016666666666666666
4,0.3497395833333333,0.10231481481481482,0.009895833333333333,0.017592592592592594
4,0.3578125,0.07083333333333333,0.007291666666666667,0.01574074074074074
4,0.4236979166666667,0.21805555555555556,0.018229166666666668,0.03425925925925926
4,0.42942708333333335,0.2490740740740741,0.021354166666666667,0.03888888888888889
4,0.38125,0.05555555555555555,0.00625,0.011111111111111112
4,0.3703125,0.05277777777777778,0.00625,0.011111111111111112
4,0.3575520833333333,0.059722222222222225,0.005729166666666666,0.010185185185185186
4,0.35911458333333335,0.05138888888888889,0.0067708333333333336,0.012037037037037037
4,0.359375,0.04259259259259259,0.00625,0.009259259259259259
4,0.3294270833333333,0.08425925925925926,0.0109375,0.018518518518518517
4,0.33359375,0.041666666666666664,0.0067708333333333336,0.011111111111111112
4,0.33098958333333334,0.05324074074074074,0.0067708333333333336,0.012037037037037037
4,0.32708333333333334,0.06620370370370371,0.008333333333333333,0.012037037037037037
4,0.32317708333333334,0.07175925925925926,0.0078125,0.017592592592592594
4,0.3177083333333333,0.07777777777777778,0.009375,0.016666666666666666
4,0.31276041666666665,0.08842592592592592,0.009895833333333333,0.01574074074074074
4,0.3078125,0.09861111111111111,0.011458333333333333,0.017592592592592594
4,0.29661458333333335,0.11712962962962963,0.015104166666666667,0.025
4,0.2903645833333333,0.16064814814814815,0.018229166666666668,0.028703703703703703
4,0.2643229166666667,0.1824074074074074,0.019270833333333334,0.03333333333333333
4,0.25807291666666665,0.25092592592592594,0.0265625,0.044444444444444446
4,0.23229166666666667,0.23981481481481481,0.030208333333333334,0.04259259259259259
9,0.23229166666666667,0.17222222222222222,0.041666666666666664,0.08148148148148149
9,0.24296875,0.12314814814814815,0.028645833333333332,0.053703703703703705
4,0.2791666666666667,0.14305555555555555,0.01875,0.030555555555555555
4,0.278125,0.11851851851851852,0.014583333333333334,0.020370370370370372
4,0.26145833333333335,0.1125,0.013541666666666667,0.021296296296296296
4,0.2677083333333333,0.10046296296296296,0.015625,0.017592592592592594
4,0.28854166666666664,0.09722222222222222,0.0125,0.020370370370370372
4,0.29635416666666664,0.08842592592592592,0.010416666666666666,0.021296296296296296
4,0.3020833333333333,0.08009259259259259,0.010416666666666666,0.019444444444444445
4,0.30364583333333334,0.07453703703703704,0.009375,0.017592592592592594
4,0.3111979166666667,0.06759259259259259,0.0078125,0.016666666666666666
4,0.31171875,0.06018518518518518,0.0078125,0.014814814814814815
4,0.31953125,0.05185185185185185,0.005729166666666666,0.012962962962962963
4,0.321875,0.04675925925925926,0.005208333333333333,0.012037037037037037
4,0.32421875,0.03888888888888889,0.005729166666666666,0.011111111111111112
9,0.28359375,0.07685185185185185,0.022395833333333334,0.03888888888888889
9,0.29296875,0.059722222222222225,0.018229166666666668,0.030555555555555555
9,0.3072916666666667,0.03981481481481482,0.014583333333333334,0.03518518518518519
4,0.19765625,0.1912037037037037,0.024479166666666666,0.03611111111111111
4,0.17395833333333333,0.22083333333333333,0.027083333333333334,0.03796296296296296
4,0.15651041666666668,0.24814814814814815,0.03697916666666667,0.037037037037037035
4,0.18177083333333333,0.2689814814814815,0.03333333333333333,0.03981481481481482
1,0.13203125,0.26944444444444443,0.0171875,0.06851851851851852
1,0.11354166666666667,0.30787037037037035,0.014583333333333334,0.06759259259259259
1,0.30234375,0.29907407407407405,0.016145833333333335,0.07037037037037037
1,0.3067708333333333,0.2962962962962963,0.015625,0.06666666666666667
1,0.3888020833333333,0.32222222222222224,0.021354166666666667,0.07592592592592592
1,0.38567708333333334,0.30925925925925923,0.0265625,0.07037037037037037
4,0.34765625,0.2791666666666667,0.025520833333333333,0.049074074074074076
4,0.3145833333333333,0.2791666666666667,0.023958333333333335,0.05462962962962963
1,0.4434895833333333,0.3013888888888889,0.0234375,0.06018518518518518
1,0.5260416666666666,0.3138888888888889,0.01875,0.06481481481481481
1,0.56953125,0.3138888888888889,0.0109375,0.06481481481481481
1,0.5786458333333333,0.30833333333333335,0.013541666666666667,0.07222222222222222
1,0.4583333333333333,0.35694444444444445,0.01875,0.06388888888888888
1,0.46197916666666666,0.34444444444444444,0.014583333333333334,0.07592592592592592
1,0.4158854166666667,0.5055555555555555,0.0140625,0.044444444444444446
10,0.4161458333333333,0.5162037037037037,0.013541666666666667,0.05092592592592592
1,0.4390625,0.4736111111111111,0.011458333333333333,0.028703703703703703
1,0.43854166666666666,0.4638888888888889,0.0125,0.03148148148148148
10,0.43854166666666666,0.4736111111111111,0.014583333333333334,0.04351851851851852
1,0.503125,0.4981481481481482,0.0125,0.053703703703703705
3,0.51796875,0.5282407407407408,0.0328125,0.030555555555555555
1,0.07578125,0.10648148148148148,0.0046875,0.020370370370370372
1,0.07760416666666667,0.13472222222222222,0.00625,0.023148148148148147
1,0.071875,0.13472222222222222,0.00625,0.023148148148148147
1,0.08671875,0.13425925925925927,0.005729166666666666,0.024074074074074074
1,0.1109375,0.10925925925925926,0.004166666666666667,0.020370370370370372
1,0.11744791666666667,0.10740740740740741,0.005729166666666666,0.018518518518518517
1,0.15651041666666668,0.10092592592592593,0.0036458333333333334,0.016666666666666666
1,0.16223958333333333,0.09953703703703703,0.0036458333333333334,0.017592592592592594
1,0.15572916666666667,0.09537037037037037,0.004166666666666667,0.016666666666666666
1,0.13567708333333334,0.11064814814814815,0.0067708333333333336,0.019444444444444445
1,0.12942708333333333,0.10833333333333334,0.0046875,0.020370370370370372
1,0.13255208333333332,0.11064814814814815,0.0046875,0.019444444444444445
1,0.14557291666666666,0.13472222222222222,0.005729166666666666,0.019444444444444445
3,0.14583333333333334,0.1412037037037037,0.007291666666666667,0.013888888888888888
1,0.15390625,0.15648148148148147,0.005729166666666666,0.024074074074074074
1,0.16927083333333334,0.1527777777777778,0.005208333333333333,0.024074074074074074
1,0.17734375,0.14675925925925926,0.005729166666666666,0.023148148148148147
1,0.18958333333333333,0.1337962962962963,0.005208333333333333,0.023148148148148147
1,0.21536458333333333,0.08611111111111111,0.0036458333333333334,0.016666666666666666
1,0.21145833333333333,0.09305555555555556,0.004166666666666667,0.017592592592592594
1,0.20208333333333334,0.10185185185185185,0.004166666666666667,0.016666666666666666
1,0.19453125,0.09722222222222222,0.0036458333333333334,0.016666666666666666
1,0.18411458333333333,0.09583333333333334,0.0036458333333333334,0.019444444444444445
1,0.17421875,0.10231481481481482,0.0036458333333333334,0.017592592592592594
1,0.17239583333333333,0.09953703703703703,0.003125,0.01574074074074074
1,0.18203125,0.12777777777777777,0.005729166666666666,0.018518518518518517
1,0.2078125,0.12314814814814815,0.004166666666666667,0.016666666666666666
1,0.121875,0.19768518518518519,0.005208333333333333,0.026851851851851852
1,0.11067708333333333,0.1787037037037037,0.0067708333333333336,0.020370370370370372
1,0.10104166666666667,0.1884259259259259,0.007291666666666667,0.023148148148148147
1,0.058333333333333334,0.17962962962962964,0.00625,0.025925925925925925
1,0.03723958333333333,0.2175925925925926,0.008854166666666666,0.037037037037037035
1,0.028645833333333332,0.21666666666666667,0.008333333333333333,0.037037037037037035
1,0.020833333333333332,0.22083333333333333,0.009375,0.03425925925925926
2,0.0578125,0.21851851851851853,0.00625,0.025925925925925925
3,0.0578125,0.23055555555555557,0.0125,0.020370370370370372
1,0.07578125,0.20046296296296295,0.0067708333333333336,0.028703703703703703
1,0.07447916666666667,0.19722222222222222,0.007291666666666667,0.03148148148148148
10,0.0921875,0.18055555555555555,0.010416666666666666,0.016666666666666666
1,0.09010416666666667,0.1726851851851852,0.00625,0.021296296296296296
1,0.09401041666666667,0.1736111111111111,0.0067708333333333336,0.017592592592592594
1,0.11666666666666667,0.23333333333333334,0.007291666666666667,0.03333333333333333
1,0.12239583333333333,0.2222222222222222,0.00625,0.027777777777777776
0,0.1359375,0.20462962962962963,0.014583333333333334,0.024074074074074074
1,0.15651041666666668,0.19722222222222222,0.0067708333333333336,0.02962962962962963
0,0.16510416666666666,0.18101851851851852,0.010416666666666666,0.013888888888888888
1,0.09192708333333334,0.21898148148148147,0.005729166666666666,0.028703703703703703
1,0.096875,0.2199074074074074,0.00625,0.028703703703703703
1,0.1,0.21296296296296297,0.00625,0.027777777777777776
1,0.10442708333333334,0.21296296296296297,0.0067708333333333336,0.027777777777777776
1,0.027864583333333335,0.2574074074074074,0.008854166666666666,0.03888888888888889
1,0.0953125,0.2564814814814815,0.005208333333333333,0.03333333333333333
1,0.09114583333333333,0.2523148148148148,0.005208333333333333,0.032407407407407406
1,0.06979166666666667,0.2574074074074074,0.007291666666666667,0.037037037037037035
1,0.0546875,0.26342592592592595,0.008333333333333333,0.03981481481481482
1,0.027083333333333334,0.33055555555555555,0.019791666666666666,0.06851851851851852
1,0.008072916666666667,0.26064814814814813,0.016145833333333335,0.06574074074074074
1,0.18203125,0.14907407407407408,0.0046875,0.020370370370370372
1,0.18255208333333334,0.1439814814814815,0.0036458333333333334,0.019444444444444445
1,0.2015625,0.12731481481481483,0.004166666666666667,0.019444444444444445
1,0.21223958333333334,0.11666666666666667,0.0046875,0.022222222222222223
1,0.178125,0.1125,0.004166666666666667,0.013888888888888888
1,0.1875,0.1111111111111111,0.005208333333333333,0.014814814814814815
3,0.19375,0.11296296296296296,0.004166666666666667,0.012962962962962963
3,0.18723958333333332,0.11712962962962963,0.005729166666666666,0.012037037037037037
10,0.17838541666666666,0.11712962962962963,0.0046875,0.012037037037037037
3,0.11197916666666667,0.18564814814814815,0.007291666666666667,0.01574074074074074
3,0.10182291666666667,0.19583333333333333,0.009895833333333333,0.01574074074074074
4,0.03984375,0.3958333333333333,0.0765625,0.07314814814814814
4,0.027604166666666666,0.6277777777777778,0.05520833333333333,0.15
4,0.5236979166666667,0.19444444444444445,0.025520833333333333,0.040740740740740744
1,0.5104166666666666,0.1638888888888889,0.005208333333333333,0.024074074074074074
1,0.55078125,0.13518518518518519,0.0036458333333333334,0.018518518518518517
1,0.5572916666666666,0.12962962962962962,0.003125,0.020370370370370372
1,0.56171875,0.13055555555555556,0.0036458333333333334,0.020370370370370372
1,0.5520833333333334,0.12222222222222222,0.004166666666666667,0.018518518518518517
1,0.52734375,0.12037037037037036,0.0036458333333333334,0.020370370370370372
1,0.5247395833333334,0.12222222222222222,0.0036458333333333334,0.018518518518518517
1,0.5361979166666667,0.26064814814814813,0.0067708333333333336,0.03796296296296296
1,0.5299479166666666,0.25833333333333336,0.0078125,0.037037037037037035
1,0.5177083333333333,0.2449074074074074,0.00625,0.03425925925925926
1,0.5088541666666667,0.24074074074074073,0.00625,0.03333333333333333
1,0.5223958333333333,0.23472222222222222,0.005208333333333333,0.028703703703703703
1,0.5166666666666667,0.23842592592592593,0.005208333333333333,0.032407407407407406
1,0.5130208333333334,0.2310185185185185,0.004166666666666667,0.030555555555555555
1,0.5122395833333333,0.22268518518518518,0.0046875,0.026851851851851852
1,0.5080729166666667,0.21944444444444444,0.0046875,0.02962962962962963
1,0.5010416666666667,0.22361111111111112,0.005208333333333333,0.028703703703703703
1,0.49765625,0.21851851851851853,0.0046875,0.027777777777777776
1,0.50234375,0.20601851851851852,0.005729166666666666,0.026851851851851852
1,0.5143229166666666,0.20601851851851852,0.005729166666666666,0.026851851851851852
1,0.5348958333333333,0.22407407407407406,0.004166666666666667,0.027777777777777776
1,0.5458333333333333,0.2550925925925926,0.007291666666666667,0.03425925925925926
1,0.55234375,0.2564814814814815,0.005729166666666666,0.03333333333333333
1,0.5598958333333334,0.274537037037037,0.010416666666666666,0.04722222222222222
1,0.5705729166666667,0.2726851851851852,0.009895833333333333,0.03611111111111111
1,0.5442708333333334,0.20324074074074075,0.00625,0.025
1,0.5510416666666667,0.20601851851851852,0.00625,0.030555555555555555
1,0.53984375,0.22407407407407406,0.0036458333333333334,0.027777777777777776
1,0.54140625,0.23287037037037037,0.005729166666666666,0.030555555555555555
1,0.546875,0.22870370370370371,0.004166666666666667,0.03148148148148148
1,0.5346354166666667,0.2111111111111111,0.0036458333333333334,0.025925925925925925
1,0.5299479166666666,0.2111111111111111,0.0046875,0.025925925925925925
1,0.5768229166666666,0.125,0.005729166666666666,0.018518518518518517
1,0.58671875,0.13425925925925927,0.0026041666666666665,0.018518518518518517
1,0.5966145833333333,0.13055555555555556,0.0046875,0.020370370370370372
1,0.6020833333333333,0.1310185185185185,0.003125,0.017592592592592594
1,0.44479166666666664,0.25324074074074077,0.005208333333333333,0.030555555555555555
1,0.45,0.23796296296296296,0.007291666666666667,0.025925925925925925
1,0.45859375,0.274537037037037,0.0078125,0.03425925925925926
1,0.45546875,0.25462962962962965,0.0078125,0.03148148148148148
1,0.4744791666666667,0.23842592592592593,0.00625,0.030555555555555555
3,0.4708333333333333,0.2439814814814815,0.015625,0.019444444444444445
3,0.496875,0.23148148148148148,0.009375,0.018518518518518517
3,0.4890625,0.22777777777777777,0.009375,0.018518518518518517
11,0.44453125,0.20833333333333334,0.0067708333333333336,0.020370370370370372
3,0.4515625,0.20555555555555555,0.00625,0.020370370370370372
