1,0.09114583333333333,0.22592592592592592,0.010416666666666666,0.027777777777777776
1,0.071875,0.22361111111111112,0.009375,0.028703703703703703
0,0.014322916666666666,0.01990740740740741,0.028645833333333332,0.03796296296296296
1,0.04244791666666667,0.16111111111111112,0.009895833333333333,0.025925925925925925
1,0.046614583333333334,0.1587962962962963,0.0109375,0.030555555555555555
1,0.25885416666666666,0.36064814814814816,0.008333333333333333,0.030555555555555555
1,0.24609375,0.35324074074074074,0.0067708333333333336,0.026851851851851852
1,0.2421875,0.3337962962962963,0.007291666666666667,0.026851851851851852
1,0.3171875,0.3787037037037037,0.009375,0.03148148148148148
1,0.3971354166666667,0.42916666666666664,0.0140625,0.028703703703703703
1,0.40729166666666666,0.44027777777777777,0.014583333333333334,0.028703703703703703
1,0.46328125,0.3199074074074074,0.013020833333333334,0.030555555555555555
1,0.35572916666666665,0.30277777777777776,0.007291666666666667,0.03333333333333333
1,0.35104166666666664,0.29305555555555557,0.008333333333333333,0.028703703703703703
1,0.3028645833333333,0.2689814814814815,0.0078125,0.026851851851851852
1,0.28958333333333336,0.2657407407407407,0.010416666666666666,0.02962962962962963
1,0.3098958333333333,0.21712962962962962,0.007291666666666667,0.028703703703703703
1,0.4036458333333333,0.20277777777777778,0.010416666666666666,0.022222222222222223
1,0.49166666666666664,0.23287037037037037,0.011458333333333333,0.028703703703703703
1,0.45755208333333336,0.13240740740740742,0.008854166666666666,0.025925925925925925
1,0.37578125,0.18333333333333332,0.0078125,0.025925925925925925
1,0.3645833333333333,0.17314814814814813,0.007291666666666667,0.025925925925925925
1,0.41119791666666666,0.09305555555555556,0.008854166666666666,0.023148148148148147
1,0.41822916666666665,0.09537037037037037,0.008333333333333333,0.020370370370370372
1,0.35208333333333336,0.1,0.005208333333333333,0.024074074074074074
1,0.36354166666666665,0.07175925925925926,0.005208333333333333,0.013888888888888888
1,0.37994791666666666,0.05925925925925926,0.005729166666666666,0.018518518518518517
1,0.25390625,0.1962962962962963,0.005729166666666666,0.025925925925925925
1,0.28541666666666665,0.18333333333333332,0.00625,0.025925925925925925
1,0.2765625,0.16898148148148148,0.005208333333333333,0.023148148148148147
1,0.2903645833333333,0.1537037037037037,0.0046875,0.024074074074074074
1,0.2953125,0.13240740740740742,0.005208333333333333,0.024074074074074074
1,0.3111979166666667,0.12222222222222222,0.0046875,0.020370370370370372
1,0.3111979166666667,0.09675925925925925,0.005729166666666666,0.023148148148148147
1,0.33307291666666666,0.05416666666666667,0.005729166666666666,0.021296296296296296
1,0.24583333333333332,0.14537037037037037,0.005208333333333333,0.024074074074074074
1,0.2674479166666667,0.12314814814814815,0.0036458333333333334,0.022222222222222223
1,0.28671875,0.10092592592592593,0.0046875,0.020370370370370372
1,0.2986979166666667,0.08842592592592592,0.0046875,0.021296296296296296
1,0.3111979166666667,0.06296296296296296,0.0046875,0.020370370370370372
1,0.31927083333333334,0.03981481481481482,0.004166666666666667,0.018518518518518517
1,0.4322916666666667,0.04675925925925926,0.00625,0.017592592592592594
1,0.43697916666666664,0.04861111111111111,0.00625,0.017592592592592594
1,0.434375,0.006944444444444444,0.008333333333333333,0.013888888888888888
1,0.21953125,0.1439814814814815,0.0046875,0.023148148148148147
1,0.22994791666666667,0.13148148148148148,0.0036458333333333334,0.020370370370370372
1,0.23932291666666666,0.12083333333333333,0.0046875,0.019444444444444445
1,0.24322916666666666,0.10972222222222222,0.005208333333333333,0.019444444444444445
1,0.25390625,0.10092592592592593,0.0036458333333333334,0.024074074074074074
1,0.26276041666666666,0.08611111111111111,0.0046875,0.022222222222222223
1,0.27005208333333336,0.07916666666666666,0.0046875,0.017592592592592594
1,0.2786458333333333,0.06574074074074074,0.005208333333333333,0.020370370370370372
1,0.28515625,0.05555555555555555,0.0046875,0.020370370370370372
1,0.19973958333333333,0.1259259259259259,0.0046875,0.025925925925925925
1,0.21145833333333333,0.11435185185185186,0.004166666666666667,0.021296296296296296
1,0.22317708333333333,0.10138888888888889,0.005729166666666666,0.021296296296296296
1,0.23229166666666667,0.08842592592592592,0.004166666666666667,0.021296296296296296
1,0.24166666666666667,0.07824074074074074,0.004166666666666667,0.019444444444444445
1,0.25078125,0.0699074074074074,0.0046875,0.019444444444444445
1,0.2578125,0.059722222222222225,0.004166666666666667,0.017592592592592594
1,0.26979166666666665,0.05277777777777778,0.005208333333333333,0.011111111111111112
1,0.2674479166666667,0.031018518518518518,0.0036458333333333334,0.017592592592592594
1,0.2986979166666667,0.034722222222222224,0.005729166666666666,0.01574074074074074
1,0.29322916666666665,0.024537037037037038,0.004166666666666667,0.013888888888888888
1,0.2872395833333333,0.012037037037037037,0.0036458333333333334,0.020370370370370372
1,0.29192708333333334,0.010185185185185186,0.005729166666666666,0.018518518518518517
1,0.31015625,0.04537037037037037,0.0046875,0.014814814814814815
1,0.315625,0.024537037037037038,0.004166666666666667,0.013888888888888888
1,0.32005208333333335,0.025925925925925925,0.0046875,0.016666666666666666
1,0.3260416666666667,0.026851851851851852,0.005208333333333333,0.018518518518518517
1,0.3299479166666667,0.025925925925925925,0.005729166666666666,0.022222222222222223
1,0.21171875,0.062037037037037036,0.005729166666666666,0.022222222222222223
1,0.17291666666666666,0.062037037037037036,0.004166666666666667,0.022222222222222223
3,0.19609375,0.046296296296296294,0.011979166666666667,0.009259259259259259
1,0.07005208333333333,0.08148148148148149,0.008854166666666666,0.022222222222222223
1,0.05130208333333333,0.07962962962962963,0.005729166666666666,0.024074074074074074
1,0.05703125,0.07546296296296297,0.0078125,0.021296296296296296
1,0.04453125,0.06944444444444445,0.008854166666666666,0.020370370370370372
1,0.045572916666666664,0.06018518518518518,0.008854166666666666,0.018518518518518517
1,0.008333333333333333,0.052314814814814814,0.008333333333333333,0.019444444444444445
1,0.09348958333333333,0.05694444444444444,0.0078125,0.021296296296296296
1,0.06484375,0.047685185185185185,0.005729166666666666,0.021296296296296296
3,0.19973958333333333,0.02638888888888889,0.009895833333333333,0.010185185185185186
2,0.19947916666666668,0.020833333333333332,0.004166666666666667,0.012037037037037037
1,0.16588541666666667,0.0412037037037037,0.0046875,0.023148148148148147
1,0.15807291666666667,0.0375,0.0036458333333333334,0.021296296296296296
1,0.16171875,0.03981481481481482,0.0036458333333333334,0.022222222222222223
1,0.1859375,0.018055555555555554,0.005208333333333333,0.017592592592592594
2,0.18828125,0.0125,0.005729166666666666,0.010185185185185186
1,0.13541666666666666,0.040740740740740744,0.005208333333333333,0.018518518518518517
1,0.13072916666666667,0.041666666666666664,0.005208333333333333,0.020370370370370372
1,0.002864583333333333,0.06388888888888888,0.005729166666666666,0.020370370370370372
1,0.153125,0.012962962962962963,0.005208333333333333,0.016666666666666666
1,0.12526041666666668,0.03518518518518519,0.0046875,0.020370370370370372
1,0.12213541666666666,0.03333333333333333,0.0046875,0.020370370370370372
1,0.16458333333333333,0.006944444444444444,0.005208333333333333,0.013888888888888888
1,0.13411458333333334,0.006481481481481481,0.0046875,0.012962962962962963
1,0.11510416666666666,0.02638888888888889,0.007291666666666667,0.021296296296296296
1,0.12578125,0.0060185185185185185,0.0046875,0.012037037037037037
1,0.12005208333333334,0.008796296296296297,0.005729166666666666,0.017592592592592594
1,0.11484375,0.014351851851851852,0.005729166666666666,0.017592592592592594
1,0.10807291666666667,0.012037037037037037,0.0067708333333333336,0.014814814814814815
1,0.10520833333333333,0.033796296296296297,0.00625,0.019444444444444445
1,0.10546875,0.022222222222222223,0.005729166666666666,0.018518518518518517
2,0.10078125,0.034722222222222224,0.005729166666666666,0.012037037037037037
1,0.10052083333333334,0.009259259259259259,0.004166666666666667,0.018518518518518517
1,0.096875,0.01898148148148148,0.00625,0.023148148148148147
1,0.090625,0.01712962962962963,0.005208333333333333,0.021296296296296296
1,0.08463541666666667,0.012962962962962963,0.0067708333333333336,0.018518518518518517
1,0.07682291666666667,0.009722222222222222,0.0067708333333333336,0.017592592592592594
1,0.07057291666666667,0.00787037037037037,0.0067708333333333336,0.01574074074074074
1,0.06328125,0.005555555555555556,0.005729166666666666,0.011111111111111112
1,0.09505208333333333,0.03796296296296296,0.005729166666666666,0.018518518518518517
1,0.0921875,0.03611111111111111,0.005208333333333333,0.016666666666666666
1,0.0890625,0.04398148148148148,0.005208333333333333,0.017592592592592594
1,0.08880208333333334,0.03611111111111111,0.0067708333333333336,0.016666666666666666
1,0.08203125,0.03935185185185185,0.0046875,0.019444444444444445
1,0.08098958333333334,0.03287037037037037,0.005729166666666666,0.019444444444444445
1,0.07135416666666666,0.03009259259259259,0.007291666666666667,0.019444444444444445
1,0.06692708333333333,0.03148148148148148,0.0046875,0.018518518518518517
1,0.06171875,0.03611111111111111,0.0067708333333333336,0.016666666666666666
1,0.055989583333333336,0.033796296296296297,0.0067708333333333336,0.017592592592592594
1,0.054427083333333334,0.013888888888888888,0.005729166666666666,0.012962962962962963
1,0.05026041666666667,0.03194444444444444,0.005729166666666666,0.017592592592592594
1,0.047135416666666666,0.030555555555555555,0.005729166666666666,0.016666666666666666
1,0.0453125,0.014814814814814815,0.007291666666666667,0.014814814814814815
3,0.04114583333333333,0.03518518518518519,0.011458333333333333,0.012962962962962963
1,0.038802083333333334,0.03009259259259259,0.005729166666666666,0.01574074074074074
1,0.039322916666666666,0.024537037037037038,0.005729166666666666,0.01574074074074074
1,0.032552083333333336,0.02962962962962963,0.005729166666666666,0.018518518518518517
1,0.03359375,0.02175925925925926,0.0067708333333333336,0.017592592592592594
1,0.031510416666666666,0.04490740740740741,0.005729166666666666,0.012037037037037037
