4,0.16145833333333334,0.005092592592592593,0.008333333333333333,0.010185185185185186
4,0.14635416666666667,0.004629629629629629,0.007291666666666667,0.009259259259259259
4,0.14947916666666666,0.053703703703703705,0.009375,0.020370370370370372
4,0.17265625,0.03425925925925926,0.013020833333333334,0.016666666666666666
4,0.18984375,0.03287037037037037,0.011979166666666667,0.019444444444444445
4,0.25234375,0.08611111111111111,0.019270833333333334,0.018518518518518517
4,0.2296875,0.13472222222222222,0.029166666666666667,0.026851851851851852
4,0.28619791666666666,0.17083333333333334,0.025520833333333333,0.032407407407407406
5,0.259375,0.19675925925925927,0.023958333333333335,0.04722222222222222
5,0.2015625,0.027314814814814816,0.009375,0.017592592592592594
4,0.1703125,0.11481481481481481,0.03229166666666667,0.027777777777777776
4,0.22239583333333332,0.058333333333333334,0.015625,0.018518518518518517
4,0.2125,0.025,0.009375,0.012962962962962963
4,0.20390625,0.011574074074074073,0.008854166666666666,0.01574074074074074
5,0.21328125,0.014814814814814815,0.0140625,0.016666666666666666
5,0.2390625,0.04675925925925926,0.026041666666666668,0.023148148148148147
1,0.29140625,0.09398148148148149,0.0046875,0.023148148148148147
1,0.2635416666666667,0.07268518518518519,0.004166666666666667,0.017592592592592594
1,0.15052083333333333,0.026851851851851852,0.004166666666666667,0.018518518518518517
2,0.15963541666666667,0.06851851851851852,0.0046875,0.018518518518518517
2,0.19114583333333332,0.011574074074074073,0.003125,0.010185185185185186
2,0.28489583333333335,0.06805555555555555,0.005208333333333333,0.019444444444444445
2,0.2630208333333333,0.06342592592592593,0.004166666666666667,0.012037037037037037
1,0.25807291666666665,0.05787037037037037,0.0036458333333333334,0.019444444444444445
1,0.25625,0.05740740740740741,0.003125,0.016666666666666666
1,0.25442708333333336,0.04861111111111111,0.0036458333333333334,0.019444444444444445
2,0.26223958333333336,0.11481481481481481,0.0036458333333333334,0.016666666666666666
2,0.2596354166666667,0.11203703703703703,0.0036458333333333334,0.012962962962962963
2,0.24661458333333333,0.22870370370370371,0.005729166666666666,0.012962962962962963
2,0.24635416666666668,0.22407407407407406,0.007291666666666667,0.020370370370370372
2,0.14296875,0.2708333333333333,0.008854166666666666,0.026851851851851852
1,0.15833333333333333,0.1638888888888889,0.007291666666666667,0.03148148148148148
10,0.24661458333333333,0.23564814814814813,0.0067708333333333336,0.026851851851851852
10,0.25364583333333335,0.07175925925925926,0.0125,0.01574074074074074
10,0.23880208333333333,0.06805555555555555,0.011979166666666667,0.013888888888888888
10,0.16041666666666668,0.075,0.005208333333333333,0.016666666666666666
10,0.19140625,0.016666666666666666,0.0026041666666666665,0.011111111111111112
10,0.26796875,0.08101851851851852,0.0036458333333333334,0.01574074074074074
7,0.234375,0.06342592592592593,0.014583333333333334,0.012037037037037037
7,0.21875,0.03981481481481482,0.010416666666666666,0.011111111111111112
5,0.21692708333333333,0.03287037037037037,0.011979166666666667,0.017592592592592594
4,0.32057291666666665,0.2337962962962963,0.028645833333333332,0.03981481481481482
4,0.3606770833333333,0.33194444444444443,0.0359375,0.05277777777777778
4,0.41302083333333334,0.4842592592592593,0.05,0.08703703703703704
4,0.46432291666666664,0.6504629629629629,0.06614583333333333,0.11574074074074074
1,0.5830729166666667,0.6916666666666667,0.0067708333333333336,0.03333333333333333
1,0.5744791666666667,0.6861111111111111,0.016666666666666666,0.044444444444444446
2,0.5666666666666667,0.549537037037037,0.016666666666666666,0.030555555555555555
2,0.5950520833333334,0.49722222222222223,0.019270833333333334,0.044444444444444446
10,0.6375,0.487962962962963,0.03333333333333333,0.037037037037037035
7,0.5645833333333333,0.48333333333333334,0.052083333333333336,0.04259259259259259
1,0.69140625,0.31712962962962965,0.0067708333333333336,0.028703703703703703
10,0.6981770833333333,0.2574074074074074,0.016145833333333335,0.03148148148148148
4,0.69609375,0.29583333333333334,0.024479166666666666,0.049074074074074076
4,0.6161458333333333,0.2671296296296296,0.04479166666666667,0.04722222222222222
4,0.58203125,0.2175925925925926,0.034895833333333334,0.03518518518518519
4,0.5338541666666666,0.1361111111111111,0.042708333333333334,0.025925925925925925
4,0.5973958333333333,0.14166666666666666,0.036458333333333336,0.020370370370370372
1,0.5393229166666667,0.10231481481481482,0.005729166666666666,0.023148148148148147
10,0.5447916666666667,0.10694444444444444,0.011458333333333333,0.012037037037037037
4,0.4546875,0.15,0.036458333333333336,0.027777777777777776
4,0.4473958333333333,0.11666666666666667,0.036458333333333336,0.024074074074074074
4,0.4708333333333333,0.13472222222222222,0.0375,0.026851851851851852
7,0.37161458333333336,0.22962962962962963,0.011979166666666667,0.03518518518518519
7,0.36770833333333336,0.18101851851851852,0.027083333333333334,0.026851851851851852
7,0.375,0.1259259259259259,0.022916666666666665,0.018518518518518517
10,0.41822916666666665,0.11157407407407408,0.005208333333333333,0.017592592592592594
10,0.39921875,0.11296296296296296,0.0036458333333333334,0.020370370370370372
10,0.39557291666666666,0.1125,0.0046875,0.01574074074074074
1,0.41119791666666666,0.12731481481481483,0.0036458333333333334,0.023148148148148147
4,0.40651041666666665,0.1361111111111111,0.03802083333333333,0.024074074074074074
7,0.26328125,0.125,0.016145833333333335,0.024074074074074074
4,0.240625,0.30787037037037035,0.030208333333333334,0.06388888888888888
8,0.2546875,0.3768518518518518,0.022916666666666665,0.08888888888888889
1,0.21119791666666668,0.46944444444444444,0.008854166666666666,0.040740740740740744
2,0.321875,0.5212962962962963,0.0125,0.03333333333333333
2,0.3260416666666667,0.5111111111111111,0.013541666666666667,0.05
10,0.3255208333333333,0.5217592592592593,0.016666666666666666,0.04722222222222222
1,0.10625,0.4689814814814815,0.015625,0.05648148148148148
1,0.10130208333333333,0.49074074074074076,0.015104166666666667,0.05185185185185185
1,0.08541666666666667,0.49583333333333335,0.013541666666666667,0.05462962962962963
1,0.07473958333333333,0.4912037037037037,0.0109375,0.05462962962962963
1,0.09921875,0.4787037037037037,0.016145833333333335,0.05
2,0.09401041666666667,0.5018518518518519,0.0109375,0.037037037037037035
2,0.10546875,0.45925925925925926,0.0140625,0.03148148148148148
6,0.03411458333333333,0.5310185185185186,0.06822916666666666,0.06759259259259259
2,0.43385416666666665,0.287962962962963,0.011458333333333333,0.027777777777777776
2,0.4875,0.38657407407407407,0.013541666666666667,0.03425925925925926
1,0.4328125,0.3800925925925926,0.011458333333333333,0.05092592592592592
1,0.4388020833333333,0.34305555555555556,0.009895833333333333,0.04351851851851852
7,0.4518229166666667,0.3439814814814815,0.0234375,0.049074074074074076
