4,0.2140625,0.46944444444444444,0.059375,0.05
4,0.21614583333333334,0.4185185185185185,0.04791666666666667,0.03518518518518519
4,0.24869791666666666,0.36898148148148147,0.0203125,0.06759259259259259
4,0.29453125,0.26990740740740743,0.016145833333333335,0.03425925925925926
4,0.28098958333333335,0.23425925925925925,0.013020833333333334,0.024074074074074074
4,0.3111979166666667,0.24259259259259258,0.0171875,0.024074074074074074
4,0.2828125,0.14351851851851852,0.008333333333333333,0.012962962962962963
4,0.2734375,0.1375,0.008333333333333333,0.01574074074074074
0,0.271875,0.058333333333333334,0.05520833333333333,0.10925925925925926
4,0.35260416666666666,0.3476851851851852,0.042708333333333334,0.032407407407407406
4,0.34713541666666664,0.3194444444444444,0.04114583333333333,0.03333333333333333
4,0.39140625,0.44675925925925924,0.05572916666666667,0.049074074074074076
6,0.34453125,0.2851851851851852,0.043229166666666666,0.044444444444444446
5,0.2296875,0.3162037037037037,0.029166666666666667,0.030555555555555555
5,0.23697916666666666,0.2861111111111111,0.028125,0.02962962962962963
4,0.23697916666666666,0.2449074074074074,0.025,0.023148148148148147
1,0.21302083333333333,0.2916666666666667,0.00625,0.024074074074074074
4,0.23958333333333334,0.23055555555555557,0.029166666666666667,0.018518518518518517
4,0.2453125,0.19166666666666668,0.026041666666666668,0.014814814814814815
4,0.24583333333333332,0.18194444444444444,0.020833333333333332,0.013888888888888888
4,0.24817708333333333,0.1726851851851852,0.021354166666666667,0.012037037037037037
4,0.24661458333333333,0.16342592592592592,0.021354166666666667,0.010185185185185186
4,0.24635416666666668,0.15833333333333333,0.01875,0.011111111111111112
4,0.24791666666666667,0.15462962962962962,0.016666666666666666,0.009259259259259259
4,0.25,0.14675925925925926,0.016666666666666666,0.010185185185185186
4,0.25104166666666666,0.13194444444444445,0.017708333333333333,0.010185185185185186
4,0.25,0.14027777777777778,0.016666666666666666,0.010185185185185186
8,0.25286458333333334,0.12083333333333333,0.008854166666666666,0.010185185185185186
1,0.26953125,0.1587962962962963,0.0046875,0.01574074074074074
1,0.2703125,0.16111111111111112,0.0020833333333333333,0.011111111111111112
10,0.33229166666666665,0.24027777777777778,0.0125,0.013888888888888888
10,0.33958333333333335,0.225,0.010416666666666666,0.011111111111111112
4,0.30494791666666665,0.1449074074074074,0.018229166666666668,0.012037037037037037
4,0.2981770833333333,0.1300925925925926,0.0171875,0.010185185185185186
5,0.24192708333333332,0.21898148148148147,0.022395833333333334,0.01574074074074074
2,0.26901041666666664,0.2513888888888889,0.0036458333333333334,0.013888888888888888
10,0.26901041666666664,0.25833333333333336,0.0046875,0.014814814814814815
1,0.22916666666666666,0.17962962962962964,0.003125,0.014814814814814815
1,0.23307291666666666,0.16574074074074074,0.0026041666666666665,0.014814814814814815
1,0.23541666666666666,0.15138888888888888,0.003125,0.013888888888888888
