4,0.22005208333333334,0.2675925925925926,0.018229166666666668,0.03888888888888889
4,0.25234375,0.2708333333333333,0.021354166666666667,0.03796296296296296
2,0.29322916666666665,0.48564814814814816,0.014583333333333334,0.026851851851851852
2,0.13645833333333332,0.47685185185185186,0.013541666666666667,0.03888888888888889
2,0.15026041666666667,0.4203703703703704,0.013020833333333334,0.027777777777777776
2,0.14010416666666667,0.4722222222222222,0.009375,0.03148148148148148
10,0.1515625,0.4324074074074074,0.0125,0.027777777777777776
10,0.13515625,0.4875,0.0140625,0.025
4,0.21432291666666667,0.35509259259259257,0.0234375,0.06759259259259259
10,0.2375,0.39675925925925926,0.016666666666666666,0.03981481481481482
2,0.16536458333333334,0.3263888888888889,0.0078125,0.017592592592592594
10,0.165625,0.32731481481481484,0.0125,0.026851851851851852
2,0.26145833333333335,0.3060185185185185,0.007291666666666667,0.017592592592592594
7,0.26197916666666665,0.3162037037037037,0.0125,0.030555555555555555
1,0.35,0.45601851851851855,0.010416666666666666,0.03611111111111111
4,0.31979166666666664,0.3680555555555556,0.03333333333333333,0.0712962962962963
4,0.24817708333333333,0.2152777777777778,0.016145833333333335,0.026851851851851852
4,0.22473958333333333,0.22361111111111112,0.015104166666666667,0.03425925925925926
2,0.18984375,0.24814814814814815,0.0067708333333333336,0.014814814814814815
10,0.18984375,0.2564814814814815,0.0078125,0.018518518518518517
2,0.18125,0.2351851851851852,0.007291666666666667,0.014814814814814815
10,0.18177083333333333,0.24305555555555555,0.00625,0.017592592592592594
4,0.1328125,0.25092592592592594,0.04791666666666667,0.03333333333333333
2,0.19713541666666667,0.22592592592592592,0.0046875,0.018518518518518517
7,0.196875,0.23148148148148148,0.014583333333333334,0.027777777777777776
4,0.22473958333333333,0.19907407407407407,0.015104166666666667,0.027777777777777776
4,0.2265625,0.18425925925925926,0.013541666666666667,0.024074074074074074
4,0.24010416666666667,0.17592592592592593,0.011458333333333333,0.018518518518518517
4,0.2390625,0.14212962962962963,0.008333333333333333,0.013888888888888888
4,0.23880208333333333,0.12361111111111112,0.0078125,0.012037037037037037
4,0.225,0.15555555555555556,0.009375,0.024074074074074074
0,0.23463541666666668,0.09305555555555556,0.04114583333333333,0.03981481481481482
0,0.25807291666666665,0.14583333333333334,0.024479166666666666,0.062037037037037036
0,0.20260416666666667,0.15231481481481482,0.029166666666666667,0.07685185185185185
0,0.22369791666666666,0.12777777777777777,0.015104166666666667,0.027777777777777776
