0,0.203125,0.2935185185185185,0.026041666666666668,0.04814814814814815
0,0.2609375,0.20833333333333334,0.11666666666666667,0.06111111111111111
0,0.41015625,0.2310185185185185,0.1796875,0.03796296296296296
1,0.3731770833333333,0.3611111111111111,0.005729166666666666,0.020370370370370372
1,0.09921875,0.4162037037037037,0.0067708333333333336,0.025
1,0.08072916666666667,0.30648148148148147,0.004166666666666667,0.012962962962962963
1,0.08671875,0.3101851851851852,0.0036458333333333334,0.011111111111111112
1,0.18645833333333334,0.31851851851851853,0.004166666666666667,0.020370370370370372
10,0.17942708333333332,0.3773148148148148,0.015104166666666667,0.01574074074074074
2,0.19166666666666668,0.3680555555555556,0.004166666666666667,0.019444444444444445
1,0.23645833333333333,0.4074074074074074,0.005208333333333333,0.025925925925925925
2,0.22708333333333333,0.41064814814814815,0.007291666666666667,0.017592592592592594
1,0.22890625,0.39444444444444443,0.0046875,0.022222222222222223
8,0.25286458333333334,0.41064814814814815,0.0171875,0.041666666666666664
10,0.0171875,0.3300925925925926,0.0125,0.012037037037037037
10,0.017447916666666667,0.324537037037037,0.013020833333333334,0.010185185185185186
4,0.020572916666666666,0.30833333333333335,0.025520833333333333,0.022222222222222223
4,0.00546875,0.3138888888888889,0.0109375,0.024074074074074074
10,0.04739583333333333,0.2972222222222222,0.009375,0.009259259259259259
2,0.04739583333333333,0.29259259259259257,0.004166666666666667,0.011111111111111112
1,0.009895833333333333,0.29444444444444445,0.004166666666666667,0.012962962962962963
4,0.030989583333333334,0.2861111111111111,0.027604166666666666,0.016666666666666666
10,0.10338541666666666,0.28379629629629627,0.005729166666666666,0.013888888888888888
8,0.11484375,0.2814814814814815,0.008854166666666666,0.020370370370370372
10,0.0859375,0.2824074074074074,0.00625,0.011111111111111112
10,0.09557291666666666,0.2833333333333333,0.009895833333333333,0.012962962962962963
10,0.0921875,0.28194444444444444,0.005208333333333333,0.012037037037037037
1,0.134375,0.3,0.005208333333333333,0.016666666666666666
1,0.13359375,0.29398148148148145,0.0036458333333333334,0.01574074074074074
2,0.17395833333333333,0.3106481481481482,0.004166666666666667,0.010185185185185186
1,0.15364583333333334,0.29953703703703705,0.004166666666666667,0.017592592592592594
1,0.15963541666666667,0.30462962962962964,0.0036458333333333334,0.012962962962962963
1,0.16380208333333332,0.30092592592592593,0.0036458333333333334,0.016666666666666666
1,0.16848958333333333,0.30416666666666664,0.0036458333333333334,0.017592592592592594
1,0.16041666666666668,0.2962962962962963,0.003125,0.014814814814814815
1,0.16901041666666666,0.28888888888888886,0.0026041666666666665,0.016666666666666666
4,0.14609375,0.2671296296296296,0.015104166666666667,0.019444444444444445
5,0.16744791666666667,0.27314814814814814,0.0140625,0.022222222222222223
5,0.17369791666666667,0.2675925925925926,0.009895833333333333,0.014814814814814815
8,0.18072916666666666,0.25972222222222224,0.00625,0.017592592592592594
1,0.18723958333333332,0.25,0.0036458333333333334,0.012962962962962963
1,0.19375,0.2490740740740741,0.0020833333333333333,0.011111111111111112
10,0.2046875,0.24953703703703703,0.004166666666666667,0.010185185185185186
2,0.25703125,0.3675925925925926,0.005729166666666666,0.014814814814814815
2,0.23359375,0.3458333333333333,0.0036458333333333334,0.010185185185185186
2,0.23333333333333334,0.3425925925925926,0.005208333333333333,0.011111111111111112
1,0.23359375,0.33240740740740743,0.005729166666666666,0.020370370370370372
1,0.23541666666666666,0.30648148148148147,0.003125,0.018518518518518517
1,0.22369791666666666,0.31574074074074077,0.0026041666666666665,0.012962962962962963
2,0.22708333333333333,0.3175925925925926,0.004166666666666667,0.012962962962962963
1,0.28489583333333335,0.3212962962962963,0.003125,0.016666666666666666
1,0.2786458333333333,0.3194444444444444,0.003125,0.016666666666666666
1,0.27630208333333334,0.30833333333333335,0.0026041666666666665,0.018518518518518517
1,0.2421875,0.3101851851851852,0.0020833333333333333,0.011111111111111112
1,0.23984375,0.3050925925925926,0.0026041666666666665,0.01574074074074074
1,0.24114583333333334,0.29953703703703705,0.003125,0.01574074074074074
1,0.25338541666666664,0.2884259259259259,0.0036458333333333334,0.012037037037037037
1,0.24765625,0.2912037037037037,0.0026041666666666665,0.008333333333333333
1,0.24296875,0.2861111111111111,0.0026041666666666665,0.012962962962962963
2,0.22291666666666668,0.28935185185185186,0.004166666666666667,0.013888888888888888
2,0.21979166666666666,0.28703703703703703,0.0020833333333333333,0.011111111111111112
1,0.25833333333333336,0.2847222222222222,0.004166666666666667,0.01574074074074074
2,0.2591145833333333,0.2814814814814815,0.0015625,0.007407407407407408
1,0.24036458333333333,0.27037037037037037,0.0026041666666666665,0.012962962962962963
2,0.271875,0.28703703703703703,0.004166666666666667,0.011111111111111112
2,0.30234375,0.29907407407407405,0.0026041666666666665,0.009259259259259259
1,0.33489583333333334,0.31157407407407406,0.0020833333333333333,0.008333333333333333
2,0.2799479166666667,0.2884259259259259,0.0026041666666666665,0.012037037037037037
8,0.3026041666666667,0.42407407407407405,0.019791666666666666,0.03333333333333333
10,0.3255208333333333,0.4398148148148148,0.015625,0.025925925925925925
1,0.2989583333333333,0.45231481481481484,0.00625,0.026851851851851852
1,0.3067708333333333,0.4449074074074074,0.00625,0.023148148148148147
1,0.34765625,0.42453703703703705,0.0046875,0.017592592592592594
1,0.37005208333333334,0.44027777777777777,0.005729166666666666,0.028703703703703703
2,0.3619791666666667,0.45092592592592595,0.007291666666666667,0.018518518518518517
2,0.3684895833333333,0.46064814814814814,0.008854166666666666,0.021296296296296296
2,0.37994791666666666,0.4638888888888889,0.0078125,0.020370370370370372
1,0.41692708333333334,0.44027777777777777,0.0046875,0.025
1,0.42083333333333334,0.4361111111111111,0.00625,0.03148148148148148
1,0.42916666666666664,0.47638888888888886,0.008333333333333333,0.032407407407407406
1,0.43854166666666666,0.48194444444444445,0.005208333333333333,0.03425925925925926
1,0.45208333333333334,0.3902777777777778,0.009375,0.026851851851851852
1,0.41458333333333336,0.3726851851851852,0.005208333333333333,0.025
1,0.41119791666666666,0.37222222222222223,0.0026041666666666665,0.018518518518518517
1,0.4140625,0.3398148148148148,0.004166666666666667,0.020370370370370372
1,0.41015625,0.33611111111111114,0.0046875,0.018518518518518517
1,0.40729166666666666,0.3351851851851852,0.005208333333333333,0.018518518518518517
1,0.4671875,0.3976851851851852,0.00625,0.021296296296296296
2,0.47239583333333335,0.35833333333333334,0.007291666666666667,0.016666666666666666
1,0.4817708333333333,0.36203703703703705,0.007291666666666667,0.022222222222222223
1,0.49166666666666664,0.3509259259259259,0.007291666666666667,0.025925925925925925
1,0.48046875,0.3351851851851852,0.0046875,0.016666666666666666
2,0.29973958333333334,0.26805555555555555,0.0036458333333333334,0.012037037037037037
1,0.29661458333333335,0.2689814814814815,0.0026041666666666665,0.008333333333333333
1,0.2869791666666667,0.24768518518518517,0.003125,0.012037037037037037
1,0.29192708333333334,0.24675925925925926,0.0026041666666666665,0.012037037037037037
1,0.290625,0.24351851851851852,0.003125,0.011111111111111112
1,0.328125,0.2810185185185185,0.005208333333333333,0.019444444444444445
1,0.34088541666666666,0.30925925925925923,0.0036458333333333334,0.016666666666666666
1,0.34088541666666666,0.2986111111111111,0.0036458333333333334,0.023148148148148147
1,0.35546875,0.275,0.0026041666666666665,0.014814814814814815
1,0.4083333333333333,0.3074074074074074,0.003125,0.018518518518518517
1,0.40651041666666665,0.3111111111111111,0.0015625,0.009259259259259259
2,0.22265625,0.26666666666666666,0.0036458333333333334,0.009259259259259259
2,0.22552083333333334,0.26481481481481484,0.003125,0.009259259259259259
1,0.25677083333333334,0.2462962962962963,0.003125,0.012962962962962963
1,0.44557291666666665,0.30277777777777776,0.0026041666666666665,0.014814814814814815
1,0.4549479166666667,0.30787037037037035,0.0026041666666666665,0.013888888888888888
1,0.45677083333333335,0.3055555555555556,0.003125,0.018518518518518517
1,0.4627604166666667,0.30416666666666664,0.0026041666666666665,0.012037037037037037
1,0.4661458333333333,0.29953703703703705,0.004166666666666667,0.01574074074074074
1,0.37578125,0.3087962962962963,0.0015625,0.008333333333333333
1,0.3734375,0.30324074074074076,0.003125,0.017592592592592594
2,0.37057291666666664,0.30648148148148147,0.0046875,0.011111111111111112
1,0.3697916666666667,0.3037037037037037,0.003125,0.014814814814814815
1,0.3651041666666667,0.3023148148148148,0.003125,0.01574074074074074
1,0.3625,0.30694444444444446,0.004166666666666667,0.017592592592592594
1,0.36223958333333334,0.29814814814814816,0.0036458333333333334,0.016666666666666666
1,0.35859375,0.30092592592592593,0.0026041666666666665,0.009259259259259259
2,0.3453125,0.29444444444444445,0.003125,0.009259259259259259
1,0.35052083333333334,0.2912037037037037,0.003125,0.01574074074074074
1,0.38567708333333334,0.30324074074074076,0.0036458333333333334,0.01574074074074074
1,0.3828125,0.2972222222222222,0.003125,0.012962962962962963
2,0.39010416666666664,0.30185185185185187,0.003125,0.011111111111111112
1,0.3984375,0.2967592592592593,0.003125,0.017592592592592594
2,0.40130208333333334,0.2962962962962963,0.0036458333333333334,0.009259259259259259
1,0.3927083333333333,0.29305555555555557,0.0020833333333333333,0.010185185185185186
2,0.39427083333333335,0.2898148148148148,0.003125,0.011111111111111112
2,0.39505208333333336,0.2875,0.0026041666666666665,0.012037037037037037
1,0.39869791666666665,0.275,0.0026041666666666665,0.012962962962962963
1,0.4044270833333333,0.2712962962962963,0.0026041666666666665,0.012962962962962963
1,0.35052083333333334,0.26342592592592595,0.0020833333333333333,0.010185185185185186
1,0.3302083333333333,0.25972222222222224,0.0020833333333333333,0.010185185185185186
1,0.32838541666666665,0.2587962962962963,0.0026041666666666665,0.010185185185185186
1,0.3458333333333333,0.2625,0.003125,0.010185185185185186
1,0.34036458333333336,0.25972222222222224,0.0026041666666666665,0.012037037037037037
1,0.34322916666666664,0.2601851851851852,0.0020833333333333333,0.012962962962962963
2,0.4484375,0.28379629629629627,0.004166666666666667,0.010185185185185186
2,0.45677083333333335,0.2763888888888889,0.005208333333333333,0.008333333333333333
1,0.4432291666666667,0.26944444444444443,0.0020833333333333333,0.007407407407407408
1,0.44479166666666664,0.2671296296296296,0.003125,0.013888888888888888
2,0.4401041666666667,0.28055555555555556,0.004166666666666667,0.007407407407407408
2,0.4309895833333333,0.26666666666666666,0.0046875,0.009259259259259259
1,0.4283854166666667,0.25925925925925924,0.0036458333333333334,0.011111111111111112
1,0.42109375,0.2550925925925926,0.0036458333333333334,0.008333333333333333
1,0.41380208333333335,0.2708333333333333,0.0026041666666666665,0.008333333333333333
1,0.4125,0.26851851851851855,0.003125,0.011111111111111112
1,0.4109375,0.2652777777777778,0.003125,0.012037037037037037
1,0.38515625,0.2550925925925926,0.0026041666666666665,0.008333333333333333
1,0.40182291666666664,0.2574074074074074,0.0036458333333333334,0.009259259259259259
1,0.39609375,0.2564814814814815,0.0026041666666666665,0.011111111111111112
1,0.4940104166666667,0.27314814814814814,0.0046875,0.014814814814814815
1,0.48802083333333335,0.2689814814814815,0.004166666666666667,0.013888888888888888
2,0.490625,0.28888888888888886,0.003125,0.011111111111111112
2,0.48671875,0.2902777777777778,0.0036458333333333334,0.010185185185185186
2,0.48359375,0.287962962962963,0.0036458333333333334,0.011111111111111112
2,0.48046875,0.2847222222222222,0.0046875,0.008333333333333333
