1,0.17239583333333333,0.4236111111111111,0.011458333333333333,0.04722222222222222
1,0.18541666666666667,0.425462962962963,0.008333333333333333,0.041666666666666664
1,0.19140625,0.42592592592592593,0.008854166666666666,0.044444444444444446
11,0.09947916666666666,0.31712962962962965,0.059375,0.049074074074074076
6,0.07161458333333333,0.25277777777777777,0.03802083333333333,0.03148148148148148
6,0.09895833333333333,0.25416666666666665,0.025,0.030555555555555555
6,0.14427083333333332,0.24814814814814815,0.015625,0.024074074074074074
6,0.17057291666666666,0.2462962962962963,0.013020833333333334,0.022222222222222223
0,0.20729166666666668,0.2657407407407407,0.023958333333333335,0.009259259259259259
0,0.24010416666666667,0.5449074074074074,0.036458333333333336,0.032407407407407406
0,0.24583333333333332,0.5236111111111111,0.029166666666666667,0.028703703703703703
0,0.25364583333333335,0.5069444444444444,0.023958333333333335,0.030555555555555555
3,0.26223958333333336,0.4925925925925926,0.0265625,0.03333333333333333
3,0.31276041666666665,0.5916666666666667,0.034895833333333334,0.02962962962962963
3,0.31484375,0.5532407407407407,0.03177083333333333,0.023148148148148147
3,0.3234375,0.5185185185185185,0.028125,0.037037037037037035
10,0.31953125,0.49398148148148147,0.028645833333333332,0.032407407407407406
10,0.3299479166666667,0.42962962962962964,0.021354166666666667,0.025925925925925925
10,0.33255208333333336,0.3972222222222222,0.021354166666666667,0.024074074074074074
1,0.35078125,0.3449074074074074,0.005729166666666666,0.023148148148148147
1,0.36171875,0.3523148148148148,0.005729166666666666,0.023148148148148147
1,0.3765625,0.34629629629629627,0.005208333333333333,0.025925925925925925
1,0.37916666666666665,0.3486111111111111,0.004166666666666667,0.023148148148148147
1,0.3859375,0.34444444444444444,0.005208333333333333,0.024074074074074074
1,0.39505208333333336,0.3162037037037037,0.0036458333333333334,0.017592592592592594
1,0.39036458333333335,0.4583333333333333,0.0109375,0.046296296296296294
1,0.41901041666666666,0.45092592592592595,0.0067708333333333336,0.04259259259259259
1,0.43072916666666666,0.45092592592592595,0.00625,0.04259259259259259
1,0.44375,0.5092592592592593,0.008333333333333333,0.05185185185185185
1,0.4557291666666667,0.49583333333333335,0.009375,0.05648148148148148
1,0.47604166666666664,0.5097222222222222,0.011458333333333333,0.05277777777777778
1,0.49453125,0.525,0.0109375,0.053703703703703705
1,0.4875,0.49398148148148147,0.007291666666666667,0.04537037037037037
1,0.4942708333333333,0.49398148148148147,0.009375,0.041666666666666664
1,0.48046875,0.48518518518518516,0.008854166666666666,0.04814814814814815
1,0.47708333333333336,0.46805555555555556,0.010416666666666666,0.04537037037037037
1,0.48333333333333334,0.4587962962962963,0.00625,0.04722222222222222
1,0.46640625,0.4310185185185185,0.011979166666666667,0.03611111111111111
10,0.4515625,0.425462962962963,0.007291666666666667,0.026851851851851852
10,0.42239583333333336,0.36527777777777776,0.014583333333333334,0.021296296296296296
4,0.38046875,0.300462962962963,0.022395833333333334,0.01574074074074074
6,0.3807291666666667,0.28888888888888886,0.029166666666666667,0.018518518518518517
4,0.33255208333333336,0.28935185185185186,0.0203125,0.012037037037037037
