1,0.6080729166666666,0.39675925925925926,0.028645833333333332,0.062037037037037036
1,0.6286458333333333,0.3768518518518518,0.022916666666666665,0.05
1,0.5231770833333333,0.32175925925925924,0.018229166666666668,0.032407407407407406
1,0.48411458333333335,0.22407407407407406,0.0067708333333333336,0.014814814814814815
3,0.46041666666666664,0.22962962962962963,0.00625,0.009259259259259259
3,0.4596354166666667,0.2273148148148148,0.0067708333333333336,0.010185185185185186
3,0.4578125,0.22453703703703703,0.007291666666666667,0.010185185185185186
3,0.45677083333333335,0.22453703703703703,0.007291666666666667,0.008333333333333333
1,0.45859375,0.2175925925925926,0.0046875,0.007407407407407408
8,0.44557291666666665,0.2212962962962963,0.0036458333333333334,0.007407407407407408
2,0.44479166666666664,0.21944444444444444,0.0020833333333333333,0.003703703703703704
10,0.1765625,0.7805555555555556,0.014583333333333334,0.03333333333333333
2,0.17473958333333334,0.7782407407407408,0.008854166666666666,0.023148148148148147
4,0.32916666666666666,0.7638888888888888,0.057291666666666664,0.13333333333333333
6,0.14609375,0.9398148148148148,0.050520833333333334,0.06481481481481481
4,0.14348958333333334,0.9041666666666667,0.049479166666666664,0.10833333333333334
4,0.2125,0.7912037037037037,0.04479166666666667,0.10648148148148148
4,0.30234375,0.6652777777777777,0.03697916666666667,0.0824074074074074
4,0.24140625,0.6370370370370371,0.021354166666666667,0.046296296296296294
4,0.29765625,0.5606481481481481,0.019270833333333334,0.041666666666666664
4,0.30182291666666666,0.5222222222222223,0.015104166666666667,0.02962962962962963
1,0.35182291666666665,0.37962962962962965,0.0046875,0.009259259259259259
4,0.34479166666666666,0.3958333333333333,0.011458333333333333,0.01574074074074074
4,0.3768229166666667,0.4060185185185185,0.015104166666666667,0.028703703703703703
4,0.41432291666666665,0.35138888888888886,0.0140625,0.026851851851851852
4,0.3984375,0.36342592592592593,0.011458333333333333,0.023148148148148147
8,0.37994791666666666,0.32685185185185184,0.0046875,0.009259259259259259
4,0.38333333333333336,0.3148148148148148,0.004166666666666667,0.007407407407407408
4,0.428125,0.2884259259259259,0.007291666666666667,0.013888888888888888
4,0.41067708333333336,0.31203703703703706,0.008854166666666666,0.016666666666666666
4,0.39921875,0.32731481481481484,0.008854166666666666,0.017592592592592594
4,0.42109375,0.28888888888888886,0.0067708333333333336,0.014814814814814815
4,0.41796875,0.2847222222222222,0.005729166666666666,0.012037037037037037
4,0.40546875,0.30462962962962964,0.0067708333333333336,0.012962962962962963
4,0.41171875,0.2824074074074074,0.0046875,0.007407407407407408
4,0.4044270833333333,0.26990740740740743,0.0046875,0.006481481481481481
4,0.39817708333333335,0.2810185185185185,0.0036458333333333334,0.002777777777777778
4,0.41692708333333334,0.2708333333333333,0.005729166666666666,0.010185185185185186
4,0.43359375,0.25046296296296294,0.0046875,0.008333333333333333
4,0.42578125,0.25925925925925924,0.0046875,0.009259259259259259
4,0.42994791666666665,0.2490740740740741,0.0036458333333333334,0.007407407407407408
4,0.43203125,0.23981481481481481,0.0036458333333333334,0.007407407407407408
4,0.42239583333333336,0.25324074074074077,0.003125,0.006481481481481481
4,0.4192708333333333,0.2518518518518518,0.004166666666666667,0.005555555555555556
4,0.42682291666666666,0.24351851851851852,0.0036458333333333334,0.007407407407407408
4,0.4234375,0.2449074074074074,0.003125,0.006481481481481481
4,0.42526041666666664,0.24074074074074073,0.0036458333333333334,0.005555555555555556
4,0.4283854166666667,0.2351851851851852,0.0036458333333333334,0.005555555555555556
4,0.42864583333333334,0.23055555555555557,0.004166666666666667,0.003703703703703704
4,0.43359375,0.22361111111111112,0.0026041666666666665,0.004629629629629629
4,0.6127604166666667,0.022222222222222223,0.025520833333333333,0.037037037037037035
4,0.5611979166666666,0.1,0.0234375,0.03518518518518519
4,0.6046875,0.029166666666666667,0.016666666666666666,0.026851851851851852
4,0.6005208333333333,0.034722222222222224,0.015625,0.025
4,0.5950520833333334,0.0412037037037037,0.015104166666666667,0.025
4,0.5864583333333333,0.04675925925925926,0.01875,0.028703703703703703
4,0.5817708333333333,0.05138888888888889,0.0125,0.021296296296296296
5,0.5729166666666666,0.060648148148148145,0.013541666666666667,0.028703703703703703
4,0.56875,0.06666666666666667,0.013541666666666667,0.024074074074074074
1,0.5544270833333333,0.08564814814814815,0.005729166666666666,0.010185185185185186
4,0.5651041666666666,0.06620370370370371,0.014583333333333334,0.026851851851851852
4,0.5567708333333333,0.10185185185185185,0.019791666666666666,0.03518518518518519
4,0.5515625,0.1037037037037037,0.016666666666666666,0.03148148148148148
4,0.546875,0.10833333333333334,0.016666666666666666,0.03148148148148148
4,0.5447916666666667,0.1111111111111111,0.016666666666666666,0.03148148148148148
4,0.5411458333333333,0.11296296296296296,0.016666666666666666,0.03148148148148148
4,0.5364583333333334,0.11574074074074074,0.016666666666666666,0.03148148148148148
4,0.5348958333333333,0.11851851851851852,0.016666666666666666,0.03148148148148148
4,0.5322916666666667,0.1175925925925926,0.016666666666666666,0.03148148148148148
4,0.5291666666666667,0.11944444444444445,0.016666666666666666,0.03148148148148148
4,0.5244791666666667,0.12638888888888888,0.016666666666666666,0.026851851851851852
4,0.5223958333333333,0.1287037037037037,0.016666666666666666,0.027777777777777776
