1,0.23046875,0.3902777777777778,0.005729166666666666,0.019444444444444445
4,0.3380208333333333,0.3384259259259259,0.016666666666666666,0.025
4,0.41510416666666666,0.37083333333333335,0.017708333333333333,0.030555555555555555
4,0.41796875,0.43333333333333335,0.021354166666666667,0.03888888888888889
4,0.46901041666666665,0.41805555555555557,0.0171875,0.03981481481481482
4,0.4557291666666667,0.5069444444444444,0.023958333333333335,0.03796296296296296
4,0.48359375,0.48935185185185187,0.025520833333333333,0.03981481481481482
4,0.50078125,0.4078703703703704,0.033854166666666664,0.030555555555555555
1,0.5145833333333333,0.41388888888888886,0.004166666666666667,0.018518518518518517
4,0.5041666666666667,0.5388888888888889,0.027083333333333334,0.053703703703703705
10,0.5075520833333333,0.47314814814814815,0.0078125,0.020370370370370372
10,0.5169270833333334,0.4583333333333333,0.0067708333333333336,0.014814814814814815
10,0.5341145833333333,0.4513888888888889,0.0067708333333333336,0.017592592592592594
4,0.5463541666666667,0.7069444444444445,0.040625,0.075
4,0.6234375,0.6773148148148148,0.0375,0.06944444444444445
7,0.6776041666666667,0.6773148148148148,0.023958333333333335,0.028703703703703703
1,0.66953125,0.6666666666666666,0.0036458333333333334,0.022222222222222223
1,0.6755208333333333,0.6305555555555555,0.003125,0.024074074074074074
4,0.7239583333333334,0.6208333333333333,0.05,0.03425925925925926
4,0.77109375,0.5939814814814814,0.0484375,0.041666666666666664
10,0.7247395833333333,0.7273148148148149,0.011979166666666667,0.026851851851851852
4,0.6130208333333333,0.9527777777777777,0.04895833333333333,0.08888888888888889
4,0.5463541666666667,0.961574074074074,0.041666666666666664,0.0712962962962963
