4,0.3802083333333333,0.7685185185185185,0.059375,0.06666666666666667
4,0.28671875,0.7680555555555556,0.0390625,0.06944444444444445
4,0.3072916666666667,0.6990740740740741,0.03125,0.06111111111111111
4,0.32838541666666665,0.6157407407407407,0.019270833333333334,0.04259259259259259
4,0.3416666666666667,0.55,0.014583333333333334,0.027777777777777776
4,0.14635416666666667,0.65,0.035416666666666666,0.04814814814814815
4,0.04114583333333333,0.788425925925926,0.06458333333333334,0.09351851851851851
4,0.020052083333333335,0.6518518518518519,0.025520833333333333,0.046296296296296294
4,0.3572916666666667,0.4875,0.013541666666666667,0.01574074074074074
5,0.38203125,0.7199074074074074,0.050520833333333334,0.04722222222222222
4,0.3875,0.6884259259259259,0.04583333333333333,0.03425925925925926
4,0.39505208333333336,0.6476851851851851,0.0515625,0.032407407407407406
4,0.4083333333333333,0.6199074074074075,0.04375,0.026851851851851852
4,0.40859375,0.5962962962962963,0.04114583333333333,0.025925925925925925
4,0.41015625,0.5824074074074074,0.030729166666666665,0.024074074074074074
4,0.41328125,0.5694444444444444,0.0328125,0.02962962962962963
4,0.3984375,0.5513888888888889,0.036458333333333336,0.025
5,0.39921875,0.5328703703703703,0.030729166666666665,0.028703703703703703
4,0.3171875,0.6592592592592592,0.028125,0.04259259259259259
4,0.0859375,0.5847222222222223,0.03333333333333333,0.03425925925925926
4,0.12552083333333333,0.5578703703703703,0.01875,0.03981481481481482
0,0.40546875,0.4375,0.0140625,0.08981481481481482
0,0.37994791666666666,0.4023148148148148,0.011979166666666667,0.03796296296296296
4,0.35885416666666664,0.47638888888888886,0.016666666666666666,0.013888888888888888
4,0.3609375,0.46805555555555556,0.016666666666666666,0.013888888888888888
4,0.36354166666666665,0.4597222222222222,0.016666666666666666,0.013888888888888888
4,0.36354166666666665,0.4532407407407407,0.016666666666666666,0.013888888888888888
4,0.3651041666666667,0.4476851851851852,0.016666666666666666,0.013888888888888888
4,0.37005208333333334,0.44351851851851853,0.013020833333333334,0.012962962962962963
4,0.37109375,0.43703703703703706,0.013020833333333334,0.012962962962962963
4,0.37135416666666665,0.43148148148148147,0.0125,0.012962962962962963
4,0.3372395833333333,0.48194444444444445,0.013020833333333334,0.019444444444444445
4,0.34375,0.47129629629629627,0.009375,0.014814814814814815
4,0.3484375,0.4583333333333333,0.009375,0.014814814814814815
4,0.34739583333333335,0.5287037037037037,0.016666666666666666,0.02962962962962963
4,0.3533854166666667,0.5143518518518518,0.0171875,0.023148148148148147
4,0.40598958333333335,0.524074074074074,0.027604166666666666,0.018518518518518517
4,0.41067708333333336,0.5157407407407407,0.027604166666666666,0.018518518518518517
4,0.40078125,0.5074074074074074,0.027604166666666666,0.018518518518518517
4,0.40130208333333334,0.49907407407407406,0.027604166666666666,0.018518518518518517
4,0.3151041666666667,0.5472222222222223,0.016666666666666666,0.024074074074074074
4,0.29401041666666666,0.5666666666666667,0.019270833333333334,0.02962962962962963
4,0.2703125,0.5981481481481481,0.019791666666666666,0.037037037037037035
4,0.29192708333333334,0.6032407407407407,0.021354166666666667,0.03611111111111111
4,0.32421875,0.5277777777777778,0.0140625,0.022222222222222223
4,0.3302083333333333,0.512962962962963,0.013541666666666667,0.020370370370370372
4,0.29192708333333334,0.44166666666666665,0.011979166666666667,0.018518518518518517
4,0.34401041666666665,0.40925925925925927,0.0078125,0.009259259259259259
4,0.3385416666666667,0.3972222222222222,0.007291666666666667,0.009259259259259259
4,0.3299479166666667,0.39490740740740743,0.0067708333333333336,0.010185185185185186
4,0.31588541666666664,0.39351851851851855,0.0078125,0.009259259259259259
4,0.2942708333333333,0.4185185185185185,0.009375,0.012962962962962963
4,0.28411458333333334,0.4300925925925926,0.008854166666666666,0.012037037037037037
4,0.24427083333333333,0.4699074074074074,0.013541666666666667,0.021296296296296296
4,0.22057291666666667,0.49537037037037035,0.016145833333333335,0.025925925925925925
4,0.1359375,0.5370370370370371,0.028125,0.03333333333333333
4,0.15572916666666667,0.5175925925925926,0.028125,0.03333333333333333
4,0.17682291666666666,0.5046296296296297,0.021354166666666667,0.027777777777777776
4,0.20520833333333333,0.48148148148148145,0.014583333333333334,0.024074074074074074
4,0.21875,0.47314814814814815,0.014583333333333334,0.024074074074074074
4,0.24869791666666666,0.44722222222222224,0.0171875,0.014814814814814815
4,0.25286458333333334,0.44074074074074077,0.0171875,0.014814814814814815
4,0.26015625,0.43425925925925923,0.0171875,0.014814814814814815
5,0.29401041666666666,0.4050925925925926,0.0140625,0.013888888888888888
1,0.013020833333333334,0.6277777777777778,0.009375,0.02962962962962963
4,0.10364583333333334,0.6569444444444444,0.041666666666666664,0.05462962962962963
4,0.1046875,0.6990740740740741,0.04583333333333333,0.06481481481481481
4,0.026822916666666665,0.7453703703703703,0.05364583333333333,0.08148148148148149
2,0.23671875,0.4949074074074074,0.0036458333333333334,0.010185185185185186
11,0.23776041666666667,0.5,0.0078125,0.016666666666666666
0,0.33697916666666666,0.3449074074074074,0.017708333333333333,0.019444444444444445
0,0.33098958333333334,0.37037037037037035,0.008854166666666666,0.016666666666666666
0,0.35989583333333336,0.362962962962963,0.009375,0.022222222222222223
4,0.33958333333333335,0.3800925925925926,0.004166666666666667,0.008333333333333333
4,0.3450520833333333,0.3768518518518518,0.0046875,0.007407407407407408
4,0.34296875,0.3592592592592593,0.0036458333333333334,0.005555555555555556
4,0.3458333333333333,0.3685185185185185,0.003125,0.005555555555555556
4,0.33932291666666664,0.3685185185185185,0.0026041666666666665,0.005555555555555556
4,0.34088541666666666,0.37222222222222223,0.0036458333333333334,0.005555555555555556
1,0.4276041666666667,0.4842592592592593,0.004166666666666667,0.016666666666666666
1,0.43854166666666666,0.48842592592592593,0.004166666666666667,0.017592592592592594
1,0.428125,0.538425925925926,0.004166666666666667,0.019444444444444445
1,0.43645833333333334,0.5347222222222222,0.005208333333333333,0.021296296296296296
3,0.434375,0.5393518518518519,0.005208333333333333,0.019444444444444445
1,0.42994791666666665,0.4527777777777778,0.0036458333333333334,0.014814814814814815
1,0.42265625,0.4199074074074074,0.0026041666666666665,0.010185185185185186
10,0.42734375,0.4439814814814815,0.0036458333333333334,0.010185185185185186
1,0.415625,0.4152777777777778,0.0020833333333333333,0.010185185185185186
1,0.4244791666666667,0.7699074074074074,0.008333333333333333,0.04351851851851852
11,0.37109375,0.8092592592592592,0.028645833333333332,0.03888888888888889
3,0.45703125,0.6865740740740741,0.0203125,0.023148148148148147
3,0.45026041666666666,0.7226851851851852,0.0140625,0.030555555555555555
1,0.36875,0.888425925925926,0.0125,0.05277777777777778
1,0.2677083333333333,0.8527777777777777,0.011458333333333333,0.05185185185185185
2,0.26953125,0.8430555555555556,0.0067708333333333336,0.021296296296296296
1,0.4830729166666667,0.9199074074074074,0.015104166666666667,0.049074074074074076
1,0.503125,0.8796296296296297,0.0125,0.05185185185185185
1,0.5200520833333333,0.8439814814814814,0.011979166666666667,0.05277777777777778
1,0.5143229166666666,0.9462962962962963,0.0109375,0.05185185185185185
1,0.5401041666666667,0.9291666666666667,0.0125,0.05277777777777778
1,0.45625,0.9564814814814815,0.010416666666666666,0.02962962962962963
1,0.53671875,0.9518518518518518,0.011979166666666667,0.03888888888888889
3,0.24583333333333332,0.924537037037037,0.025,0.030555555555555555
1,0.3255208333333333,0.961574074074074,0.013541666666666667,0.021296296296296296
10,0.3729166666666667,0.9055555555555556,0.035416666666666666,0.044444444444444446
