4,0.4046875,0.6199074074074075,0.017708333333333333,0.062037037037037036
4,0.27369791666666665,0.6657407407407407,0.018229166666666668,0.06111111111111111
4,0.2734375,0.5236111111111111,0.015625,0.05092592592592592
5,0.31354166666666666,0.5231481481481481,0.016666666666666666,0.06666666666666667
4,0.30833333333333335,0.3486111111111111,0.015625,0.062037037037037036
4,0.26458333333333334,0.2523148148148148,0.016666666666666666,0.05462962962962963
4,0.2833333333333333,0.262037037037037,0.015625,0.06111111111111111
4,0.3059895833333333,0.25324074074074077,0.016145833333333335,0.06018518518518518
6,0.32734375,0.262037037037037,0.0171875,0.06851851851851852
9,0.35963541666666665,0.14212962962962963,0.024479166666666666,0.16944444444444445
1,0.471875,0.12268518518518519,0.004166666666666667,0.012037037037037037
1,0.46380208333333334,0.10787037037037037,0.0046875,0.01574074074074074
1,0.45677083333333335,0.08935185185185185,0.004166666666666667,0.01574074074074074
1,0.45364583333333336,0.08518518518518518,0.005208333333333333,0.018518518518518517
1,0.46510416666666665,0.06435185185185185,0.005208333333333333,0.013888888888888888
1,0.4713541666666667,0.06851851851851852,0.004166666666666667,0.016666666666666666
1,0.4752604166666667,0.06944444444444445,0.0046875,0.018518518518518517
5,0.5877604166666667,0.11481481481481481,0.033854166666666664,0.027777777777777776
6,0.5328125,0.10972222222222222,0.05520833333333333,0.041666666666666664
4,0.5122395833333333,0.07824074074074074,0.0359375,0.030555555555555555
9,0.5700520833333333,0.07546296296296297,0.050520833333333334,0.03611111111111111
4,0.15364583333333334,0.11064814814814815,0.034375,0.026851851851851852
4,0.014322916666666666,0.07314814814814814,0.028645833333333332,0.025925925925925925
