4,0.14192708333333334,0.09675925925925925,0.005729166666666666,0.008333333333333333
4,0.14791666666666667,0.06712962962962964,0.004166666666666667,0.006481481481481481
10,0.14557291666666666,0.10231481481481482,0.0026041666666666665,0.008333333333333333
4,0.17838541666666666,0.22037037037037038,0.0109375,0.009259259259259259
5,0.1625,0.1310185185185185,0.017708333333333333,0.021296296296296296
5,0.15885416666666666,0.10972222222222222,0.020833333333333332,0.019444444444444445
5,0.1671875,0.1527777777777778,0.015625,0.018518518518518517
4,0.22786458333333334,0.13194444444444445,0.005729166666666666,0.010185185185185186
5,0.23072916666666668,0.11712962962962963,0.005208333333333333,0.010185185185185186
0,0.22213541666666667,0.12037037037037036,0.0036458333333333334,0.007407407407407408
5,0.21197916666666666,0.020370370370370372,0.005208333333333333,0.012962962962962963
4,0.21510416666666668,0.03425925925925926,0.003125,0.005555555555555556
4,0.24817708333333333,0.044444444444444446,0.0026041666666666665,0.003703703703703704
4,0.24270833333333333,0.04351851851851852,0.003125,0.003703703703703704
1,0.18255208333333334,0.8805555555555555,0.0067708333333333336,0.020370370370370372
4,0.20286458333333332,0.8699074074074075,0.0234375,0.06944444444444445
5,0.47552083333333334,0.6972222222222222,0.029166666666666667,0.06111111111111111
5,0.30625,0.10277777777777777,0.005208333333333333,0.007407407407407408
4,0.28125,0.13703703703703704,0.005208333333333333,0.009259259259259259
10,0.2916666666666667,0.13287037037037036,0.0020833333333333333,0.002777777777777778
2,0.2903645833333333,0.1310185185185185,0.0015625,0.004629629629629629
5,0.2794270833333333,0.2574074074074074,0.009895833333333333,0.022222222222222223
9,0.30390625,0.28055555555555556,0.0234375,0.05185185185185185
4,0.2838541666666667,0.24212962962962964,0.008333333333333333,0.01574074074074074
4,0.34817708333333336,0.1875,0.0036458333333333334,0.006481481481481481
6,0.56953125,0.33611111111111114,0.0421875,0.05
10,0.48359375,0.40555555555555556,0.0067708333333333336,0.012962962962962963
2,0.48359375,0.4046296296296296,0.0036458333333333334,0.011111111111111112
5,0.39140625,0.4976851851851852,0.019270833333333334,0.03981481481481482
4,0.31145833333333334,0.32916666666666666,0.011458333333333333,0.021296296296296296
4,0.3260416666666667,0.15231481481481482,0.011458333333333333,0.008333333333333333
