1,0.11770833333333333,0.3675925925925926,0.01875,0.053703703703703705
1,0.146875,0.25462962962962965,0.011458333333333333,0.05
4,0.2565104166666667,0.30185185185185187,0.0359375,0.09259259259259259
4,0.2669270833333333,0.22175925925925927,0.0328125,0.08055555555555556
4,0.21666666666666667,0.2800925925925926,0.04479166666666667,0.10277777777777777
4,0.23645833333333333,0.18287037037037038,0.03333333333333333,0.0712962962962963
4,0.2515625,0.12129629629629629,0.028125,0.05740740740740741
4,0.2234375,0.09166666666666666,0.025,0.05925925925925926
4,0.26197916666666665,0.07222222222222222,0.022916666666666665,0.040740740740740744
4,0.2677083333333333,0.03287037037037037,0.023958333333333335,0.03981481481481482
5,0.23177083333333334,0.046296296296296294,0.022916666666666665,0.053703703703703705
4,0.3848958333333333,0.022685185185185187,0.022916666666666665,0.04351851851851852
4,0.4200520833333333,0.03194444444444444,0.024479166666666666,0.041666666666666664
4,0.3958333333333333,0.0763888888888889,0.025,0.04537037037037037
4,0.39765625,0.12962962962962962,0.030729166666666665,0.053703703703703705
9,0.45260416666666664,0.1625,0.0625,0.18796296296296297
4,0.47994791666666664,0.34074074074074073,0.044270833333333336,0.1
4,0.42890625,0.0837962962962963,0.0203125,0.03981481481481482
9,0.465625,0.016666666666666666,0.036458333333333336,0.03333333333333333
4,0.5294270833333333,0.22175925925925927,0.03697916666666667,0.06388888888888888
4,0.5580729166666667,0.3037037037037037,0.0546875,0.08888888888888889
4,0.5934895833333333,0.40046296296296297,0.05572916666666667,0.10092592592592593
4,0.55390625,0.4527777777777778,0.058854166666666666,0.1259259259259259
4,0.63671875,0.5643518518518519,0.08177083333333333,0.1638888888888889
4,0.69296875,0.7953703703703704,0.07135416666666666,0.21851851851851853
1,0.3684895833333333,0.48564814814814816,0.019270833333333334,0.06018518518518518
1,0.27239583333333334,0.6842592592592592,0.016666666666666666,0.06111111111111111
1,0.25338541666666664,0.6782407407407407,0.0171875,0.06018518518518518
1,0.26171875,0.6212962962962963,0.016145833333333335,0.06851851851851852
4,0.18125,0.8356481481481481,0.07916666666666666,0.2601851851851852
4,0.24140625,0.43333333333333335,0.059895833333333336,0.14629629629629629
4,0.19479166666666667,0.375,0.04479166666666667,0.12777777777777777
3,0.13776041666666666,0.4583333333333333,0.04010416666666667,0.037037037037037035
3,0.08802083333333334,0.6129629629629629,0.075,0.17962962962962964
10,0.007291666666666667,0.6166666666666667,0.014583333333333334,0.06296296296296296
10,0.02109375,0.5875,0.022395833333333334,0.06944444444444445
