4,0.07421875,0.14537037037037037,0.034895833333333334,0.06481481481481481
4,0.014583333333333334,0.13518518518518519,0.029166666666666667,0.06296296296296296
4,0.030208333333333334,0.075,0.036458333333333336,0.05740740740740741
4,0.05182291666666667,0.014351851851851852,0.033854166666666664,0.028703703703703703
5,0.019791666666666666,0.38333333333333336,0.03958333333333333,0.10555555555555556
5,0.03958333333333333,0.28703703703703703,0.04583333333333333,0.09074074074074075
1,0.12994791666666666,0.42685185185185187,0.0171875,0.040740740740740744
1,0.15364583333333334,0.37037037037037035,0.0125,0.027777777777777776
1,0.3028645833333333,0.45740740740740743,0.011979166666666667,0.03148148148148148
1,0.265625,0.4041666666666667,0.010416666666666666,0.028703703703703703
1,0.27890625,0.3902777777777778,0.0109375,0.03425925925925926
1,0.30494791666666665,0.3875,0.0109375,0.030555555555555555
1,0.3216145833333333,0.4023148148148148,0.0067708333333333336,0.028703703703703703
1,0.3140625,0.3625,0.011458333333333333,0.03611111111111111
1,0.2890625,0.37453703703703706,0.008333333333333333,0.028703703703703703
1,0.28098958333333335,0.32546296296296295,0.009895833333333333,0.030555555555555555
1,0.45859375,0.3787037037037037,0.009895833333333333,0.02962962962962963
1,0.4859375,0.3625,0.014583333333333334,0.041666666666666664
1,0.4401041666666667,0.36157407407407405,0.010416666666666666,0.04351851851851852
1,0.4231770833333333,0.32175925925925924,0.009895833333333333,0.03796296296296296
1,0.43255208333333334,0.29953703703703705,0.0078125,0.03425925925925926
1,0.49296875,0.34305555555555556,0.008854166666666666,0.032407407407407406
1,0.47630208333333335,0.31851851851851853,0.008854166666666666,0.03333333333333333
1,0.45286458333333335,0.3472222222222222,0.008854166666666666,0.03518518518518519
1,0.446875,0.33194444444444443,0.008333333333333333,0.030555555555555555
1,0.4591145833333333,0.33611111111111114,0.005729166666666666,0.02962962962962963
1,0.4640625,0.3351851851851852,0.007291666666666667,0.03148148148148148
1,0.4518229166666667,0.30462962962962964,0.015104166666666667,0.03148148148148148
1,0.4356770833333333,0.2740740740740741,0.0078125,0.03148148148148148
1,0.45286458333333335,0.2675925925925926,0.008854166666666666,0.037037037037037035
1,0.46119791666666665,0.3189814814814815,0.0109375,0.025
1,0.4627604166666667,0.30972222222222223,0.0078125,0.025
1,0.23984375,0.5287037037037037,0.009895833333333333,0.02962962962962963
1,0.26588541666666665,0.5356481481481481,0.009895833333333333,0.028703703703703703
1,0.28854166666666664,0.5425925925925926,0.015625,0.040740740740740744
1,0.2869791666666667,0.5226851851851851,0.008333333333333333,0.021296296296296296
1,0.30833333333333335,0.5268518518518519,0.008333333333333333,0.027777777777777776
1,0.2986979166666667,0.5203703703703704,0.0109375,0.03333333333333333
1,0.34869791666666666,0.5083333333333333,0.0078125,0.02962962962962963
1,0.3377604166666667,0.1587962962962963,0.0078125,0.03425925925925926
1,0.3645833333333333,0.12638888888888888,0.008333333333333333,0.023148148148148147
1,0.37578125,0.12129629629629629,0.009895833333333333,0.03148148148148148
1,0.42291666666666666,0.11296296296296296,0.011458333333333333,0.03518518518518519
1,0.4283854166666667,0.11157407407407408,0.005729166666666666,0.030555555555555555
1,0.5591145833333333,0.10092592592592593,0.0067708333333333336,0.025925925925925925
1,0.6919270833333333,0.014814814814814815,0.0046875,0.024074074074074074
1,0.4158854166666667,0.04537037037037037,0.008854166666666666,0.022222222222222223
0,0.5255208333333333,0.024537037037037038,0.08541666666666667,0.03425925925925926
1,0.07864583333333333,0.487962962962963,0.023958333333333335,0.03888888888888889
