4,0.0671875,0.5388888888888889,0.040625,0.02962962962962963
4,0.2203125,0.524537037037037,0.03958333333333333,0.030555555555555555
4,0.5591145833333333,0.4703703703703704,0.04010416666666667,0.02962962962962963
4,0.6122395833333333,0.47685185185185186,0.04010416666666667,0.03148148148148148
4,0.6721354166666667,0.4759259259259259,0.043229166666666666,0.027777777777777776
4,0.3421875,0.19768518518518519,0.017708333333333333,0.062037037037037036
10,0.3145833333333333,0.19907407407407407,0.008333333333333333,0.03518518518518519
10,0.32109375,0.38287037037037036,0.0067708333333333336,0.03425925925925926
10,0.29635416666666664,0.44722222222222224,0.017708333333333333,0.014814814814814815
10,0.3971354166666667,0.5773148148148148,0.0067708333333333336,0.028703703703703703
10,0.4375,0.5217592592592593,0.016666666666666666,0.01574074074074074
10,0.44479166666666664,0.5435185185185185,0.017708333333333333,0.014814814814814815
10,0.7119791666666667,0.5370370370370371,0.020833333333333332,0.014814814814814815
10,0.6184895833333334,0.44212962962962965,0.0203125,0.01574074074074074
10,0.53203125,0.5194444444444445,0.0171875,0.012962962962962963
10,0.540625,0.4462962962962963,0.01875,0.014814814814814815
10,0.378125,0.7791666666666667,0.007291666666666667,0.03425925925925926
10,0.3546875,0.825925925925926,0.009375,0.02962962962962963
10,0.2921875,0.6268518518518519,0.008333333333333333,0.02962962962962963
10,0.30442708333333335,0.5550925925925926,0.013020833333333334,0.01574074074074074
4,0.32708333333333334,0.7666666666666667,0.01875,0.06851851851851852
4,0.31953125,0.8541666666666666,0.0171875,0.06574074074074074
4,0.3734375,0.7013888888888888,0.01875,0.0712962962962963
4,0.40078125,0.762962962962963,0.016145833333333335,0.06666666666666667
6,0.4002604166666667,0.9138888888888889,0.0234375,0.11666666666666667
5,0.36744791666666665,0.5078703703703704,0.016145833333333335,0.058333333333333334
3,0.46901041666666665,0.4648148148148148,0.013020833333333334,0.011111111111111112
3,0.50234375,0.4425925925925926,0.016145833333333335,0.012962962962962963
3,0.38828125,0.7574074074074074,0.0046875,0.025925925925925925
1,0.03333333333333333,0.55,0.015625,0.012962962962962963
1,0.3255208333333333,0.55,0.005208333333333333,0.011111111111111112
1,0.32916666666666666,0.5537037037037037,0.004166666666666667,0.011111111111111112
1,0.3333333333333333,0.5518518518518518,0.004166666666666667,0.012962962962962963
1,0.30572916666666666,0.43194444444444446,0.00625,0.008333333333333333
1,0.2981770833333333,0.43194444444444446,0.0046875,0.008333333333333333
1,0.36953125,0.38055555555555554,0.0046875,0.011111111111111112
1,0.68125,0.2972222222222222,0.011458333333333333,0.012962962962962963
1,0.3307291666666667,0.8041666666666667,0.00625,0.013888888888888888
7,0.31692708333333336,0.6606481481481481,0.011979166666666667,0.032407407407407406
2,0.37838541666666664,0.7800925925925926,0.005729166666666666,0.01574074074074074
2,0.3885416666666667,0.7592592592592593,0.004166666666666667,0.011111111111111112
2,0.3143229166666667,0.6601851851851852,0.005729166666666666,0.011111111111111112
2,0.29609375,0.44583333333333336,0.0067708333333333336,0.012037037037037037
2,0.44375,0.5435185185185185,0.007291666666666667,0.011111111111111112
2,0.43854166666666666,0.5217592592592593,0.009375,0.012037037037037037
2,0.47161458333333334,0.4648148148148148,0.0078125,0.009259259259259259
2,0.50546875,0.44212962962962965,0.0078125,0.012037037037037037
2,0.5427083333333333,0.44583333333333336,0.007291666666666667,0.010185185185185186
2,0.7151041666666667,0.5361111111111111,0.008333333333333333,0.009259259259259259
2,0.30442708333333335,0.5560185185185185,0.0046875,0.008333333333333333
