4,0.246875,0.2824074074074074,0.0125,0.05185185185185185
4,0.20026041666666666,0.6717592592592593,0.016145833333333335,0.0712962962962963
4,0.21927083333333333,0.5458333333333333,0.016666666666666666,0.058333333333333334
4,0.21067708333333332,0.28055555555555556,0.0140625,0.04259259259259259
4,0.21796875,0.08055555555555556,0.011979166666666667,0.03333333333333333
5,0.20807291666666666,0.16435185185185186,0.015104166666666667,0.041666666666666664
5,0.26875,0.26435185185185184,0.014583333333333334,0.05277777777777778
5,0.2559895833333333,0.40925925925925927,0.016145833333333335,0.05740740740740741
5,0.19713541666666667,0.4078703703703704,0.015104166666666667,0.05277777777777778
5,0.2677083333333333,0.5717592592592593,0.01875,0.06574074074074074
5,0.2864583333333333,0.49722222222222223,0.017708333333333333,0.06851851851851852
9,0.28151041666666665,0.38101851851851853,0.018229166666666668,0.0787037037037037
9,0.19270833333333334,0.04490740740740741,0.021875,0.08981481481481482
1,0.2986979166666667,0.1814814814814815,0.0036458333333333334,0.012962962962962963
1,0.29375,0.1884259259259259,0.004166666666666667,0.013888888888888888
1,0.29401041666666666,0.1787037037037037,0.0046875,0.011111111111111112
1,0.47161458333333334,0.6944444444444444,0.005729166666666666,0.018518518518518517
4,0.6677083333333333,0.6087962962962963,0.041666666666666664,0.03796296296296296
4,0.7065104166666667,0.5995370370370371,0.0390625,0.03425925925925926
4,0.6653645833333334,0.25,0.019270833333333334,0.044444444444444446
