6,0.05078125,0.07314814814814814,0.03697916666666667,0.02962962962962963
6,0.07552083333333333,0.04490740740740741,0.041666666666666664,0.032407407407407406
6,0.07994791666666666,0.014814814814814815,0.0390625,0.02962962962962963
6,0.09296875,0.06435185185185185,0.0359375,0.03611111111111111
5,0.05911458333333333,0.5319444444444444,0.013020833333333334,0.03981481481481482
5,0.07265625,0.5231481481481481,0.015104166666666667,0.046296296296296294
4,0.033854166666666664,0.5361111111111111,0.014583333333333334,0.03888888888888889
9,0.30885416666666665,0.5055555555555555,0.05,0.08703703703703704
9,0.36614583333333334,0.6013888888888889,0.03958333333333333,0.06944444444444445
9,0.42083333333333334,0.4888888888888889,0.014583333333333334,0.09259259259259259
9,0.27786458333333336,0.30833333333333335,0.0171875,0.06296296296296296
9,0.29140625,0.30462962962962964,0.016145833333333335,0.06666666666666667
9,0.30625,0.3023148148148148,0.017708333333333333,0.075
9,0.32057291666666665,0.2912037037037037,0.016145833333333335,0.06388888888888888
9,0.3359375,0.2972222222222222,0.015625,0.06296296296296296
9,0.35234375,0.3125,0.021354166666666667,0.10462962962962963
9,0.40859375,0.26481481481481484,0.016145833333333335,0.06851851851851852
9,0.31354166666666666,0.37037037037037035,0.016666666666666666,0.06111111111111111
9,0.30078125,0.38472222222222224,0.016145833333333335,0.062037037037037036
9,0.2864583333333333,0.38657407407407407,0.015625,0.062037037037037036
1,0.5791666666666667,0.0787037037037037,0.00625,0.007407407407407408
1,0.575,0.08657407407407407,0.004166666666666667,0.006481481481481481
1,0.5760416666666667,0.08842592592592592,0.005208333333333333,0.010185185185185186
5,0.70625,0.16342592592592592,0.028125,0.025
1,0.6403645833333333,0.3263888888888889,0.005729166666666666,0.006481481481481481
1,0.6216145833333333,0.40370370370370373,0.005729166666666666,0.007407407407407408
0,0.5703125,0.3921296296296296,0.008333333333333333,0.012037037037037037
1,0.5651041666666666,0.487962962962963,0.005208333333333333,0.007407407407407408
