10,0.03177083333333333,0.15231481481481482,0.017708333333333333,0.030555555555555555
2,0.2518229166666667,0.11851851851851852,0.0140625,0.018518518518518517
1,0.24947916666666667,0.11990740740740741,0.014583333333333334,0.04351851851851852
2,0.2638020833333333,0.11296296296296296,0.009895833333333333,0.022222222222222223
1,0.27057291666666666,0.12037037037037036,0.011979166666666667,0.04814814814814815
10,0.32578125,0.018518518518518517,0.016145833333333335,0.024074074074074074
2,0.7192708333333333,0.11481481481481481,0.016666666666666666,0.04814814814814815
1,0.7356770833333334,0.17916666666666667,0.016145833333333335,0.05648148148148148
10,0.7419270833333333,0.18287037037037038,0.015104166666666667,0.04722222222222222
10,0.71796875,0.11944444444444445,0.0140625,0.03888888888888889
1,0.77578125,0.4148148148148148,0.018229166666666668,0.07407407407407407
1,0.6794270833333333,0.6018518518518519,0.0234375,0.09444444444444444
1,0.6481770833333333,0.5962962962962963,0.015104166666666667,0.05740740740740741
1,0.62734375,0.6296296296296297,0.0171875,0.05185185185185185
