4,0.12578125,0.6421296296296296,0.019270833333333334,0.04351851851851852
4,0.3927083333333333,0.008796296296296297,0.005208333333333333,0.012037037037037037
4,0.39166666666666666,0.038425925925925926,0.00625,0.010185185185185186
4,0.39114583333333336,0.1837962962962963,0.011458333333333333,0.021296296296296296
4,0.3528645833333333,0.15787037037037038,0.021354166666666667,0.01574074074074074
4,0.3268229166666667,0.21851851851851853,0.019270833333333334,0.014814814814814815
4,0.39166666666666666,0.0763888888888889,0.007291666666666667,0.013888888888888888
4,0.39140625,0.125,0.008854166666666666,0.014814814814814815
4,0.39140625,0.15138888888888888,0.0067708333333333336,0.01574074074074074
9,0.39088541666666665,0.2175925925925926,0.008854166666666666,0.018518518518518517
9,0.39088541666666665,0.23472222222222222,0.009895833333333333,0.021296296296296296
10,0.39947916666666666,0.07268518518518519,0.003125,0.010185185185185186
10,0.403125,0.1648148148148148,0.003125,0.014814814814814815
2,0.39921875,0.07083333333333333,0.0026041666666666665,0.006481481481481481
2,0.40286458333333336,0.16203703703703703,0.0026041666666666665,0.007407407407407408
10,0.40703125,0.0125,0.0078125,0.006481481481481481
2,0.4075520833333333,0.010185185185185186,0.0026041666666666665,0.007407407407407408
4,0.35260416666666666,0.16527777777777777,0.020833333333333332,0.01574074074074074
4,0.35260416666666666,0.18564814814814815,0.022916666666666665,0.013888888888888888
4,0.32786458333333335,0.23055555555555557,0.021354166666666667,0.016666666666666666
4,0.39140625,0.2564814814814815,0.0109375,0.024074074074074074
4,0.34088541666666666,0.29259259259259257,0.027604166666666666,0.022222222222222223
1,0.403125,0.28425925925925927,0.004166666666666667,0.014814814814814815
4,0.33098958333333334,0.45185185185185184,0.005729166666666666,0.018518518518518517
4,0.3375,0.3574074074074074,0.00625,0.022222222222222223
10,0.40390625,0.35833333333333334,0.0036458333333333334,0.012962962962962963
2,0.40390625,0.3541666666666667,0.0026041666666666665,0.004629629629629629
4,0.40182291666666664,0.4912037037037037,0.013020833333333334,0.028703703703703703
4,0.39609375,0.44814814814814813,0.0109375,0.022222222222222223
4,0.4375,0.7587962962962963,0.03333333333333333,0.08425925925925926
4,0.49661458333333336,0.6430555555555556,0.024479166666666666,0.0787037037037037
4,0.484375,0.5398148148148149,0.01875,0.053703703703703705
4,0.47604166666666664,0.48148148148148145,0.017708333333333333,0.04814814814814815
4,0.46901041666666665,0.43148148148148147,0.0171875,0.04259259259259259
4,0.50078125,0.34444444444444444,0.016145833333333335,0.02962962962962963
4,0.4635416666666667,0.15416666666666667,0.009375,0.019444444444444445
5,0.5346354166666667,0.25787037037037036,0.0140625,0.026851851851851852
4,0.5174479166666667,0.19907407407407407,0.011979166666666667,0.018518518518518517
4,0.5236979166666667,0.22083333333333333,0.0109375,0.017592592592592594
4,0.51328125,0.17777777777777778,0.009895833333333333,0.018518518518518517
5,0.4895833333333333,0.08888888888888889,0.007291666666666667,0.020370370370370372
4,0.47630208333333335,0.04675925925925926,0.005729166666666666,0.013888888888888888
4,0.47213541666666664,0.03148148148148148,0.0078125,0.009259259259259259
4,0.46770833333333334,0.014351851851851852,0.00625,0.012037037037037037
10,0.46796875,0.04212962962962963,0.0026041666666666665,0.010185185185185186
2,0.46822916666666664,0.03935185185185185,0.0020833333333333333,0.004629629629629629
4,0.5114583333333333,0.08518518518518518,0.009375,0.016666666666666666
5,0.5783854166666667,0.23703703703703705,0.021354166666666667,0.022222222222222223
