1,0.38307291666666665,0.8453703703703703,0.028645833333333332,0.06111111111111111
1,0.37109375,0.725462962962963,0.0140625,0.06018518518518518
1,0.14296875,0.749537037037037,0.024479166666666666,0.058333333333333334
2,0.6520833333333333,0.6208333333333333,0.017708333333333333,0.05648148148148148
5,0.61171875,0.6444444444444445,0.10260416666666666,0.10185185185185185
5,0.14322916666666666,0.42916666666666664,0.08020833333333334,0.14351851851851852
5,0.20494791666666667,0.43703703703703706,0.06302083333333333,0.11851851851851852
4,0.3671875,0.4388888888888889,0.0375,0.10185185185185185
4,0.315625,0.44907407407407407,0.04479166666666667,0.09444444444444444
4,0.2557291666666667,0.44351851851851853,0.05520833333333333,0.09814814814814815
4,0.5223958333333333,0.3814814814814815,0.084375,0.06296296296296296
4,0.5205729166666667,0.3439814814814815,0.0796875,0.05277777777777778
4,0.5236979166666667,0.31342592592592594,0.06614583333333333,0.05092592592592592
4,0.4739583333333333,0.2569444444444444,0.026041666666666668,0.05277777777777778
4,0.43463541666666666,0.2564814814814815,0.028645833333333332,0.06111111111111111
4,0.39401041666666664,0.17685185185185184,0.021354166666666667,0.03888888888888889
4,0.3924479166666667,0.2569444444444444,0.0265625,0.062037037037037036
4,0.30572916666666666,0.25601851851851853,0.030208333333333334,0.06388888888888888
4,0.34609375,0.25601851851851853,0.027604166666666666,0.05462962962962963
6,0.26328125,0.25833333333333336,0.0484375,0.08888888888888889
5,0.16744791666666667,0.2490740740740741,0.0578125,0.05740740740740741
4,0.23671875,0.14675925925925926,0.0296875,0.04537037037037037
4,0.15260416666666668,0.27685185185185185,0.053125,0.04814814814814815
1,0.3541666666666667,0.3013888888888889,0.011458333333333333,0.04722222222222222
1,0.5049479166666667,0.4699074074074074,0.0109375,0.05277777777777778
4,0.42916666666666664,0.18518518518518517,0.021875,0.04259259259259259
10,0.4395833333333333,0.15694444444444444,0.007291666666666667,0.026851851851851852
10,0.42604166666666665,0.1597222222222222,0.008333333333333333,0.032407407407407406
