1,0.6921875,0.9935185185185185,0.03125,0.05555555555555555
2,0.09739583333333333,0.8902777777777777,0.026041666666666668,0.03796296296296296
2,0.07708333333333334,0.8939814814814815,0.028125,0.03611111111111111
4,0.06536458333333334,0.4425925925925926,0.08489583333333334,0.07777777777777778
4,0.18619791666666666,0.3472222222222222,0.06822916666666666,0.05925925925925926
4,0.02265625,0.15462962962962962,0.0453125,0.04259259259259259
1,0.10130208333333333,0.11990740740740741,0.0109375,0.032407407407407406
4,0.078125,0.1259259259259259,0.04791666666666667,0.03888888888888889
11,0.14583333333333334,0.07222222222222222,0.06041666666666667,0.07037037037037037
6,0.25,0.4203703703703704,0.05520833333333333,0.10555555555555556
3,0.22317708333333333,0.4050925925925926,0.022395833333333334,0.03425925925925926
4,0.5276041666666667,0.6527777777777778,0.04791666666666667,0.14629629629629629
5,0.9989583333333333,0.7930555555555555,0.08541666666666667,0.08796296296296297
4,0.9791666666666666,0.6787037037037037,0.10416666666666667,0.08148148148148149
4,0.9419270833333333,0.6185185185185185,0.10364583333333334,0.08333333333333333
4,0.965625,0.0875,0.04583333333333333,0.03425925925925926
4,0.90234375,0.08888888888888889,0.043229166666666666,0.03518518518518519
1,0.9109375,0.056018518518518516,0.008333333333333333,0.030555555555555555
1,0.9018229166666667,0.056018518518518516,0.0078125,0.028703703703703703
1,0.86796875,0.011111111111111112,0.0078125,0.022222222222222223
2,0.75390625,0.07361111111111111,0.0078125,0.026851851851851852
2,0.75234375,0.0763888888888889,0.009895833333333333,0.028703703703703703
10,0.753125,0.08009259259259259,0.009375,0.032407407407407406
4,0.72421875,0.6018518518518519,0.0578125,0.1111111111111111
1,0.7697916666666667,0.5111111111111111,0.013541666666666667,0.053703703703703705
1,0.7442708333333333,0.4689814814814815,0.011458333333333333,0.049074074074074076
2,0.6453125,0.44722222222222224,0.0125,0.040740740740740744
10,0.6453125,0.45601851851851855,0.0125,0.04537037037037037
4,0.45859375,0.44166666666666665,0.05677083333333333,0.08518518518518518
4,0.5958333333333333,0.26064814814814813,0.06041666666666667,0.05462962962962963
2,0.5364583333333334,0.30972222222222223,0.010416666666666666,0.03611111111111111
10,0.5372395833333333,0.31574074074074077,0.0203125,0.02962962962962963
4,0.253125,0.300462962962963,0.06458333333333334,0.04722222222222222
4,0.3463541666666667,0.2199074074074074,0.046875,0.05277777777777778
1,0.3260416666666667,0.11342592592592593,0.008333333333333333,0.03425925925925926
1,0.33880208333333334,0.1087962962962963,0.0078125,0.03425925925925926
5,0.3299479166666667,0.09166666666666666,0.0390625,0.04814814814814815
4,0.5216145833333333,0.0587962962962963,0.0171875,0.03611111111111111
4,0.51875,0.032407407407407406,0.016666666666666666,0.03333333333333333
4,0.51171875,0.009722222222222222,0.0140625,0.019444444444444445
