4,0.13177083333333334,0.3125,0.065625,0.12685185185185185
4,0.08619791666666667,0.42314814814814816,0.06510416666666667,0.10555555555555556
4,0.18125,0.5421296296296296,0.065625,0.11388888888888889
4,0.12604166666666666,0.6402777777777777,0.06458333333333334,0.11574074074074074
4,0.10104166666666667,0.6884259259259259,0.06770833333333333,0.11574074074074074
4,0.07447916666666667,0.7347222222222223,0.06458333333333334,0.1175925925925926
4,0.04739583333333333,0.7842592592592592,0.065625,0.12777777777777777
4,0.20390625,0.48842592592592593,0.06302083333333333,0.10833333333333334
4,0.23229166666666667,0.44675925925925924,0.06875,0.10648148148148148
4,0.23177083333333334,0.3148148148148148,0.057291666666666664,0.10925925925925926
4,0.20677083333333332,0.2671296296296296,0.058333333333333334,0.10648148148148148
4,0.17942708333333332,0.22916666666666666,0.06197916666666667,0.1175925925925926
4,0.15416666666666667,0.18425925925925926,0.057291666666666664,0.1111111111111111
4,0.47421875,0.2310185185185185,0.044270833333333336,0.12685185185185185
4,0.434375,0.8287037037037037,0.058333333333333334,0.12407407407407407
4,0.5861979166666667,0.5277777777777778,0.0578125,0.12037037037037036
4,0.6734375,0.2037037037037037,0.06145833333333333,0.12222222222222222
4,0.5799479166666667,0.1361111111111111,0.05364583333333333,0.11296296296296296
5,0.28229166666666666,0.538425925925926,0.0625,0.0787037037037037
9,0.6421875,0.14305555555555555,0.146875,0.2861111111111111
9,0.67421875,0.462037037037037,0.10989583333333333,0.26851851851851855
5,0.26223958333333336,0.026851851851851852,0.0546875,0.053703703703703705
5,0.10963541666666667,0.10046296296296296,0.050520833333333334,0.10462962962962963
5,0.08125,0.05925925925925926,0.058333333333333334,0.1111111111111111
5,0.05520833333333333,0.04027777777777778,0.06041666666666667,0.08055555555555556
5,0.0234375,0.2972222222222222,0.046875,0.09444444444444444
4,0.13203125,0.1476851851851852,0.06197916666666667,0.10833333333333334
4,0.04244791666666667,0.34074074074074073,0.07135416666666666,0.11296296296296296
4,0.06171875,0.38425925925925924,0.06510416666666667,0.10925925925925926
4,0.026041666666666668,0.8407407407407408,0.052083333333333336,0.11666666666666667
4,0.012760416666666666,0.9157407407407407,0.025520833333333333,0.08333333333333333
4,0.015625,0.25277777777777777,0.03125,0.06851851851851852
4,0.019791666666666666,0.037037037037037035,0.03958333333333333,0.07037037037037037
2,0.38567708333333334,0.033796296296296297,0.013020833333333334,0.030555555555555555
0,0.40078125,0.4148148148148148,0.011979166666666667,0.040740740740740744
3,0.009375,0.5898148148148148,0.01875,0.011111111111111112
1,0.44479166666666664,0.03148148148148148,0.009375,0.03148148148148148
1,0.4119791666666667,0.1685185185185185,0.010416666666666666,0.02962962962962963
1,0.39088541666666665,0.15046296296296297,0.009895833333333333,0.032407407407407406
1,0.38645833333333335,0.27361111111111114,0.0125,0.025
1,0.353125,0.4689814814814815,0.011458333333333333,0.017592592592592594
1,0.425,0.4078703703703704,0.011458333333333333,0.04351851851851852
1,0.3536458333333333,0.24814814814814815,0.0125,0.022222222222222223
1,0.35651041666666666,0.17453703703703705,0.008854166666666666,0.026851851851851852
1,0.3171875,0.27546296296296297,0.009375,0.019444444444444445
1,0.054427083333333334,0.575462962962963,0.024479166666666666,0.019444444444444445
1,0.09010416666666667,0.587037037037037,0.020833333333333332,0.012962962962962963
1,0.1859375,0.6972222222222222,0.017708333333333333,0.016666666666666666
1,0.22526041666666666,0.5893518518518519,0.013020833333333334,0.01574074074074074
1,0.15625,0.7865740740740741,0.017708333333333333,0.026851851851851852
2,0.28802083333333334,0.29907407407407405,0.011458333333333333,0.027777777777777776
2,0.2953125,0.2916666666666667,0.010416666666666666,0.027777777777777776
1,0.3028645833333333,0.2851851851851852,0.0067708333333333336,0.025925925925925925
1,0.33567708333333335,0.3638888888888889,0.008854166666666666,0.022222222222222223
0,0.35260416666666666,0.6097222222222223,0.016666666666666666,0.03425925925925926
2,0.31796875,0.5851851851851851,0.009895833333333333,0.016666666666666666
7,0.3307291666666667,0.5546296296296296,0.034375,0.06481481481481481
2,0.3104166666666667,0.4625,0.009375,0.019444444444444445
1,0.36302083333333335,0.41203703703703703,0.010416666666666666,0.024074074074074074
1,0.35833333333333334,0.39537037037037037,0.009375,0.018518518518518517
1,0.34453125,0.39675925925925926,0.0109375,0.01574074074074074
7,0.35208333333333336,0.41759259259259257,0.015625,0.06666666666666667
7,0.28463541666666664,0.27175925925925926,0.0359375,0.05092592592592592
1,0.26171875,0.41435185185185186,0.011979166666666667,0.017592592592592594
7,0.25703125,0.6837962962962963,0.0234375,0.06944444444444445
0,0.21041666666666667,0.9185185185185185,0.028125,0.05185185185185185
11,0.010677083333333334,0.5638888888888889,0.021354166666666667,0.027777777777777776
0,0.5809895833333333,0.7541666666666667,0.0203125,0.05092592592592592
0,0.6330729166666667,0.6930555555555555,0.021354166666666667,0.04537037037037037
6,0.6450520833333333,0.8490740740740741,0.0921875,0.16296296296296298
1,0.7059895833333333,0.587037037037037,0.022395833333333334,0.012962962962962963
7,0.684375,0.6856481481481481,0.034375,0.05462962962962963
1,0.6611979166666667,0.7625,0.019270833333333334,0.026851851851851852
1,0.66640625,0.75,0.016145833333333335,0.016666666666666666
10,0.72109375,0.75,0.016145833333333335,0.05185185185185185
1,0.6986979166666667,0.6800925925925926,0.019270833333333334,0.012037037037037037
