4,0.07760416666666667,0.44583333333333336,0.15520833333333334,0.15648148148148147
4,0.23098958333333333,0.32222222222222224,0.12239583333333333,0.12777777777777777
4,0.5640625,0.21157407407407408,0.109375,0.12129629629629629
4,0.18932291666666667,0.25555555555555554,0.1296875,0.10925925925925926
4,0.21666666666666667,0.10462962962962963,0.10104166666666667,0.06851851851851852
4,0.06276041666666667,0.16203703703703703,0.11822916666666666,0.08888888888888889
4,0.04921875,0.3111111111111111,0.0984375,0.08333333333333333
4,0.0546875,0.2361111111111111,0.109375,0.07962962962962963
4,0.1859375,0.1648148148148148,0.090625,0.09814814814814815
5,0.08723958333333333,0.09027777777777778,0.10052083333333334,0.08055555555555556
2,0.09817708333333333,0.7092592592592593,0.0390625,0.07037037037037037
2,0.34427083333333336,0.7444444444444445,0.03854166666666667,0.06851851851851852
2,0.4200520833333333,0.09074074074074075,0.011979166666666667,0.05740740740740741
2,0.47890625,0.10555555555555556,0.016145833333333335,0.06111111111111111
2,0.5158854166666667,0.12268518518518519,0.0140625,0.05277777777777778
2,0.5817708333333333,0.44074074074074077,0.020833333333333332,0.053703703703703705
2,0.5705729166666667,0.4486111111111111,0.0296875,0.075
1,0.434375,0.6541666666666667,0.023958333333333335,0.08425925925925926
1,0.38255208333333335,0.2550925925925926,0.0203125,0.07314814814814814
1,0.38177083333333334,0.31851851851851853,0.017708333333333333,0.07407407407407407
1,0.4078125,0.3125,0.014583333333333334,0.06574074074074074
1,0.46640625,0.4537037037037037,0.013020833333333334,0.053703703703703705
1,0.47734375,0.4337962962962963,0.022395833333333334,0.06759259259259259
3,0.27005208333333336,0.8930555555555556,0.07864583333333333,0.10462962962962963
3,0.11067708333333333,0.725,0.0640625,0.08518518518518518
3,0.4205729166666667,0.10740740740740741,0.024479166666666666,0.046296296296296294
3,0.47734375,0.12407407407407407,0.0296875,0.044444444444444446
10,0.5140625,0.1449074074074074,0.023958333333333335,0.041666666666666664
