4,0.23463541666666668,0.02361111111111111,0.0109375,0.030555555555555555
4,0.22057291666666667,0.06759259259259259,0.016145833333333335,0.020370370370370372
5,0.25703125,0.09537037037037037,0.008854166666666666,0.024074074074074074
4,0.24270833333333333,0.016203703703703703,0.011458333333333333,0.030555555555555555
4,0.2515625,0.012962962962962963,0.010416666666666666,0.025925925925925925
4,0.2604166666666667,0.008333333333333333,0.007291666666666667,0.016666666666666666
4,0.29348958333333336,0.06157407407407407,0.0078125,0.028703703703703703
4,0.31666666666666665,0.13935185185185187,0.007291666666666667,0.03425925925925926
6,0.2830729166666667,0.10416666666666667,0.009895833333333333,0.04537037037037037
4,0.32109375,0.2564814814814815,0.0078125,0.02962962962962963
4,0.34322916666666664,0.8435185185185186,0.008333333333333333,0.02962962962962963
4,0.3536458333333333,0.8314814814814815,0.007291666666666667,0.02962962962962963
6,0.35208333333333336,0.9398148148148148,0.009375,0.06481481481481481
6,0.415625,0.9013888888888889,0.008333333333333333,0.03611111111111111
10,0.42734375,0.8925925925925926,0.0046875,0.014814814814814815
4,0.409375,0.5902777777777778,0.008333333333333333,0.030555555555555555
4,0.5903645833333333,0.6101851851851852,0.0078125,0.02962962962962963
5,0.5778645833333333,0.5013888888888889,0.015104166666666667,0.012037037037037037
5,0.6770833333333334,0.06388888888888888,0.009375,0.025925925925925925
4,0.684375,0.06944444444444445,0.008333333333333333,0.025925925925925925
5,0.6927083333333334,0.07314814814814814,0.009375,0.024074074074074074
6,0.5817708333333333,0.43333333333333335,0.03125,0.020370370370370372
6,0.5231770833333333,0.0787037037037037,0.0265625,0.08888888888888889
6,0.5986979166666667,0.049074074074074076,0.016145833333333335,0.07592592592592592
6,0.5645833333333333,0.3587962962962963,0.046875,0.03425925925925926
4,0.7231770833333333,0.2263888888888889,0.011979166666666667,0.019444444444444445
11,0.5098958333333333,0.15231481481481482,0.027083333333333334,0.025
6,0.3151041666666667,0.025,0.011458333333333333,0.04259259259259259
6,0.31328125,0.07592592592592592,0.008854166666666666,0.046296296296296294
