1,0.2752604166666667,0.2601851851851852,0.005729166666666666,0.011111111111111112
1,0.2989583333333333,0.3333333333333333,0.005208333333333333,0.009259259259259259
1,0.21067708333333332,0.387037037037037,0.0078125,0.009259259259259259
1,0.20807291666666666,0.38055555555555554,0.005729166666666666,0.009259259259259259
1,0.39609375,0.6638888888888889,0.0036458333333333334,0.009259259259259259
1,0.39895833333333336,0.6648148148148149,0.003125,0.012962962962962963
1,0.43203125,0.35694444444444445,0.0046875,0.010185185185185186
4,0.5395833333333333,0.4097222222222222,0.025,0.026851851851851852
4,0.5786458333333333,0.41435185185185186,0.025,0.030555555555555555
4,0.67421875,0.37037037037037035,0.025520833333333333,0.03518518518518519
1,0.52265625,0.2967592592592593,0.0067708333333333336,0.012037037037037037
1,0.50234375,0.24675925925925926,0.0046875,0.013888888888888888
1,0.5059895833333333,0.2449074074074074,0.005729166666666666,0.012037037037037037
1,0.5109375,0.24074074074074073,0.004166666666666667,0.012962962962962963
1,0.5268229166666667,0.4847222222222222,0.005729166666666666,0.010185185185185186
4,0.1953125,0.5421296296296296,0.01875,0.028703703703703703
