0,0.4908854166666667,0.053703703703703705,0.015104166666666667,0.018518518518518517
0,0.4393229166666667,0.1,0.030729166666666665,0.040740740740740744
0,0.4895833333333333,0.07731481481481481,0.011458333333333333,0.025
0,0.38723958333333336,0.21481481481481482,0.0036458333333333334,0.011111111111111112
0,0.4015625,0.17731481481481481,0.0020833333333333333,0.008333333333333333
0,0.42734375,0.15,0.0026041666666666665,0.007407407407407408
0,0.40859375,0.1300925925925926,0.0026041666666666665,0.008333333333333333
4,0.3841145833333333,0.16527777777777777,0.0036458333333333334,0.006481481481481481
4,0.41875,0.15185185185185185,0.004166666666666667,0.005555555555555556
4,0.4114583333333333,0.15925925925925927,0.004166666666666667,0.005555555555555556
4,0.46119791666666665,0.10601851851851851,0.0026041666666666665,0.004629629629629629
6,0.4674479166666667,0.10092592592592593,0.0046875,0.011111111111111112
6,0.3763020833333333,0.1865740740740741,0.008854166666666666,0.023148148148148147
1,0.334375,0.3314814814814815,0.0020833333333333333,0.012962962962962963
2,0.33125,0.3578703703703704,0.003125,0.008333333333333333
2,0.32786458333333335,0.4134259259259259,0.0036458333333333334,0.008333333333333333
10,0.33125,0.36342592592592593,0.004166666666666667,0.008333333333333333
10,0.32786458333333335,0.4203703703703704,0.0036458333333333334,0.011111111111111112
4,0.24375,0.2013888888888889,0.005208333333333333,0.008333333333333333
4,0.23984375,0.20833333333333334,0.005729166666666666,0.007407407407407408
4,0.21796875,0.26481481481481484,0.0078125,0.012962962962962963
4,0.21119791666666668,0.27546296296296297,0.008854166666666666,0.013888888888888888
4,0.23541666666666666,0.2152777777777778,0.00625,0.012037037037037037
4,0.5434895833333333,0.44074074074074077,0.0203125,0.022222222222222223
4,0.5427083333333333,0.36435185185185187,0.0125,0.023148148148148147
4,0.5104166666666666,0.35833333333333334,0.017708333333333333,0.016666666666666666
4,0.521875,0.39305555555555555,0.016666666666666666,0.019444444444444445
4,0.5286458333333334,0.4078703703703704,0.019791666666666666,0.01574074074074074
4,0.5354166666666667,0.42314814814814816,0.01875,0.016666666666666666
4,0.49635416666666665,0.32314814814814813,0.015625,0.012962962962962963
4,0.4984375,0.33194444444444443,0.014583333333333334,0.010185185185185186
4,0.484375,0.2967592592592593,0.011458333333333333,0.013888888888888888
5,0.50390625,0.3398148148148148,0.0140625,0.014814814814814815
4,0.4817708333333333,0.2884259259259259,0.008333333333333333,0.012037037037037037
5,0.54765625,0.3384259259259259,0.016145833333333335,0.017592592592592594
4,0.5255208333333333,0.33101851851851855,0.010416666666666666,0.01574074074074074
6,0.3455729166666667,0.6574074074074074,0.015104166666666667,0.06296296296296296
6,0.7106770833333333,0.8162037037037037,0.03697916666666667,0.03611111111111111
6,0.6153645833333333,0.6097222222222223,0.050520833333333334,0.04722222222222222
4,0.6541666666666667,0.6365740740740741,0.029166666666666667,0.05277777777777778
6,0.15651041666666668,0.36574074074074076,0.024479166666666666,0.020370370370370372
5,0.0765625,0.4148148148148148,0.020833333333333332,0.03333333333333333
5,0.17630208333333333,0.3435185185185185,0.022395833333333334,0.020370370370370372
11,0.31145833333333334,0.2814814814814815,0.009375,0.025925925925925925
5,0.44817708333333334,0.17916666666666667,0.008854166666666666,0.008333333333333333
11,0.41822916666666665,0.1726851851851852,0.020833333333333332,0.017592592592592594
0,0.49609375,0.19675925925925927,0.028645833333333332,0.021296296296296296
0,0.5036458333333333,0.0824074074074074,0.0125,0.027777777777777776
0,0.10572916666666667,0.3763888888888889,0.019791666666666666,0.025
