4,0.022395833333333334,0.5199074074074074,0.04479166666666667,0.14166666666666666
4,0.18828125,0.9435185185185185,0.0328125,0.053703703703703705
4,0.2390625,0.9458333333333333,0.030208333333333334,0.05092592592592592
4,0.65078125,0.018055555555555554,0.03177083333333333,0.03611111111111111
4,0.6166666666666667,0.028703703703703703,0.030208333333333334,0.05740740740740741
4,0.58359375,0.03148148148148148,0.030729166666666665,0.06296296296296296
4,0.5197916666666667,0.03888888888888889,0.034375,0.07777777777777778
4,0.48541666666666666,0.03425925925925926,0.03125,0.06851851851851852
5,0.4513020833333333,0.034722222222222224,0.0328125,0.06944444444444445
5,0.40260416666666665,0.03425925925925926,0.042708333333333334,0.06851851851851852
5,0.5544270833333333,0.031018518518518518,0.028645833333333332,0.062037037037037036
4,0.134375,0.06898148148148148,0.04479166666666667,0.13796296296296295
4,0.10416666666666667,0.30648148148148147,0.040625,0.14074074074074075
4,0.17421875,0.4546296296296296,0.0453125,0.12407407407407407
4,0.17109375,0.7,0.0359375,0.13333333333333333
4,0.134375,0.85,0.04583333333333333,0.1425925925925926
4,0.34479166666666666,0.1865740740740741,0.07604166666666666,0.06388888888888888
1,0.3776041666666667,0.20787037037037037,0.00625,0.023148148148148147
1,0.38333333333333336,0.23657407407407408,0.007291666666666667,0.030555555555555555
4,0.403125,0.274537037037037,0.035416666666666666,0.125
4,0.4388020833333333,0.2722222222222222,0.030729166666666665,0.1259259259259259
4,0.3416666666666667,0.1175925925925926,0.06979166666666667,0.05925925925925926
4,0.33828125,0.049074074074074076,0.0765625,0.07037037037037037
5,0.26848958333333334,0.18472222222222223,0.03697916666666667,0.11388888888888889
5,0.5078125,0.5375,0.059375,0.049074074074074076
5,0.5268229166666667,0.6092592592592593,0.05572916666666667,0.053703703703703705
5,0.5815104166666667,0.2550925925925926,0.034895833333333334,0.10092592592592593
5,0.6182291666666667,0.24861111111111112,0.0375,0.11018518518518519
4,0.6510416666666666,0.24166666666666667,0.035416666666666666,0.12407407407407407
4,0.68359375,0.1986111111111111,0.043229166666666666,0.125
4,0.5473958333333333,0.25601851851851853,0.03125,0.13055555555555556
4,0.5135416666666667,0.25833333333333336,0.036458333333333336,0.12777777777777777
4,0.47708333333333336,0.2638888888888889,0.041666666666666664,0.1388888888888889
4,0.6096354166666667,0.5013888888888889,0.0703125,0.05462962962962963
4,0.6098958333333333,0.5893518518518519,0.071875,0.05648148148148148
0,0.475,0.44814814814814813,0.019791666666666666,0.012962962962962963
0,0.5997395833333333,0.4375,0.024479166666666666,0.021296296296296296
0,0.17682291666666666,0.1787037037037037,0.016145833333333335,0.04814814814814815
0,0.19713541666666667,0.1300925925925926,0.015104166666666667,0.04351851851851852
0,0.0515625,0.3773148148148148,0.021875,0.049074074074074076
1,0.21744791666666666,0.07407407407407407,0.0078125,0.025925925925925925
1,0.28802083333333334,0.07592592592592592,0.009375,0.037037037037037035
1,0.3182291666666667,0.3148148148148148,0.009375,0.022222222222222223
1,0.30755208333333334,0.4111111111111111,0.0078125,0.020370370370370372
1,0.36380208333333336,0.3939814814814815,0.0067708333333333336,0.013888888888888888
1,0.33932291666666664,0.31157407407407406,0.009895833333333333,0.021296296296296296
1,0.35390625,0.30324074074074076,0.0078125,0.023148148148148147
7,0.2203125,0.05925925925925926,0.028125,0.07592592592592592
7,0.22421875,0.22962962962962963,0.027604166666666666,0.08148148148148149
2,0.21979166666666666,0.20277777777777778,0.009375,0.025925925925925925
2,0.2859375,0.362962962962963,0.009375,0.014814814814814815
2,0.3359375,0.2689814814814815,0.005208333333333333,0.01574074074074074
2,0.33828125,0.24675925925925926,0.009895833333333333,0.019444444444444445
2,0.28151041666666665,0.28194444444444444,0.0109375,0.023148148148148147
1,0.2552083333333333,0.2773148148148148,0.009375,0.025
1,0.37005208333333334,0.36157407407407405,0.009895833333333333,0.017592592592592594
1,0.36744791666666665,0.3787037037037037,0.0109375,0.016666666666666666
0,0.2671875,0.39537037037037037,0.016666666666666666,0.018518518518518517
1,0.32369791666666664,0.5125,0.009895833333333333,0.017592592592592594
1,0.3125,0.49953703703703706,0.009375,0.021296296296296296
7,0.2747395833333333,0.375,0.03697916666666667,0.053703703703703705
7,0.38697916666666665,0.37777777777777777,0.041666666666666664,0.03518518518518519
0,0.6885416666666667,0.7847222222222222,0.028125,0.025
3,0.66875,0.8527777777777777,0.026041666666666668,0.024074074074074074
5,0.70078125,0.9462962962962963,0.05677083333333333,0.05185185185185185
1,0.40286458333333336,0.8356481481481481,0.0109375,0.03425925925925926
1,0.40260416666666665,0.7490740740740741,0.010416666666666666,0.024074074074074074
1,0.34296875,0.6370370370370371,0.0109375,0.018518518518518517
1,0.37213541666666666,0.712037037037037,0.0140625,0.020370370370370372
