4,0.39401041666666664,0.7078703703703704,0.0296875,0.06018518518518518
4,0.4002604166666667,0.5287037037037037,0.0171875,0.02962962962962963
4,0.4119791666666667,0.5013888888888889,0.0125,0.019444444444444445
4,0.4192708333333333,0.4726851851851852,0.017708333333333333,0.026851851851851852
4,0.38229166666666664,0.5666666666666667,0.021875,0.03888888888888889
4,0.36302083333333335,0.6069444444444444,0.023958333333333335,0.04351851851851852
4,0.36744791666666665,0.5550925925925926,0.019270833333333334,0.03425925925925926
4,0.33671875,0.6652777777777777,0.03177083333333333,0.05092592592592592
4,0.30104166666666665,0.7384259259259259,0.034375,0.06388888888888888
4,0.2864583333333333,0.711574074074074,0.0375,0.062037037037037036
4,0.31875,0.6407407407407407,0.026041666666666668,0.040740740740740744
4,0.24895833333333334,0.7847222222222222,0.03958333333333333,0.075
4,0.20390625,0.8675925925925926,0.0515625,0.0962962962962963
4,0.26614583333333336,0.8240740740740741,0.03958333333333333,0.07962962962962963
5,0.34427083333333336,0.5958333333333333,0.025,0.04722222222222222
4,0.41380208333333335,0.4597222222222222,0.013020833333333334,0.023148148148148147
4,0.20390625,0.9430555555555555,0.044270833333333336,0.058333333333333334
3,0.21875,0.6666666666666666,0.0125,0.027777777777777776
1,0.21536458333333333,0.6611111111111111,0.008854166666666666,0.03148148148148148
10,0.20260416666666667,0.7342592592592593,0.014583333333333334,0.027777777777777776
2,0.20052083333333334,0.7273148148148149,0.011458333333333333,0.026851851851851852
