4,0.165625,0.2828703703703704,0.05,0.041666666666666664
4,0.17526041666666667,0.2449074074074074,0.0515625,0.041666666666666664
4,0.19583333333333333,0.17407407407407408,0.04375,0.037037037037037035
4,0.20546875,0.1412037037037037,0.0421875,0.03611111111111111
4,0.21041666666666667,0.11296296296296296,0.04375,0.037037037037037035
4,0.22005208333333334,0.0787037037037037,0.043229166666666666,0.03333333333333333
4,0.24557291666666667,0.037037037037037035,0.0203125,0.06111111111111111
5,0.18463541666666666,0.20324074074074075,0.049479166666666664,0.04351851851851852
10,0.05364583333333333,0.26435185185185184,0.026041666666666668,0.025
10,0.06770833333333333,0.22824074074074074,0.026041666666666668,0.017592592592592594
10,0.07135416666666666,0.20879629629629629,0.030208333333333334,0.017592592592592594
10,0.08046875,0.1925925925925926,0.025520833333333333,0.022222222222222223
10,0.08489583333333334,0.17546296296296296,0.022916666666666665,0.021296296296296296
10,0.09505208333333333,0.15185185185185185,0.022395833333333334,0.018518518518518517
10,0.103125,0.125,0.022916666666666665,0.022222222222222223
10,0.11875,0.07314814814814814,0.025,0.020370370370370372
10,0.12317708333333334,0.05462962962962963,0.021354166666666667,0.018518518518518517
4,0.008333333333333333,0.46944444444444444,0.016666666666666666,0.10185185185185185
1,0.46588541666666666,0.018518518518518517,0.005729166666666666,0.025925925925925925
1,0.46979166666666666,0.25416666666666665,0.005208333333333333,0.026851851851851852
1,0.5013020833333334,0.2962962962962963,0.005729166666666666,0.022222222222222223
1,0.509375,0.28888888888888886,0.007291666666666667,0.027777777777777776
1,0.5986979166666667,0.1837962962962963,0.008854166666666666,0.021296296296296296
1,0.39010416666666664,0.06435185185185185,0.007291666666666667,0.025
1,0.3770833333333333,0.07268518518518519,0.007291666666666667,0.019444444444444445
1,0.37083333333333335,0.03518518518518519,0.007291666666666667,0.025925925925925925
1,0.378125,0.03287037037037037,0.005208333333333333,0.021296296296296296
1,0.38697916666666665,0.034722222222222224,0.004166666666666667,0.023148148148148147
1,0.3919270833333333,0.034722222222222224,0.005729166666666666,0.023148148148148147
1,0.5231770833333333,0.37546296296296294,0.015104166666666667,0.01574074074074074
11,0.5239583333333333,0.3824074074074074,0.009375,0.014814814814814815
1,0.3770833333333333,0.6967592592592593,0.009375,0.026851851851851852
1,0.3924479166666667,0.6800925925925926,0.0067708333333333336,0.021296296296296296
1,0.3921875,0.6425925925925926,0.007291666666666667,0.03148148148148148
1,0.36276041666666664,0.6837962962962963,0.011979166666666667,0.01574074074074074
1,0.3338541666666667,0.44027777777777777,0.007291666666666667,0.025
1,0.3380208333333333,0.38472222222222224,0.008333333333333333,0.026851851851851852
1,0.41302083333333334,0.2763888888888889,0.004166666666666667,0.021296296296296296
1,0.39791666666666664,0.2861111111111111,0.00625,0.025925925925925925
1,0.36692708333333335,0.26666666666666666,0.0036458333333333334,0.018518518518518517
1,0.34661458333333334,0.27175925925925926,0.0078125,0.025
1,0.5296875,0.3384259259259259,0.009375,0.019444444444444445
1,0.6276041666666666,0.1763888888888889,0.013541666666666667,0.030555555555555555
1,0.38671875,0.022222222222222223,0.005729166666666666,0.022222222222222223
