1,0.6427083333333333,0.8564814814814815,0.017708333333333333,0.027777777777777776
1,0.5989583333333334,0.9064814814814814,0.013541666666666667,0.02962962962962963
1,0.5072916666666667,0.962037037037037,0.013541666666666667,0.020370370370370372
1,0.5020833333333333,0.8921296296296296,0.010416666666666666,0.032407407407407406
1,0.49583333333333335,0.8944444444444445,0.011458333333333333,0.03333333333333333
1,0.5296875,0.27824074074074073,0.00625,0.019444444444444445
1,0.5317708333333333,0.26944444444444443,0.005208333333333333,0.014814814814814815
1,0.5270833333333333,0.27175925925925926,0.005208333333333333,0.019444444444444445
1,0.5229166666666667,0.27361111111111114,0.005208333333333333,0.017592592592592594
1,0.52421875,0.26435185185185184,0.0036458333333333334,0.01574074074074074
1,0.5205729166666667,0.2652777777777778,0.0046875,0.017592592592592594
1,0.32786458333333335,0.7402777777777778,0.0109375,0.028703703703703703
1,0.4161458333333333,0.8337962962962963,0.011458333333333333,0.025
1,0.41796875,0.8268518518518518,0.008854166666666666,0.024074074074074074
1,0.42604166666666665,0.7967592592592593,0.0125,0.021296296296296296
1,0.4036458333333333,0.8083333333333333,0.007291666666666667,0.027777777777777776
1,0.40546875,0.7976851851851852,0.0067708333333333336,0.028703703703703703
1,0.38359375,0.8069444444444445,0.0078125,0.023148148148148147
1,0.3653645833333333,0.7768518518518519,0.011979166666666667,0.027777777777777776
1,0.26953125,0.7203703703703703,0.0067708333333333336,0.024074074074074074
1,0.27005208333333336,0.7111111111111111,0.0067708333333333336,0.024074074074074074
1,0.28958333333333336,0.6884259259259259,0.009375,0.028703703703703703
1,0.28489583333333335,0.6754629629629629,0.00625,0.026851851851851852
1,0.27395833333333336,0.6861111111111111,0.007291666666666667,0.025925925925925925
1,0.2515625,0.7032407407407407,0.008333333333333333,0.028703703703703703
1,0.18880208333333334,0.6504629629629629,0.008854166666666666,0.026851851851851852
1,0.19505208333333332,0.6444444444444445,0.0078125,0.02962962962962963
1,0.1390625,0.549074074074074,0.008333333333333333,0.024074074074074074
1,0.12682291666666667,0.5476851851851852,0.008854166666666666,0.028703703703703703
1,0.11770833333333333,0.5569444444444445,0.010416666666666666,0.026851851851851852
1,0.08854166666666667,0.43703703703703706,0.008333333333333333,0.024074074074074074
1,0.078125,0.44305555555555554,0.009375,0.023148148148148147
1,0.08098958333333334,0.43796296296296294,0.008854166666666666,0.025925925925925925
1,0.03854166666666667,0.4185185185185185,0.008333333333333333,0.020370370370370372
1,0.0421875,0.41759259259259257,0.007291666666666667,0.020370370370370372
1,0.014583333333333334,0.3814814814814815,0.008333333333333333,0.020370370370370372
1,0.026302083333333334,0.3773148148148148,0.0078125,0.019444444444444445
1,0.0296875,0.3726851851851852,0.007291666666666667,0.019444444444444445
1,0.008854166666666666,0.29953703703703705,0.005208333333333333,0.017592592592592594
1,0.0140625,0.30092592592592593,0.008333333333333333,0.018518518518518517
1,0.026302083333333334,0.2791666666666667,0.005729166666666666,0.01574074074074074
1,0.030208333333333334,0.27824074074074073,0.00625,0.017592592592592594
1,0.03359375,0.27175925925925926,0.0078125,0.017592592592592594
0,0.10572916666666667,0.21712962962962962,0.04791666666666667,0.03796296296296296
1,0.3138020833333333,0.10185185185185185,0.0036458333333333334,0.011111111111111112
1,0.32005208333333335,0.10925925925925926,0.0026041666666666665,0.012962962962962963
1,0.32395833333333335,0.11203703703703703,0.003125,0.011111111111111112
1,0.3229166666666667,0.10787037037037037,0.003125,0.010185185185185186
1,0.3268229166666667,0.10694444444444444,0.0026041666666666665,0.010185185185185186
1,0.3419270833333333,0.10648148148148148,0.0026041666666666665,0.009259259259259259
1,0.34375,0.10601851851851851,0.003125,0.010185185185185186
1,0.34739583333333335,0.12129629629629629,0.003125,0.012962962962962963
1,0.3653645833333333,0.1412037037037037,0.0036458333333333334,0.01574074074074074
1,0.3692708333333333,0.14166666666666666,0.003125,0.014814814814814815
1,0.37161458333333336,0.14027777777777778,0.0036458333333333334,0.01574074074074074
1,0.375,0.1398148148148148,0.003125,0.014814814814814815
1,0.3841145833333333,0.1375,0.0026041666666666665,0.013888888888888888
1,0.353125,0.10555555555555556,0.003125,0.011111111111111112
0,0.37395833333333334,0.11527777777777778,0.040625,0.017592592592592594
11,0.4270833333333333,0.1175925925925926,0.00625,0.014814814814814815
