4,0.16927083333333334,0.5175925925925926,0.028125,0.025925925925925925
4,0.19817708333333334,0.4476851851851852,0.025520833333333333,0.021296296296296296
4,0.20286458333333332,0.4305555555555556,0.0265625,0.016666666666666666
4,0.20833333333333334,0.41388888888888886,0.029166666666666667,0.022222222222222223
4,0.20520833333333333,0.3958333333333333,0.023958333333333335,0.017592592592592594
4,0.21276041666666667,0.38425925925925924,0.022395833333333334,0.014814814814814815
4,0.23333333333333334,0.3106481481481482,0.01875,0.017592592592592594
4,0.22369791666666666,0.26666666666666666,0.009895833333333333,0.014814814814814815
4,0.353125,0.549074074074074,0.013541666666666667,0.040740740740740744
4,0.40859375,0.3199074074074074,0.008854166666666666,0.019444444444444445
4,0.396875,0.27824074074074073,0.008333333333333333,0.01574074074074074
4,0.39869791666666665,0.26666666666666666,0.0140625,0.014814814814814815
9,0.2794270833333333,0.19212962962962962,0.011979166666666667,0.030555555555555555
9,0.35598958333333336,0.10231481481481482,0.0078125,0.019444444444444445
6,0.3924479166666667,0.15046296296296297,0.015104166666666667,0.01574074074074074
6,0.375,0.1375,0.007291666666666667,0.017592592592592594
6,0.37135416666666665,0.0912037037037037,0.007291666666666667,0.019444444444444445
4,0.4036458333333333,0.17777777777777778,0.011458333333333333,0.011111111111111112
4,0.40390625,0.17453703703703705,0.009895833333333333,0.010185185185185186
4,0.42109375,0.15555555555555556,0.009895833333333333,0.009259259259259259
4,0.4192708333333333,0.15138888888888888,0.011458333333333333,0.008333333333333333
4,0.41848958333333336,0.14907407407407408,0.0109375,0.009259259259259259
4,0.41458333333333336,0.1310185185185185,0.009375,0.008333333333333333
4,0.41328125,0.1259259259259259,0.009895833333333333,0.009259259259259259
4,0.40963541666666664,0.1162037037037037,0.009895833333333333,0.008333333333333333
4,0.41380208333333335,0.1337962962962963,0.008854166666666666,0.008333333333333333
4,0.42630208333333336,0.11990740740740741,0.0046875,0.008333333333333333
4,0.43333333333333335,0.1388888888888889,0.004166666666666667,0.009259259259259259
4,0.42213541666666665,0.10740740740740741,0.0046875,0.007407407407407408
4,0.39427083333333335,0.06620370370370371,0.00625,0.006481481481481481
4,0.3932291666666667,0.062037037037037036,0.00625,0.007407407407407408
1,0.35885416666666664,0.12916666666666668,0.0020833333333333333,0.008333333333333333
1,0.36875,0.12916666666666668,0.0020833333333333333,0.010185185185185186
4,0.3703125,0.15138888888888888,0.00625,0.010185185185185186
4,0.34453125,0.0699074074074074,0.0026041666666666665,0.006481481481481481
10,0.3625,0.16203703703703703,0.0020833333333333333,0.007407407407407408
10,0.35260416666666666,0.18425925925925926,0.00625,0.007407407407407408
1,0.34427083333333336,0.1763888888888889,0.003125,0.008333333333333333
10,0.3567708333333333,0.14907407407407408,0.0020833333333333333,0.009259259259259259
10,0.41822916666666665,0.3402777777777778,0.007291666666666667,0.010185185185185186
10,0.41901041666666666,0.31712962962962965,0.0078125,0.010185185185185186
10,0.4375,0.42083333333333334,0.009375,0.013888888888888888
10,0.42630208333333336,0.34814814814814815,0.0036458333333333334,0.014814814814814815
6,0.40963541666666664,0.5009259259259259,0.013020833333333334,0.03888888888888889
10,0.45859375,0.5504629629629629,0.011979166666666667,0.01574074074074074
10,0.44869791666666664,0.5069444444444444,0.008854166666666666,0.01574074074074074
10,0.44947916666666665,0.4981481481481482,0.009375,0.012962962962962963
4,0.4627604166666667,0.5824074074074074,0.0234375,0.025925925925925925
6,0.36796875,0.4685185185185185,0.016145833333333335,0.05
6,0.3497395833333333,0.7444444444444445,0.024479166666666666,0.1
10,0.3854166666666667,0.7759259259259259,0.005208333333333333,0.02962962962962963
10,0.3859375,0.9458333333333333,0.008333333333333333,0.03611111111111111
2,0.38567708333333334,0.9425925925925925,0.005729166666666666,0.022222222222222223
2,0.38515625,0.7754629629629629,0.0046875,0.01574074074074074
10,0.19036458333333334,0.36203703703703705,0.0078125,0.011111111111111112
10,0.19088541666666667,0.35648148148148145,0.005729166666666666,0.009259259259259259
10,0.19296875,0.32731481481481484,0.0078125,0.012037037037037037
1,0.40338541666666666,0.2935185185185185,0.0046875,0.011111111111111112
2,0.3528645833333333,0.18287037037037038,0.0036458333333333334,0.008333333333333333
6,0.35130208333333335,0.06388888888888888,0.0046875,0.012962962962962963
