6,0.50234375,0.7055555555555556,0.1015625,0.3
5,0.4109375,0.6444444444444445,0.04583333333333333,0.11481481481481481
5,0.36223958333333334,0.5435185185185185,0.0453125,0.11481481481481481
4,0.43125,0.2773148148148148,0.035416666666666666,0.075
4,0.5880208333333333,0.17916666666666667,0.026041666666666668,0.06018518518518518
4,0.4921875,0.11666666666666667,0.027083333333333334,0.05925925925925926
4,0.44505208333333335,0.09675925925925925,0.0265625,0.04722222222222222
4,0.425,0.1449074074074074,0.029166666666666667,0.04722222222222222
4,0.38619791666666664,0.23657407407407408,0.034895833333333334,0.06574074074074074
4,0.5768229166666666,0.09907407407407408,0.022395833333333334,0.03888888888888889
2,0.4278645833333333,0.19814814814814816,0.008854166666666666,0.025925925925925925
3,0.42265625,0.2013888888888889,0.008854166666666666,0.028703703703703703
3,0.4276041666666667,0.2074074074074074,0.008333333333333333,0.027777777777777776
2,0.665625,0.20185185185185187,0.013541666666666667,0.022222222222222223
3,0.6276041666666666,0.4486111111111111,0.013541666666666667,0.03796296296296296
10,0.59765625,0.15046296296296297,0.018229166666666668,0.028703703703703703
4,0.5690104166666666,0.028703703703703703,0.0359375,0.03518518518518519
5,0.5265625,0.020833333333333332,0.020833333333333332,0.041666666666666664
10,0.5010416666666667,0.0125,0.009375,0.023148148148148147
1,0.6177083333333333,0.10648148148148148,0.010416666666666666,0.03333333333333333
4,0.696875,0.9310185185185185,0.06458333333333334,0.0824074074074074
4,0.71328125,0.7416666666666667,0.03177083333333333,0.1259259259259259
6,0.13515625,0.8282407407407407,0.13697916666666668,0.28055555555555556
8,0.22057291666666667,0.7662037037037037,0.0390625,0.11018518518518519
2,0.2296875,0.7342592592592593,0.019791666666666666,0.024074074074074074
