4,0.26901041666666664,0.032407407407407406,0.0046875,0.014814814814814815
4,0.27838541666666666,0.06342592592592593,0.0036458333333333334,0.013888888888888888
4,0.26953125,0.13148148148148148,0.0046875,0.014814814814814815
4,0.26875,0.24814814814814815,0.005208333333333333,0.020370370370370372
4,0.3541666666666667,0.16574074074074074,0.005208333333333333,0.014814814814814815
4,0.34713541666666664,0.2828703703703704,0.005729166666666666,0.017592592592592594
4,0.35052083333333334,0.362962962962963,0.005208333333333333,0.020370370370370372
4,0.36328125,0.1712962962962963,0.0046875,0.014814814814814815
4,0.3765625,0.14583333333333334,0.004166666666666667,0.013888888888888888
5,0.38567708333333334,0.07731481481481481,0.0036458333333333334,0.013888888888888888
6,0.37213541666666666,0.03425925925925926,0.005729166666666666,0.022222222222222223
6,0.38515625,0.14953703703703702,0.011979166666666667,0.06018518518518518
5,0.3059895833333333,0.7050925925925926,0.0078125,0.03796296296296296
5,0.296875,0.6791666666666667,0.00625,0.030555555555555555
6,0.32317708333333334,0.6462962962962963,0.0109375,0.05925925925925926
6,0.3375,0.6462962962962963,0.013541666666666667,0.1
5,0.31302083333333336,0.5930555555555556,0.004166666666666667,0.026851851851851852
4,0.32864583333333336,0.5814814814814815,0.005208333333333333,0.025925925925925925
4,0.33489583333333334,0.5125,0.005208333333333333,0.023148148148148147
5,0.3255208333333333,0.4634259259259259,0.00625,0.019444444444444445
6,0.3494791666666667,0.47638888888888886,0.011458333333333333,0.05648148148148148
5,0.3390625,0.4708333333333333,0.007291666666666667,0.026851851851851852
4,0.3190104166666667,0.43472222222222223,0.005729166666666666,0.019444444444444445
4,0.34375,0.4162037037037037,0.007291666666666667,0.019444444444444445
5,0.4015625,0.38101851851851853,0.007291666666666667,0.025
10,0.33932291666666664,0.33611111111111114,0.0046875,0.009259259259259259
2,0.33932291666666664,0.33611111111111114,0.0015625,0.007407407407407408
