0,0.03203125,0.4546296296296296,0.019270833333333334,0.011111111111111112
4,0.13177083333333334,0.4398148148148148,0.00625,0.007407407407407408
1,0.1359375,0.43796296296296294,0.0020833333333333333,0.009259259259259259
4,0.23671875,0.6078703703703704,0.011979166666666667,0.019444444444444445
4,0.21510416666666668,0.6175925925925926,0.014583333333333334,0.022222222222222223
4,0.15182291666666667,0.649537037037037,0.0140625,0.025
4,0.17291666666666666,0.6189814814814815,0.015625,0.021296296296296296
5,0.19557291666666668,0.600462962962963,0.021354166666666667,0.01574074074074074
4,0.10598958333333333,0.725925925925926,0.021354166666666667,0.02962962962962963
4,0.2591145833333333,0.5597222222222222,0.011979166666666667,0.01574074074074074
4,0.12317708333333334,0.7,0.018229166666666668,0.024074074074074074
4,0.29583333333333334,0.47685185185185186,0.007291666666666667,0.012962962962962963
5,0.30130208333333336,0.44722222222222224,0.005729166666666666,0.011111111111111112
4,0.33958333333333335,0.4115740740740741,0.005208333333333333,0.008333333333333333
4,0.16302083333333334,0.8333333333333334,0.023958333333333335,0.037037037037037035
4,0.04583333333333333,0.8226851851851852,0.027083333333333334,0.03611111111111111
4,0.065625,0.7916666666666666,0.022916666666666665,0.03148148148148148
1,0.03828125,0.875462962962963,0.0046875,0.013888888888888888
4,0.08567708333333333,0.4527777777777778,0.013020833333333334,0.009259259259259259
1,0.09609375,0.44722222222222224,0.0036458333333333334,0.009259259259259259
4,0.29322916666666665,0.6953703703703704,0.009375,0.022222222222222223
1,0.70625,0.6351851851851852,0.004166666666666667,0.009259259259259259
1,0.121875,0.7319444444444444,0.003125,0.012037037037037037
1,0.11927083333333334,0.7356481481481482,0.003125,0.012037037037037037
10,0.12057291666666667,0.7412037037037037,0.008854166666666666,0.010185185185185186
1,0.043229166666666666,0.8597222222222223,0.00625,0.013888888888888888
10,0.04401041666666667,0.8657407407407407,0.008854166666666666,0.016666666666666666
10,0.03828125,0.8856481481481482,0.0109375,0.01574074074074074
10,0.025260416666666667,0.8944444444444445,0.011979166666666667,0.014814814814814815
1,0.025,0.8861111111111111,0.004166666666666667,0.014814814814814815
1,0.027604166666666666,0.8851851851851852,0.004166666666666667,0.016666666666666666
1,0.13854166666666667,0.6902777777777778,0.004166666666666667,0.012037037037037037
10,0.13802083333333334,0.6958333333333333,0.00625,0.008333333333333333
10,0.1390625,0.7092592592592593,0.008333333333333333,0.007407407407407408
1,0.13880208333333333,0.7027777777777777,0.0036458333333333334,0.012962962962962963
4,0.19322916666666667,0.5814814814814815,0.009375,0.016666666666666666
4,0.20703125,0.5578703703703703,0.0078125,0.017592592592592594
6,0.31302083333333336,0.4375,0.007291666666666667,0.013888888888888888
4,0.3653645833333333,0.4263888888888889,0.0046875,0.008333333333333333
6,0.36015625,0.3421296296296296,0.0046875,0.013888888888888888
5,0.5455729166666666,0.39814814814814814,0.0067708333333333336,0.007407407407407408
6,0.5549479166666667,0.4689814814814815,0.015104166666666667,0.017592592592592594
1,0.5729166666666666,0.46805555555555556,0.0020833333333333333,0.008333333333333333
6,0.7546875,0.4115740740740741,0.0125,0.010185185185185186
6,0.7450520833333333,0.40925925925925927,0.0140625,0.009259259259259259
6,0.7388020833333333,0.4074074074074074,0.015104166666666667,0.009259259259259259
4,0.7205729166666667,0.40555555555555556,0.0078125,0.007407407407407408
4,0.7026041666666667,0.4013888888888889,0.00625,0.006481481481481481
4,0.6971354166666667,0.4,0.0067708333333333336,0.007407407407407408
4,0.7221354166666667,0.4398148148148148,0.0109375,0.007407407407407408
4,0.7203125,0.4337962962962963,0.010416666666666666,0.006481481481481481
4,0.7919270833333333,0.4125,0.009895833333333333,0.006481481481481481
4,0.7033854166666667,0.39351851851851855,0.009895833333333333,0.007407407407407408
4,0.68828125,0.4111111111111111,0.009895833333333333,0.005555555555555556
4,0.36770833333333336,0.4166666666666667,0.005208333333333333,0.007407407407407408
4,0.36822916666666666,0.4125,0.004166666666666667,0.004629629629629629
4,0.36328125,0.3388888888888889,0.0026041666666666665,0.003703703703703704
4,0.35546875,0.32314814814814813,0.0026041666666666665,0.005555555555555556
0,0.13776041666666666,0.43194444444444446,0.10364583333333334,0.021296296296296296
1,0.0390625,0.8518518518518519,0.00625,0.014814814814814815
10,0.03984375,0.8597222222222223,0.011979166666666667,0.012037037037037037
10,0.07473958333333333,0.8212962962962963,0.0109375,0.012962962962962963
1,0.07369791666666667,0.812962962962963,0.0046875,0.016666666666666666
5,0.4234375,0.4152777777777778,0.009375,0.008333333333333333
6,0.29453125,0.4222222222222222,0.008854166666666666,0.014814814814814815
0,0.37083333333333335,0.30972222222222223,0.020833333333333332,0.01574074074074074
1,0.0018229166666666667,0.924074074074074,0.0026041666666666665,0.014814814814814815
10,0.0033854166666666668,0.9342592592592592,0.0067708333333333336,0.012962962962962963
