4,0.0171875,0.34120370370370373,0.021875,0.032407407407407406
10,0.02578125,0.30185185185185187,0.008854166666666666,0.009259259259259259
6,0.0484375,0.4546296296296296,0.0375,0.02962962962962963
6,0.14661458333333333,0.4393518518518518,0.016145833333333335,0.049074074074074076
6,0.10234375,0.5162037037037037,0.015104166666666667,0.03425925925925926
4,0.30130208333333336,0.5597222222222222,0.008854166666666666,0.03611111111111111
4,0.32135416666666666,0.3736111111111111,0.009375,0.041666666666666664
7,0.32317708333333334,0.5990740740740741,0.0078125,0.03148148148148148
9,0.3299479166666667,0.8328703703703704,0.0171875,0.10462962962962963
4,0.3020833333333333,0.9490740740740741,0.0125,0.03518518518518519
4,0.25416666666666665,0.8652777777777778,0.020833333333333332,0.021296296296296296
1,0.27239583333333334,0.8583333333333333,0.005208333333333333,0.011111111111111112
1,0.2760416666666667,0.8097222222222222,0.004166666666666667,0.010185185185185186
1,0.28072916666666664,0.8166666666666667,0.004166666666666667,0.011111111111111112
10,0.5330729166666667,0.2814814814814815,0.005729166666666666,0.014814814814814815
1,0.70390625,0.0587962962962963,0.0067708333333333336,0.013888888888888888
1,0.7127604166666667,0.06388888888888888,0.005729166666666666,0.009259259259259259
1,0.70703125,0.07685185185185185,0.005729166666666666,0.011111111111111112
1,0.7138020833333333,0.07037037037037037,0.005729166666666666,0.011111111111111112
1,0.7177083333333333,0.06666666666666667,0.005208333333333333,0.009259259259259259
1,0.6578125,0.16064814814814815,0.005208333333333333,0.012037037037037037
1,0.6661458333333333,0.17083333333333334,0.005208333333333333,0.010185185185185186
1,0.6666666666666666,0.17916666666666667,0.008333333333333333,0.008333333333333333
1,0.6611979166666667,0.2064814814814815,0.005729166666666666,0.009259259259259259
1,0.6703125,0.30833333333333335,0.00625,0.007407407407407408
1,0.6690104166666667,0.31342592592592594,0.0067708333333333336,0.006481481481481481
1,0.67109375,0.3199074074074074,0.005729166666666666,0.006481481481481481
1,0.6809895833333334,0.3314814814814815,0.0078125,0.009259259259259259
1,0.6739583333333333,0.3458333333333333,0.004166666666666667,0.004629629629629629
1,0.6755208333333333,0.350462962962963,0.007291666666666667,0.008333333333333333
1,0.6778645833333333,0.35462962962962963,0.0067708333333333336,0.007407407407407408
1,0.6770833333333334,0.4046296296296296,0.009375,0.007407407407407408
1,0.68125,0.46805555555555556,0.00625,0.006481481481481481
1,0.67734375,0.47685185185185186,0.0067708333333333336,0.007407407407407408
1,0.6799479166666667,0.49398148148148147,0.0067708333333333336,0.010185185185185186
1,0.6877604166666667,0.5203703703703704,0.0067708333333333336,0.007407407407407408
1,0.6809895833333334,0.6194444444444445,0.008854166666666666,0.009259259259259259
1,0.66484375,0.5671296296296297,0.0067708333333333336,0.004629629629629629
1,0.68125,0.649537037037037,0.003125,0.004629629629629629
1,0.67421875,0.649074074074074,0.0067708333333333336,0.005555555555555556
1,0.6744791666666666,0.6546296296296297,0.00625,0.007407407407407408
1,0.678125,0.6597222222222222,0.00625,0.006481481481481481
1,0.6809895833333334,0.7046296296296296,0.0046875,0.007407407407407408
1,0.7205729166666667,0.7111111111111111,0.0067708333333333336,0.009259259259259259
1,0.6890625,0.7175925925925926,0.007291666666666667,0.007407407407407408
1,0.6872395833333333,0.7212962962962963,0.008854166666666666,0.011111111111111112
1,0.6908854166666667,0.7333333333333333,0.0046875,0.007407407407407408
1,0.6893229166666667,0.7375,0.0046875,0.004629629629629629
1,0.6895833333333333,0.7439814814814815,0.005208333333333333,0.010185185185185186
1,0.690625,0.7518518518518519,0.00625,0.005555555555555556
1,0.6828125,0.7800925925925926,0.003125,0.006481481481481481
1,0.6848958333333334,0.7861111111111111,0.00625,0.007407407407407408
1,0.6848958333333334,0.8268518518518518,0.005208333333333333,0.011111111111111112
1,0.6872395833333333,0.7925925925925926,0.0067708333333333336,0.005555555555555556
