4,0.48385416666666664,1.3277777777777777,0.20104166666666667,0.12222222222222222
6,0.24479166666666666,0.6550925925925926,0.12604166666666666,0.11388888888888889
2,0.23697916666666666,0.5064814814814815,0.013541666666666667,0.03333333333333333
10,0.24869791666666666,1.3083333333333333,0.059895833333333336,0.1111111111111111
10,0.23828125,1.0986111111111112,0.043229166666666666,0.09351851851851851
10,0.3489583333333333,1.0805555555555555,0.058333333333333334,0.06851851851851852
4,0.32265625,1.1365740740740742,0.05364583333333333,0.08425925925925926
10,0.3580729166666667,0.9296296296296296,0.0453125,0.11481481481481481
4,0.19869791666666667,0.85,0.0484375,0.05925925925925926
4,0.28020833333333334,0.8486111111111111,0.051041666666666666,0.06388888888888888
10,0.19296875,0.9763888888888889,0.0546875,0.06388888888888888
10,0.22604166666666667,0.9930555555555556,0.05416666666666667,0.06574074074074074
10,0.2171875,0.9740740740740741,0.04479166666666667,0.05555555555555555
10,0.3497395833333333,0.47962962962962963,0.03802083333333333,0.053703703703703705
10,0.37890625,0.5814814814814815,0.033854166666666664,0.044444444444444446
6,0.8190104166666666,1.15,0.16822916666666668,0.2518518518518518
4,0.75234375,1.0541666666666667,0.1421875,0.18055555555555555
6,0.6799479166666667,0.9324074074074075,0.14010416666666667,0.17777777777777778
5,0.6255208333333333,0.8268518518518518,0.11354166666666667,0.1388888888888889
5,0.57265625,0.7722222222222223,0.12552083333333333,0.1425925925925926
4,0.52265625,0.7240740740740741,0.11614583333333334,0.12037037037037036
5,0.5091145833333334,0.6435185185185185,0.1109375,0.11666666666666667
5,0.47708333333333336,0.6032407407407407,0.1,0.11574074074074074
4,0.49244791666666665,0.5083333333333333,0.0984375,0.09814814814814815
4,0.47239583333333335,0.44305555555555554,0.08541666666666667,0.08796296296296297
4,0.5268229166666667,0.40046296296296297,0.0390625,0.0824074074074074
4,0.9552083333333333,0.9523148148148148,0.153125,0.2101851851851852
4,0.8171875,0.7666666666666667,0.07604166666666666,0.17037037037037037
5,0.7375,0.6592592592592592,0.0625,0.15555555555555556
4,0.9619791666666667,0.6773148148148148,0.11875,0.1361111111111111
4,0.6424479166666667,0.5550925925925926,0.08072916666666667,0.125
4,0.48828125,0.36203703703703705,0.0328125,0.07407407407407407
4,0.45260416666666664,0.325,0.03125,0.07037037037037037
4,0.45286458333333335,0.2652777777777778,0.0390625,0.05648148148148148
4,0.51796875,0.2611111111111111,0.04739583333333333,0.05740740740740741
4,0.5135416666666667,0.20601851851851852,0.041666666666666664,0.04722222222222222
4,0.471875,0.17175925925925925,0.03333333333333333,0.04537037037037037
5,0.41041666666666665,0.274537037037037,0.04375,0.075
4,0.3763020833333333,0.23703703703703705,0.04114583333333333,0.053703703703703705
4,0.3606770833333333,0.20555555555555555,0.04010416666666667,0.053703703703703705
5,0.35130208333333335,0.16805555555555557,0.0421875,0.05648148148148148
4,0.32890625,0.16342592592592592,0.03697916666666667,0.04537037037037037
4,0.3106770833333333,0.14351851851851852,0.027604166666666666,0.040740740740740744
4,0.3294270833333333,0.10277777777777777,0.0296875,0.03888888888888889
4,0.28854166666666664,0.12083333333333333,0.028125,0.041666666666666664
4,0.2721354166666667,0.09722222222222222,0.034895833333333334,0.046296296296296294
4,0.3078125,0.05324074074074074,0.025,0.030555555555555555
4,0.24427083333333333,0.06388888888888888,0.019791666666666666,0.03518518518518519
5,0.2140625,0.041666666666666664,0.04375,0.044444444444444446
4,0.19505208333333332,0.011574074074074073,0.022395833333333334,0.023148148148148147
4,1.00078125,0.36574074074074076,0.07864583333333333,0.06111111111111111
4,0.921875,0.31851851851851853,0.071875,0.05555555555555555
1,0.9223958333333333,0.38101851851851853,0.020833333333333332,0.05648148148148148
5,0.8453125,0.2625,0.058333333333333334,0.06018518518518518
4,0.7877604166666666,0.23333333333333334,0.05260416666666667,0.05
4,0.64609375,0.18101851851851852,0.0453125,0.03981481481481482
4,0.6223958333333334,0.13055555555555556,0.03854166666666667,0.04259259259259259
4,0.58359375,0.11157407407407408,0.03177083333333333,0.03425925925925926
4,0.5479166666666667,0.09259259259259259,0.030208333333333334,0.03148148148148148
4,0.5130208333333334,0.06481481481481481,0.028125,0.03333333333333333
5,0.3932291666666667,0.06805555555555555,0.04583333333333333,0.041666666666666664
4,0.37786458333333334,0.06435185185185185,0.04010416666666667,0.028703703703703703
4,0.37526041666666665,0.05740740740740741,0.0390625,0.027777777777777776
4,0.39921875,0.05277777777777778,0.03177083333333333,0.02962962962962963
1,0.6541666666666667,0.6958333333333333,0.015625,0.06944444444444445
1,0.6598958333333333,0.6597222222222222,0.013541666666666667,0.06944444444444445
1,0.38723958333333336,0.20277777777777778,0.009895833333333333,0.04259259259259259
1,0.37135416666666665,0.2513888888888889,0.008333333333333333,0.03981481481481482
1,0.359375,0.23842592592592593,0.009375,0.03981481481481482
7,0.7091145833333333,0.3685185185185185,0.0359375,0.053703703703703705
1,0.7455729166666667,0.13287037037037036,0.0078125,0.032407407407407406
2,0.4510416666666667,0.029166666666666667,0.005208333333333333,0.023148148148148147
3,0.4513020833333333,0.034722222222222224,0.0046875,0.019444444444444445
3,0.43411458333333336,0.017592592592592594,0.0046875,0.016666666666666666
1,0.4309895833333333,0.014814814814814815,0.0036458333333333334,0.022222222222222223
