5,0.615625,0.025925925925925925,0.019791666666666666,0.046296296296296294
4,0.6260416666666667,0.060648148148148145,0.026041666666666668,0.041666666666666664
1,0.6390625,0.11666666666666667,0.008333333333333333,0.03888888888888889
5,0.7184895833333333,0.30648148148148147,0.05260416666666667,0.1
5,0.7747395833333334,0.48009259259259257,0.059895833333333336,0.1361111111111111
4,0.8143229166666667,0.6222222222222222,0.06614583333333333,0.1388888888888889
9,0.95390625,1.0791666666666666,0.17552083333333332,0.6138888888888889
0,0.76015625,0.674074074074074,0.03697916666666667,0.0962962962962963
0,0.7731770833333333,0.8634259259259259,0.04114583333333333,0.11203703703703703
4,0.609375,0.40185185185185185,0.034375,0.08518518518518518
4,0.5783854166666667,0.5412037037037037,0.0359375,0.09722222222222222
4,0.27395833333333336,0.3472222222222222,0.03958333333333333,0.08518518518518518
4,0.2515625,0.4685185185185185,0.042708333333333334,0.10740740740740741
4,0.18671875,0.6722222222222223,0.06302083333333333,0.1388888888888889
5,0.13671875,0.8439814814814814,0.09427083333333333,0.21944444444444444
1,0.3625,0.059722222222222225,0.009375,0.05092592592592592
