1,0.02109375,0.674074074074074,0.018229166666666668,0.03518518518518519
1,0.028385416666666666,0.638425925925926,0.0171875,0.03425925925925926
1,0.10208333333333333,0.5958333333333333,0.016666666666666666,0.032407407407407406
1,0.17708333333333334,0.5412037037037037,0.008333333333333333,0.026851851851851852
1,0.17578125,0.5351851851851852,0.0078125,0.02962962962962963
1,0.08255208333333333,0.5509259259259259,0.013020833333333334,0.03518518518518519
1,0.0765625,0.5722222222222222,0.011458333333333333,0.025925925925925925
1,0.061197916666666664,0.5717592592592593,0.015104166666666667,0.03425925925925926
1,0.016927083333333332,0.638425925925926,0.015104166666666667,0.032407407407407406
1,0.01484375,0.6615740740740741,0.0140625,0.03981481481481482
1,0.009635416666666667,0.6560185185185186,0.0109375,0.03611111111111111
6,0.19244791666666666,0.48055555555555557,0.13697916666666668,0.1259259259259259
1,0.24036458333333333,0.48564814814814816,0.0078125,0.030555555555555555
1,0.25703125,0.4787037037037037,0.008854166666666666,0.027777777777777776
1,0.25416666666666665,0.4726851851851852,0.008333333333333333,0.028703703703703703
1,0.26979166666666665,0.4726851851851852,0.010416666666666666,0.026851851851851852
1,0.27005208333333336,0.46296296296296297,0.009895833333333333,0.03148148148148148
1,0.038802083333333334,0.38472222222222224,0.0078125,0.021296296296296296
1,0.04296875,0.38287037037037036,0.0078125,0.023148148148148147
1,0.053125,0.3902777777777778,0.008333333333333333,0.023148148148148147
1,0.06145833333333333,0.38796296296296295,0.009375,0.024074074074074074
1,0.06354166666666666,0.38564814814814813,0.008333333333333333,0.023148148148148147
1,0.08932291666666667,0.3787037037037037,0.0078125,0.022222222222222223
1,0.09817708333333333,0.375,0.0078125,0.022222222222222223
1,0.10104166666666667,0.43425925925925923,0.008333333333333333,0.024074074074074074
1,0.10625,0.43148148148148147,0.007291666666666667,0.025925925925925925
1,0.10911458333333333,0.4023148148148148,0.0078125,0.023148148148148147
1,0.12213541666666666,0.4273148148148148,0.0078125,0.021296296296296296
1,0.128125,0.4222222222222222,0.009375,0.022222222222222223
1,0.13645833333333332,0.42453703703703705,0.007291666666666667,0.025
1,0.14140625,0.41435185185185186,0.008854166666666666,0.026851851851851852
1,0.14921875,0.42083333333333334,0.009895833333333333,0.025
1,0.1515625,0.41759259259259257,0.007291666666666667,0.025925925925925925
1,0.16119791666666666,0.43333333333333335,0.013020833333333334,0.024074074074074074
1,0.16927083333333334,0.42824074074074076,0.008333333333333333,0.025
1,0.17526041666666667,0.4217592592592593,0.0067708333333333336,0.025
1,0.18177083333333333,0.44305555555555554,0.00625,0.028703703703703703
1,0.18567708333333333,0.4337962962962963,0.0067708333333333336,0.021296296296296296
1,0.19010416666666666,0.43194444444444446,0.00625,0.026851851851851852
1,0.18046875,0.4148148148148148,0.0078125,0.024074074074074074
1,0.015625,0.17037037037037037,0.004166666666666667,0.011111111111111112
1,0.2643229166666667,0.4300925925925926,0.005729166666666666,0.025
1,0.26640625,0.4263888888888889,0.0067708333333333336,0.023148148148148147
1,0.2872395833333333,0.46435185185185185,0.005729166666666666,0.025
1,0.2833333333333333,0.45092592592592595,0.005208333333333333,0.020370370370370372
1,0.2869791666666667,0.4439814814814815,0.005208333333333333,0.026851851851851852
1,0.2903645833333333,0.4615740740740741,0.005729166666666666,0.025
1,0.29791666666666666,0.46805555555555556,0.00625,0.021296296296296296
1,0.30911458333333336,0.47824074074074074,0.005729166666666666,0.028703703703703703
1,0.31484375,0.4773148148148148,0.005729166666666666,0.030555555555555555
1,0.31875,0.4726851851851852,0.005208333333333333,0.026851851851851852
1,0.32526041666666666,0.4699074074074074,0.005729166666666666,0.030555555555555555
1,0.31979166666666664,0.4912037037037037,0.008333333333333333,0.028703703703703703
1,0.328125,0.49583333333333335,0.007291666666666667,0.030555555555555555
1,0.3346354166666667,0.4925925925925926,0.0067708333333333336,0.027777777777777776
1,0.35052083333333334,0.5194444444444445,0.007291666666666667,0.03518518518518519
1,0.37057291666666664,0.5217592592592593,0.009895833333333333,0.032407407407407406
1,0.3966145833333333,0.5606481481481481,0.009895833333333333,0.03611111111111111
1,0.40390625,0.549074074074074,0.008854166666666666,0.03518518518518519
1,0.34375,0.49953703703703706,0.007291666666666667,0.03425925925925926
1,0.34270833333333334,0.487962962962963,0.00625,0.02962962962962963
1,0.3494791666666667,0.49537037037037035,0.007291666666666667,0.02962962962962963
1,0.35833333333333334,0.4981481481481482,0.00625,0.025925925925925925
1,0.35703125,0.5143518518518518,0.0078125,0.03425925925925926
1,0.36380208333333336,0.4935185185185185,0.0078125,0.03333333333333333
1,0.35625,0.48518518518518516,0.007291666666666667,0.03148148148148148
1,0.32838541666666665,0.47638888888888886,0.005729166666666666,0.025
1,0.37578125,0.5157407407407407,0.005729166666666666,0.03148148148148148
1,0.3924479166666667,0.5416666666666666,0.0067708333333333336,0.03148148148148148
1,0.39166666666666666,0.5324074074074074,0.00625,0.02962962962962963
1,0.3953125,0.525,0.00625,0.03148148148148148
1,0.39791666666666664,0.5194444444444445,0.005208333333333333,0.027777777777777776
1,0.42109375,0.5606481481481481,0.009895833333333333,0.03611111111111111
1,0.42734375,0.5550925925925926,0.005729166666666666,0.03611111111111111
1,0.42421875,0.5435185185185185,0.005729166666666666,0.027777777777777776
1,0.42916666666666664,0.5430555555555555,0.00625,0.030555555555555555
1,0.44635416666666666,0.5625,0.00625,0.03611111111111111
1,0.45260416666666664,0.5597222222222222,0.00625,0.032407407407407406
1,0.45364583333333336,0.5550925925925926,0.005208333333333333,0.032407407407407406
1,0.4375,0.6046296296296296,0.007291666666666667,0.03518518518518519
1,0.44479166666666664,0.6041666666666666,0.007291666666666667,0.03425925925925926
1,0.4513020833333333,0.6263888888888889,0.009895833333333333,0.041666666666666664
1,0.4640625,0.6032407407407407,0.009375,0.03611111111111111
1,0.4315104166666667,0.6712962962962963,0.009895833333333333,0.03333333333333333
1,0.44036458333333334,0.6601851851851852,0.008854166666666666,0.037037037037037035
1,0.4713541666666667,0.5995370370370371,0.007291666666666667,0.03611111111111111
1,0.48802083333333335,0.6125,0.011458333333333333,0.03611111111111111
1,0.49296875,0.6055555555555555,0.009895833333333333,0.03518518518518519
1,0.48854166666666665,0.5875,0.007291666666666667,0.032407407407407406
1,0.49557291666666664,0.5837962962962963,0.008854166666666666,0.032407407407407406
1,0.45989583333333334,0.6875,0.0125,0.04351851851851852
1,0.4661458333333333,0.6675925925925926,0.015625,0.03148148148148148
1,0.47161458333333334,0.6620370370370371,0.0067708333333333336,0.027777777777777776
1,0.4739583333333333,0.7134259259259259,0.011458333333333333,0.041666666666666664
1,0.47890625,0.7078703703703704,0.0109375,0.041666666666666664
1,0.484375,0.6986111111111111,0.011458333333333333,0.041666666666666664
1,0.5208333333333334,0.6884259259259259,0.010416666666666666,0.03796296296296296
1,0.5239583333333333,0.6861111111111111,0.009375,0.03148148148148148
1,0.52578125,0.6708333333333333,0.0109375,0.03796296296296296
1,0.4125,0.3541666666666667,0.005208333333333333,0.023148148148148147
1,0.48932291666666666,0.324537037037037,0.005729166666666666,0.021296296296296296
1,0.50078125,0.3199074074074074,0.0036458333333333334,0.019444444444444445
1,0.5182291666666666,0.40879629629629627,0.00625,0.023148148148148147
1,0.5401041666666667,0.5217592592592593,0.009375,0.028703703703703703
1,0.5768229166666666,0.7865740740740741,0.013020833333333334,0.04722222222222222
1,0.5838541666666667,0.7416666666666667,0.01875,0.037037037037037035
1,0.60234375,0.7925925925925926,0.0171875,0.037037037037037035
1,0.6111979166666667,0.7638888888888888,0.011979166666666667,0.03333333333333333
1,0.5822916666666667,0.8671296296296296,0.014583333333333334,0.04351851851851852
1,0.5885416666666666,0.8597222222222223,0.0125,0.03981481481481482
1,0.6427083333333333,0.8013888888888889,0.019791666666666666,0.04351851851851852
1,0.64921875,0.9546296296296296,0.0234375,0.03518518518518519
1,0.6489583333333333,0.9236111111111112,0.020833333333333332,0.03981481481481482
1,0.6640625,0.8944444444444445,0.021875,0.03888888888888889
1,0.69296875,0.9305555555555556,0.0265625,0.05555555555555555
1,0.7098958333333333,0.9148148148148149,0.0125,0.05
2,0.6786458333333333,0.6611111111111111,0.017708333333333333,0.02962962962962963
10,0.6802083333333333,0.6666666666666666,0.019791666666666666,0.040740740740740744
