1,0.03671875,0.625462962962963,0.0067708333333333336,0.030555555555555555
1,0.05625,0.6319444444444444,0.008333333333333333,0.028703703703703703
3,0.04505208333333333,0.6291666666666667,0.011979166666666667,0.023148148148148147
10,0.12213541666666666,0.6462962962962963,0.024479166666666666,0.024074074074074074
1,0.08229166666666667,0.625,0.010416666666666666,0.03148148148148148
1,0.09505208333333333,0.6231481481481481,0.008854166666666666,0.03518518518518519
10,0.05234375,0.6458333333333334,0.0171875,0.019444444444444445
3,0.07864583333333333,0.6462962962962963,0.0125,0.022222222222222223
10,0.06744791666666666,0.6240740740740741,0.018229166666666668,0.016666666666666666
2,0.06692708333333333,0.6185185185185185,0.0078125,0.022222222222222223
1,0.09921875,0.6111111111111112,0.0067708333333333336,0.027777777777777776
1,0.10703125,0.611574074074074,0.0067708333333333336,0.032407407407407406
1,0.1125,0.6060185185185185,0.00625,0.023148148148148147
1,0.11927083333333334,0.6074074074074074,0.008333333333333333,0.024074074074074074
1,0.10208333333333333,0.6087962962962963,0.005208333333333333,0.025
3,0.11041666666666666,0.625462962962963,0.01875,0.021296296296296296
0,0.07682291666666667,0.6050925925925926,0.018229166666666668,0.013888888888888888
1,0.15520833333333334,0.6282407407407408,0.00625,0.032407407407407406
1,0.16510416666666666,0.6199074074074075,0.00625,0.026851851851851852
1,0.17083333333333334,0.6166666666666667,0.007291666666666667,0.025925925925925925
1,0.17916666666666667,0.6148148148148148,0.007291666666666667,0.025925925925925925
1,0.190625,0.6134259259259259,0.00625,0.025
2,0.20807291666666666,0.6111111111111112,0.008854166666666666,0.022222222222222223
1,0.23177083333333334,0.6097222222222223,0.008333333333333333,0.025
2,0.2557291666666667,0.6212962962962963,0.007291666666666667,0.027777777777777776
1,0.21953125,0.6263888888888889,0.005729166666666666,0.026851851851851852
1,0.22239583333333332,0.6175925925925926,0.005208333333333333,0.024074074074074074
1,0.14791666666666667,0.6166666666666667,0.00625,0.024074074074074074
3,0.15729166666666666,0.6342592592592593,0.019791666666666666,0.024074074074074074
4,0.24036458333333333,0.6407407407407407,0.04114583333333333,0.037037037037037035
4,0.18125,0.6537037037037037,0.06145833333333333,0.046296296296296294
1,0.27447916666666666,0.6097222222222223,0.009375,0.026851851851851852
1,0.12708333333333333,0.612037037037037,0.00625,0.025925925925925925
3,0.18932291666666667,0.6268518518518519,0.0171875,0.018518518518518517
1,0.28958333333333336,0.6212962962962963,0.005208333333333333,0.025925925925925925
1,0.29322916666666665,0.6199074074074075,0.005208333333333333,0.023148148148148147
1,0.29583333333333334,0.6134259259259259,0.00625,0.028703703703703703
1,0.30052083333333335,0.6101851851851852,0.00625,0.03518518518518519
1,0.30625,0.6055555555555555,0.007291666666666667,0.02962962962962963
2,0.27317708333333335,0.6736111111111112,0.011979166666666667,0.03981481481481482
2,0.2786458333333333,0.6685185185185185,0.011458333333333333,0.03888888888888889
10,0.27239583333333334,0.6837962962962963,0.023958333333333335,0.030555555555555555
10,0.27708333333333335,0.6782407407407407,0.025,0.028703703703703703
4,0.2721354166666667,0.6560185185185186,0.0609375,0.041666666666666664
4,0.3450520833333333,0.6666666666666666,0.06822916666666666,0.044444444444444446
5,0.31875,0.6407407407407407,0.03229166666666667,0.05185185185185185
1,0.37578125,0.6342592592592593,0.008854166666666666,0.03888888888888889
2,0.3841145833333333,0.6476851851851851,0.008854166666666666,0.025
2,0.3885416666666667,0.6444444444444445,0.008333333333333333,0.027777777777777776
2,0.3953125,0.6361111111111111,0.010416666666666666,0.02962962962962963
2,0.40208333333333335,0.6263888888888889,0.00625,0.028703703703703703
3,0.40286458333333336,0.6300925925925925,0.018229166666666668,0.021296296296296296
1,0.41432291666666665,0.6125,0.0067708333333333336,0.025
1,0.4239583333333333,0.6467592592592593,0.011458333333333333,0.041666666666666664
2,0.4088541666666667,0.6550925925925926,0.0125,0.028703703703703703
7,0.41171875,0.6717592592592593,0.018229166666666668,0.032407407407407406
1,0.46145833333333336,0.6069444444444444,0.00625,0.021296296296296296
2,0.4609375,0.6166666666666667,0.0125,0.022222222222222223
1,0.4895833333333333,0.6601851851851852,0.011458333333333333,0.046296296296296294
1,0.49583333333333335,0.6601851851851852,0.010416666666666666,0.04814814814814815
2,0.51171875,0.6782407407407407,0.011979166666666667,0.04537037037037037
1,0.5213541666666667,0.6578703703703703,0.011458333333333333,0.041666666666666664
2,0.5385416666666667,0.6601851851851852,0.015625,0.040740740740740744
10,0.5127604166666667,0.687962962962963,0.0328125,0.03333333333333333
3,0.5380208333333333,0.6671296296296296,0.011458333333333333,0.028703703703703703
1,0.5549479166666667,0.6226851851851852,0.009895833333333333,0.03425925925925926
2,0.6244791666666667,0.6467592592592593,0.0125,0.030555555555555555
1,0.7044270833333334,0.6662037037037037,0.0067708333333333336,0.041666666666666664
1,0.7080729166666667,0.6685185185185185,0.008854166666666666,0.040740740740740744
4,0.6114583333333333,0.6935185185185185,0.08541666666666667,0.05555555555555555
4,0.6697916666666667,0.6805555555555556,0.07708333333333334,0.05
4,0.709375,0.6587962962962963,0.03854166666666667,0.05462962962962963
4,0.53671875,0.6388888888888888,0.027604166666666666,0.03333333333333333
4,0.53125,0.6226851851851852,0.020833333333333332,0.03796296296296296
4,0.5286458333333334,0.6203703703703703,0.019791666666666666,0.04259259259259259
4,0.52421875,0.6013888888888889,0.0171875,0.03425925925925926
4,0.43020833333333336,0.5805555555555556,0.011458333333333333,0.020370370370370372
4,0.4622395833333333,0.5907407407407408,0.0140625,0.020370370370370372
4,0.46380208333333334,0.5875,0.013020833333333334,0.028703703703703703
0,0.46979166666666666,0.5592592592592592,0.010416666666666666,0.027777777777777776
4,0.475,0.6699074074074074,0.06979166666666667,0.04351851851851852
2,0.3580729166666667,0.6171296296296296,0.0109375,0.028703703703703703
