4,0.12604166666666666,0.7268518518518519,0.03229166666666667,0.06666666666666667
4,0.17916666666666667,0.4532407407407407,0.025,0.03796296296296296
4,0.21614583333333334,0.37916666666666665,0.016666666666666666,0.03796296296296296
2,0.14375,0.3527777777777778,0.004166666666666667,0.009259259259259259
10,0.14375,0.3611111111111111,0.00625,0.009259259259259259
2,0.21067708333333332,0.25,0.0026041666666666665,0.009259259259259259
10,0.21067708333333332,0.25833333333333336,0.0036458333333333334,0.009259259259259259
0,0.19114583333333332,0.28703703703703703,0.007291666666666667,0.020370370370370372
4,0.44973958333333336,0.23148148148148148,0.008854166666666666,0.022222222222222223
4,0.4265625,0.22870370370370371,0.008333333333333333,0.016666666666666666
2,0.303125,0.9666666666666667,0.005208333333333333,0.03333333333333333
10,0.30234375,0.9680555555555556,0.021354166666666667,0.019444444444444445
4,0.1453125,0.975462962962963,0.04375,0.04351851851851852
4,0.009635416666666667,0.7754629629629629,0.019270833333333334,0.0787037037037037
2,0.011197916666666667,0.5541666666666667,0.009895833333333333,0.013888888888888888
10,0.013020833333333334,0.5648148148148148,0.0125,0.009259259259259259
5,0.11744791666666667,0.1375,0.013020833333333334,0.01574074074074074
4,0.4630208333333333,0.07916666666666666,0.007291666666666667,0.013888888888888888
4,0.4708333333333333,0.07824074074074074,0.00625,0.012037037037037037
4,0.4783854166666667,0.07777777777777778,0.005729166666666666,0.012962962962962963
4,0.48203125,0.2828703703703704,0.016145833333333335,0.013888888888888888
4,0.36822916666666666,0.10972222222222222,0.009375,0.012037037037037037
2,0.33932291666666664,0.09351851851851851,0.0026041666666666665,0.005555555555555556
10,0.3390625,0.09814814814814815,0.003125,0.005555555555555556
4,0.4049479166666667,0.22685185185185186,0.013020833333333334,0.014814814814814815
4,0.7169270833333333,0.09675925925925925,0.0140625,0.010185185185185186
4,0.71015625,0.08842592592592592,0.013020833333333334,0.010185185185185186
4,0.7072916666666667,0.08657407407407407,0.014583333333333334,0.010185185185185186
4,0.6791666666666667,0.06435185185185185,0.013541666666666667,0.010185185185185186
4,0.8015625,0.052314814814814814,0.010416666666666666,0.010185185185185186
4,0.79375,0.3685185185185185,0.03125,0.020370370370370372
4,0.8299479166666667,0.3662037037037037,0.030729166666666665,0.021296296296296296
4,0.85859375,0.41435185185185186,0.0234375,0.021296296296296296
