4,0.19869791666666667,0.7291666666666666,0.03177083333333333,0.0712962962962963
4,0.4309895833333333,0.24444444444444444,0.0067708333333333336,0.012962962962962963
9,0.3380208333333333,0.2652777777777778,0.03125,0.041666666666666664
5,0.36484375,0.2375,0.011979166666666667,0.01574074074074074
11,0.440625,0.2912037037037037,0.01875,0.026851851851851852
4,0.40182291666666664,0.16111111111111112,0.0046875,0.007407407407407408
4,0.38828125,0.125,0.0036458333333333334,0.005555555555555556
4,0.4765625,0.24768518518518517,0.0125,0.010185185185185186
2,0.44140625,0.23148148148148148,0.0015625,0.005555555555555556
3,0.44114583333333335,0.2351851851851852,0.0020833333333333333,0.005555555555555556
6,0.41302083333333334,0.16712962962962963,0.007291666666666667,0.023148148148148147
2,0.41875,0.15925925925925927,0.0020833333333333333,0.005555555555555556
3,0.41875,0.16018518518518518,0.0020833333333333333,0.003703703703703704
4,0.4244791666666667,0.11342592592592593,0.007291666666666667,0.006481481481481481
5,0.4239583333333333,0.10972222222222222,0.008333333333333333,0.006481481481481481
4,0.4388020833333333,0.10416666666666667,0.0078125,0.006481481481481481
5,0.45078125,0.11018518518518519,0.0078125,0.007407407407407408
5,0.43463541666666666,0.09027777777777778,0.0036458333333333334,0.004629629629629629
4,0.42942708333333335,0.09166666666666666,0.0046875,0.005555555555555556
6,0.41692708333333334,0.0912037037037037,0.0067708333333333336,0.006481481481481481
11,0.3229166666666667,0.1814814814814815,0.016666666666666666,0.02962962962962963
5,0.32578125,0.13796296296296295,0.0046875,0.009259259259259259
5,0.37161458333333336,0.07962962962962963,0.0026041666666666665,0.005555555555555556
6,0.37526041666666665,0.08287037037037037,0.0046875,0.010185185185185186
0,0.36822916666666666,0.06435185185185185,0.008333333333333333,0.012037037037037037
0,0.3927083333333333,0.10648148148148148,0.009375,0.022222222222222223
1,0.29140625,0.5421296296296296,0.0067708333333333336,0.021296296296296296
4,0.46510416666666665,0.28888888888888886,0.011458333333333333,0.014814814814814815
11,0.4356770833333333,0.11435185185185186,0.005729166666666666,0.012037037037037037
4,0.14895833333333333,0.17546296296296296,0.010416666666666666,0.008333333333333333
5,0.14947916666666666,0.1712962962962963,0.010416666666666666,0.009259259259259259
4,0.1203125,0.2023148148148148,0.011458333333333333,0.010185185185185186
0,0.37135416666666665,0.01898148148148148,0.014583333333333334,0.03611111111111111
