6,0.009635416666666667,0.08333333333333333,0.0078125,0.037037037037037035
4,0.16875,0.16527777777777777,0.009375,0.025
6,0.015104166666666667,0.3902777777777778,0.011458333333333333,0.05462962962962963
10,0.07994791666666666,0.44351851851851853,0.0026041666666666665,0.009259259259259259
4,0.21484375,0.30694444444444446,0.0067708333333333336,0.025
4,0.24895833333333334,0.37222222222222223,0.00625,0.024074074074074074
5,0.26119791666666664,0.2902777777777778,0.005729166666666666,0.019444444444444445
5,0.24609375,0.2875,0.0067708333333333336,0.025
5,0.25364583333333335,0.28888888888888886,0.00625,0.020370370370370372
4,0.2682291666666667,0.28935185185185186,0.00625,0.023148148148148147
10,0.21979166666666666,0.4097222222222222,0.005208333333333333,0.010185185185185186
10,0.24088541666666666,0.41203703703703703,0.0067708333333333336,0.007407407407407408
10,0.23151041666666666,0.41388888888888886,0.0015625,0.009259259259259259
10,0.22708333333333333,0.4115740740740741,0.004166666666666667,0.008333333333333333
10,0.24921875,0.412962962962963,0.0046875,0.009259259259259259
10,0.26328125,0.4134259259259259,0.0046875,0.013888888888888888
10,0.08984375,0.5300925925925926,0.0036458333333333334,0.013888888888888888
10,0.09479166666666666,0.4930555555555556,0.003125,0.010185185185185186
4,0.1171875,0.49583333333333335,0.008333333333333333,0.025
4,0.1140625,0.5291666666666667,0.007291666666666667,0.026851851851851852
5,0.10651041666666666,0.5226851851851851,0.0078125,0.021296296296296296
5,0.1015625,0.49074074074074076,0.007291666666666667,0.025925925925925925
5,0.12265625,0.5259259259259259,0.0078125,0.027777777777777776
4,0.11041666666666666,0.49212962962962964,0.00625,0.019444444444444445
4,0.09895833333333333,0.5236111111111111,0.007291666666666667,0.028703703703703703
4,0.10963541666666667,0.600462962962963,0.0078125,0.026851851851851852
4,0.12526041666666668,0.5990740740740741,0.0067708333333333336,0.025925925925925925
5,0.11666666666666667,0.600462962962963,0.00625,0.028703703703703703
5,0.12265625,0.6351851851851852,0.0067708333333333336,0.022222222222222223
5,0.13828125,0.6356481481481482,0.0078125,0.025
5,0.15390625,0.6370370370370371,0.0067708333333333336,0.025925925925925925
5,0.16145833333333334,0.6375,0.00625,0.026851851851851852
5,0.1703125,0.6388888888888888,0.00625,0.022222222222222223
5,0.1328125,0.600925925925926,0.005208333333333333,0.027777777777777776
4,0.0036458333333333334,0.6166666666666667,0.007291666666666667,0.025925925925925925
4,0.022916666666666665,0.7046296296296296,0.010416666666666666,0.025925925925925925
4,0.016145833333333335,0.6407407407407407,0.010416666666666666,0.02962962962962963
5,0.026822916666666665,0.5722222222222222,0.009895833333333333,0.027777777777777776
5,0.18828125,0.7087962962962963,0.005729166666666666,0.028703703703703703
5,0.21302083333333333,0.7101851851851851,0.007291666666666667,0.02962962962962963
4,0.19661458333333334,0.7074074074074074,0.0078125,0.02962962962962963
4,0.22135416666666666,0.712037037037037,0.008333333333333333,0.027777777777777776
4,0.2296875,0.7134259259259259,0.007291666666666667,0.028703703703703703
5,0.24661458333333333,0.7125,0.0067708333333333336,0.023148148148148147
4,0.2671875,0.7134259259259259,0.007291666666666667,0.028703703703703703
4,0.2375,0.7125,0.007291666666666667,0.030555555555555555
6,0.29583333333333334,0.11944444444444445,0.00625,0.02962962962962963
4,0.2765625,0.2912037037037037,0.00625,0.025
4,0.27291666666666664,0.3726851851851852,0.007291666666666667,0.023148148148148147
4,0.28046875,0.37453703703703706,0.005729166666666666,0.023148148148148147
4,0.29010416666666666,0.29074074074074074,0.00625,0.025925925925925925
4,0.33177083333333335,0.3037037037037037,0.005208333333333333,0.022222222222222223
4,0.29765625,0.29212962962962963,0.005729166666666666,0.021296296296296296
5,0.3046875,0.29398148148148145,0.005208333333333333,0.025
5,0.31302083333333336,0.29444444444444445,0.005208333333333333,0.025925925925925925
5,0.28854166666666664,0.34953703703703703,0.005208333333333333,0.021296296296296296
5,0.32447916666666665,0.3013888888888889,0.004166666666666667,0.025
5,0.3536458333333333,0.45416666666666666,0.00625,0.026851851851851852
4,0.3692708333333333,0.4583333333333333,0.00625,0.027777777777777776
4,0.3768229166666667,0.4527777777777778,0.0067708333333333336,0.027777777777777776
10,0.28229166666666666,0.41388888888888886,0.005208333333333333,0.009259259259259259
10,0.27447916666666666,0.4134259259259259,0.004166666666666667,0.010185185185185186
1,0.28515625,0.38055555555555554,0.0026041666666666665,0.003703703703703704
1,0.28515625,0.37222222222222223,0.0026041666666666665,0.003703703703703704
4,0.2755208333333333,0.7143518518518519,0.007291666666666667,0.028703703703703703
4,0.28411458333333334,0.7143518518518519,0.0078125,0.026851851851851852
4,0.33619791666666665,0.6125,0.0067708333333333336,0.026851851851851852
4,0.3450520833333333,0.6138888888888889,0.0067708333333333336,0.02962962962962963
4,0.3377604166666667,0.5439814814814815,0.005729166666666666,0.023148148148148147
4,0.3684895833333333,0.6162037037037037,0.0067708333333333336,0.026851851851851852
10,0.2911458333333333,0.7134259259259259,0.003125,0.013888888888888888
10,0.29973958333333334,0.7194444444444444,0.0036458333333333334,0.011111111111111112
10,0.30703125,0.7203703703703703,0.0026041666666666665,0.012962962962962963
10,0.303125,0.7203703703703703,0.003125,0.012962962962962963
10,0.29635416666666664,0.7199074074074074,0.003125,0.012037037037037037
1,0.30833333333333335,0.6388888888888888,0.003125,0.003703703703703704
1,0.32864583333333336,0.5805555555555556,0.0020833333333333333,0.003703703703703704
1,0.3263020833333333,0.5777777777777777,0.0015625,0.003703703703703704
1,0.3182291666666667,0.5578703703703703,0.003125,0.002777777777777778
1,0.31536458333333334,0.5597222222222222,0.0026041666666666665,0.004629629629629629
4,0.34453125,0.6481481481481481,0.0067708333333333336,0.02962962962962963
4,0.35260416666666666,0.6467592592592593,0.007291666666666667,0.028703703703703703
4,0.35963541666666665,0.65,0.0067708333333333336,0.024074074074074074
4,0.36822916666666666,0.6518518518518519,0.00625,0.024074074074074074
4,0.37552083333333336,0.6504629629629629,0.00625,0.026851851851851852
4,0.3924479166666667,0.6180555555555556,0.005729166666666666,0.023148148148148147
4,0.39140625,0.6546296296296297,0.005729166666666666,0.027777777777777776
5,0.39947916666666666,0.6523148148148148,0.005208333333333333,0.026851851851851852
5,0.4005208333333333,0.6199074074074075,0.005208333333333333,0.028703703703703703
5,0.37083333333333335,0.5115740740740741,0.00625,0.023148148148148147
5,0.39375,0.5143518518518518,0.00625,0.025
5,0.37786458333333334,0.5115740740740741,0.005729166666666666,0.021296296296296296
4,0.36953125,0.5425925925925926,0.0067708333333333336,0.025925925925925925
4,0.33932291666666664,0.5106481481481482,0.0067708333333333336,0.026851851851851852
4,0.34817708333333336,0.5106481481481482,0.005729166666666666,0.025
4,0.35520833333333335,0.5115740740740741,0.00625,0.026851851851851852
5,0.35442708333333334,0.5412037037037037,0.0067708333333333336,0.025
4,0.36171875,0.5435185185185185,0.005729166666666666,0.025925925925925925
4,0.38515625,0.5430555555555555,0.005729166666666666,0.023148148148148147
4,0.38515625,0.513425925925926,0.005729166666666666,0.025
10,0.33203125,0.5199074074074074,0.0026041666666666665,0.012037037037037037
5,0.47161458333333334,0.08796296296296297,0.005729166666666666,0.020370370370370372
5,0.45546875,0.3578703703703704,0.013020833333333334,0.010185185185185186
5,0.40598958333333335,0.4587962962962963,0.0046875,0.019444444444444445
5,0.4080729166666667,0.6194444444444445,0.0067708333333333336,0.027777777777777776
5,0.42552083333333335,0.5467592592592593,0.00625,0.026851851851851852
4,0.42421875,0.5152777777777777,0.005729166666666666,0.026851851851851852
4,0.415625,0.5458333333333333,0.00625,0.028703703703703703
4,0.4161458333333333,0.6185185185185185,0.00625,0.027777777777777776
4,0.4244791666666667,0.6175925925925926,0.00625,0.022222222222222223
4,0.40130208333333334,0.5458333333333333,0.005729166666666666,0.025
4,0.4083333333333333,0.5458333333333333,0.00625,0.026851851851851852
4,0.41640625,0.5148148148148148,0.005729166666666666,0.024074074074074074
4,0.45729166666666665,0.49675925925925923,0.0125,0.008333333333333333
4,0.45755208333333336,0.5949074074074074,0.011979166666666667,0.008333333333333333
4,0.45677083333333335,0.6222222222222222,0.015625,0.012962962962962963
4,0.4549479166666667,0.5800925925925926,0.015104166666666667,0.012037037037037037
5,0.45755208333333336,0.5518518518518518,0.0140625,0.012962962962962963
4,0.45598958333333334,0.5236111111111111,0.0140625,0.012037037037037037
4,0.45703125,0.4703703703703704,0.0140625,0.011111111111111112
4,0.45729166666666665,0.45092592592592595,0.017708333333333333,0.012962962962962963
4,0.4583333333333333,0.6513888888888889,0.014583333333333334,0.013888888888888888
5,0.4578125,0.6662037037037037,0.015625,0.013888888888888888
5,0.4588541666666667,0.6810185185185185,0.016666666666666666,0.013888888888888888
4,0.45755208333333336,0.7092592592592593,0.016145833333333335,0.012962962962962963
4,0.45807291666666666,0.6953703703703704,0.015104166666666667,0.012962962962962963
4,0.45807291666666666,0.7240740740740741,0.0140625,0.009259259259259259
1,0.6143229166666667,0.04583333333333333,0.0026041666666666665,0.006481481481481481
4,0.5299479166666666,0.5115740740740741,0.0109375,0.021296296296296296
4,0.5841145833333333,0.5370370370370371,0.0109375,0.020370370370370372
4,0.5286458333333334,0.4537037037037037,0.013541666666666667,0.020370370370370372
4,0.5841145833333333,0.5162037037037037,0.009895833333333333,0.019444444444444445
4,0.5833333333333334,0.4981481481481482,0.0125,0.018518518518518517
4,0.58203125,0.48148148148148145,0.013020833333333334,0.020370370370370372
4,0.5815104166666667,0.27870370370370373,0.011979166666666667,0.016666666666666666
4,0.5809895833333333,0.2972222222222222,0.013020833333333334,0.018518518518518517
4,0.58359375,0.40324074074074073,0.009895833333333333,0.019444444444444445
4,0.5838541666666667,0.3685185185185185,0.010416666666666666,0.024074074074074074
4,0.5828125,0.3486111111111111,0.009375,0.017592592592592594
4,0.5825520833333333,0.33240740740740743,0.009895833333333333,0.018518518518518517
4,0.5291666666666667,0.3814814814814815,0.0125,0.020370370370370372
4,0.5315104166666667,0.34444444444444444,0.0109375,0.020370370370370372
4,0.52890625,0.3300925925925926,0.0109375,0.017592592592592594
4,0.5286458333333334,0.3125,0.010416666666666666,0.01574074074074074
4,0.5299479166666666,0.2962962962962963,0.0109375,0.012962962962962963
4,0.5302083333333333,0.26157407407407407,0.009375,0.01574074074074074
4,0.5802083333333333,0.2449074074074074,0.011458333333333333,0.019444444444444445
5,0.5794270833333334,0.26342592592592595,0.011979166666666667,0.01574074074074074
5,0.52890625,0.24537037037037038,0.009895833333333333,0.016666666666666666
5,0.5802083333333333,0.22916666666666666,0.010416666666666666,0.017592592592592594
4,0.5278645833333333,0.2310185185185185,0.009895833333333333,0.01574074074074074
1,0.62109375,0.4060185185185185,0.0036458333333333334,0.002777777777777778
