9,0.7205729166666667,0.47129629629629627,0.0546875,0.09814814814814815
4,0.8544270833333333,0.33425925925925926,0.022395833333333334,0.03148148148148148
4,0.6966145833333334,0.3402777777777778,0.0328125,0.030555555555555555
4,0.7174479166666666,0.3199074074074074,0.03177083333333333,0.030555555555555555
4,0.73046875,0.30925925925925923,0.0203125,0.020370370370370372
4,0.7723958333333333,0.2949074074074074,0.014583333333333334,0.026851851851851852
4,0.9190104166666667,0.1587962962962963,0.0109375,0.01574074074074074
4,0.9427083333333334,0.1337962962962963,0.017708333333333333,0.012037037037037037
4,0.9109375,0.1287037037037037,0.016666666666666666,0.011111111111111112
4,0.9640625,0.1111111111111111,0.010416666666666666,0.014814814814814815
4,0.9614583333333333,0.09027777777777778,0.00625,0.010185185185185186
5,0.6572916666666667,0.4532407407407407,0.026041666666666668,0.04351851851851852
5,0.61171875,0.4638888888888889,0.019270833333333334,0.04259259259259259
4,0.7505208333333333,0.2662037037037037,0.026041666666666668,0.021296296296296296
4,0.7549479166666667,0.2569444444444444,0.021354166666666667,0.013888888888888888
4,0.7770833333333333,0.24583333333333332,0.017708333333333333,0.019444444444444445
4,0.78515625,0.2412037037037037,0.022395833333333334,0.023148148148148147
4,0.8125,0.2013888888888889,0.025,0.017592592592592594
4,0.81640625,0.19305555555555556,0.0171875,0.013888888888888888
4,0.8213541666666667,0.18425925925925926,0.01875,0.012962962962962963
4,0.828125,0.225,0.014583333333333334,0.020370370370370372
5,0.8442708333333333,0.14074074074074075,0.013541666666666667,0.016666666666666666
4,0.8734375,0.12314814814814815,0.014583333333333334,0.011111111111111112
4,0.9817708333333334,0.1648148148148148,0.008333333333333333,0.014814814814814815
1,0.6330729166666667,0.49722222222222223,0.005729166666666666,0.025925925925925925
1,0.59453125,0.5194444444444445,0.0067708333333333336,0.024074074074074074
10,0.39557291666666666,0.7129629629629629,0.022395833333333334,0.022222222222222223
10,0.37057291666666664,0.7412037037037037,0.0171875,0.023148148148148147
10,0.6380208333333334,0.4,0.011458333333333333,0.018518518518518517
10,0.5236979166666667,0.5925925925925926,0.0109375,0.024074074074074074
2,0.29791666666666666,0.9458333333333333,0.016666666666666666,0.028703703703703703
2,0.22265625,0.7870370370370371,0.008854166666666666,0.016666666666666666
10,0.22473958333333333,0.8046296296296296,0.0171875,0.02962962962962963
10,0.30364583333333334,0.9694444444444444,0.01875,0.022222222222222223
10,0.21822916666666667,0.9629629629629629,0.03229166666666667,0.044444444444444446
10,0.21458333333333332,0.9148148148148149,0.03333333333333333,0.04814814814814815
4,0.8833333333333333,0.11203703703703703,0.017708333333333333,0.014814814814814815
4,0.9934895833333334,0.04259259259259259,0.0036458333333333334,0.007407407407407408
7,0.47265625,0.6472222222222223,0.018229166666666668,0.024074074074074074
7,0.6361979166666667,0.4398148148148148,0.0067708333333333336,0.018518518518518517
10,0.24661458333333333,0.7078703703703704,0.021354166666666667,0.025
1,0.19713541666666667,0.6768518518518518,0.009895833333333333,0.03148148148148148
1,0.17994791666666668,0.6662037037037037,0.0078125,0.028703703703703703
4,0.07682291666666667,0.47314814814814815,0.044270833333333336,0.046296296296296294
4,0.025260416666666667,0.4638888888888889,0.0296875,0.04259259259259259
4,0.01328125,0.44675925925925924,0.0265625,0.04537037037037037
