10,0.40390625,0.12685185185185185,0.019270833333333334,0.016666666666666666
10,0.4036458333333333,0.11990740740740741,0.017708333333333333,0.01574074074074074
10,0.43802083333333336,0.1726851851851852,0.016666666666666666,0.013888888888888888
10,0.43515625,0.16574074074074074,0.0140625,0.009259259259259259
10,0.43515625,0.1597222222222222,0.016145833333333335,0.012037037037037037
10,0.4432291666666667,0.18935185185185185,0.017708333333333333,0.019444444444444445
10,0.44869791666666664,0.19583333333333333,0.021354166666666667,0.021296296296296296
10,0.45338541666666665,0.20601851851851852,0.0203125,0.012037037037037037
10,0.47682291666666665,0.18009259259259258,0.0078125,0.026851851851851852
10,0.48984375,0.16898148148148148,0.016145833333333335,0.017592592592592594
10,0.49192708333333335,0.17592592592592593,0.015104166666666667,0.014814814814814815
10,0.5,0.19907407407407407,0.01875,0.024074074074074074
10,0.5354166666666667,0.28888888888888886,0.010416666666666666,0.03148148148148148
1,0.45208333333333334,0.26990740740740743,0.00625,0.030555555555555555
10,0.50390625,0.2712962962962963,0.021354166666666667,0.024074074074074074
10,0.50625,0.2773148148148148,0.020833333333333332,0.01574074074074074
10,0.5075520833333333,0.28379629629629627,0.0203125,0.017592592592592594
10,0.5088541666666667,0.2912037037037037,0.021875,0.019444444444444445
10,0.5109375,0.2986111111111111,0.021875,0.025
10,0.5143229166666666,0.3074074074074074,0.021354166666666667,0.022222222222222223
10,0.5140625,0.31527777777777777,0.027083333333333334,0.026851851851851852
10,0.5200520833333333,0.32546296296296295,0.022395833333333334,0.023148148148148147
10,0.52265625,0.3333333333333333,0.022395833333333334,0.024074074074074074
10,0.525,0.3435185185185185,0.020833333333333332,0.024074074074074074
10,0.46380208333333334,0.275,0.0140625,0.014814814814814815
10,0.46536458333333336,0.2828703703703704,0.013020833333333334,0.01574074074074074
10,0.46927083333333336,0.2916666666666667,0.015625,0.014814814814814815
10,0.4713541666666667,0.300462962962963,0.015625,0.013888888888888888
10,0.47317708333333336,0.30694444444444446,0.015104166666666667,0.013888888888888888
10,0.47552083333333334,0.3143518518518518,0.016666666666666666,0.013888888888888888
10,0.47734375,0.32083333333333336,0.018229166666666668,0.013888888888888888
10,0.4778645833333333,0.33240740740740743,0.016145833333333335,0.014814814814814815
10,0.47942708333333334,0.3398148148148148,0.016145833333333335,0.012962962962962963
10,0.4822916666666667,0.34953703703703703,0.016666666666666666,0.01574074074074074
10,0.48359375,0.35694444444444445,0.0171875,0.01574074074074074
10,0.46328125,0.36018518518518516,0.0203125,0.018518518518518517
10,0.4578125,0.3449074074074074,0.020833333333333332,0.023148148148148147
10,0.45989583333333334,0.3337962962962963,0.017708333333333333,0.017592592592592594
10,0.4518229166666667,0.32731481481481484,0.021354166666666667,0.019444444444444445
10,0.453125,0.3148148148148148,0.019791666666666666,0.018518518518518517
10,0.44921875,0.3050925925925926,0.021354166666666667,0.023148148148148147
10,0.5421875,0.3902777777777778,0.01875,0.019444444444444445
10,0.5450520833333333,0.399537037037037,0.018229166666666668,0.019444444444444445
10,0.5479166666666667,0.4083333333333333,0.019791666666666666,0.022222222222222223
10,0.49895833333333334,0.39351851851851855,0.017708333333333333,0.022222222222222223
10,0.47942708333333334,0.41388888888888886,0.022395833333333334,0.022222222222222223
10,0.5088541666666667,0.425462962962963,0.019791666666666666,0.019444444444444445
10,0.51171875,0.4375,0.0203125,0.017592592592592594
10,0.5182291666666666,0.45925925925925926,0.019791666666666666,0.018518518518518517
10,0.5200520833333333,0.47175925925925927,0.019270833333333334,0.017592592592592594
1,0.4518229166666667,0.41064814814814815,0.0067708333333333336,0.025
5,0.49270833333333336,0.47685185185185186,0.035416666666666666,0.07407407407407407
1,0.6486979166666667,0.6055555555555555,0.0109375,0.02962962962962963
8,0.5958333333333333,0.5981481481481481,0.0625,0.05185185185185185
10,0.5919270833333333,0.6976851851851852,0.03177083333333333,0.025
10,0.5888020833333333,0.7175925925925926,0.0296875,0.024074074074074074
10,0.6020833333333333,0.7555555555555555,0.020833333333333332,0.037037037037037035
4,0.5541666666666667,0.7222222222222222,0.04583333333333333,0.12407407407407407
4,0.6234375,0.8157407407407408,0.03333333333333333,0.03148148148148148
10,0.6309895833333333,0.8481481481481481,0.027604166666666666,0.03148148148148148
10,0.65390625,0.9083333333333333,0.04010416666666667,0.027777777777777776
6,0.6065104166666667,0.9087962962962963,0.0640625,0.12685185185185185
4,0.4591145833333333,0.22916666666666666,0.04635416666666667,0.04351851851851852
4,0.4205729166666667,0.19675925925925927,0.030729166666666665,0.06018518518518518
1,0.39401041666666664,0.1865740740740741,0.0036458333333333334,0.01574074074074074
4,0.40729166666666666,0.15046296296296297,0.022916666666666665,0.041666666666666664
4,0.3190104166666667,0.47962962962962963,0.0609375,0.053703703703703705
4,0.1234375,0.3773148148148148,0.028125,0.08055555555555556
4,0.12135416666666667,0.4583333333333333,0.030208333333333334,0.08518518518518518
4,0.10885416666666667,0.7402777777777778,0.03333333333333333,0.14351851851851852
6,0.5244791666666667,0.861574074074074,0.05,0.12685185185185185
