4,0.06770833333333333,0.4439814814814815,0.029166666666666667,0.09907407407407408
4,0.08697916666666666,0.5962962962962963,0.03958333333333333,0.0962962962962963
4,0.11536458333333334,0.774537037037037,0.04010416666666667,0.12314814814814815
4,0.028385416666666666,0.8032407407407407,0.049479166666666664,0.14722222222222223
4,0.01953125,0.6555555555555556,0.0390625,0.12962962962962962
10,0.16458333333333333,0.17175925925925925,0.021875,0.06388888888888888
4,0.35833333333333334,0.02546296296296296,0.053125,0.05092592592592592
4,0.36328125,0.058333333333333334,0.05260416666666667,0.05555555555555555
4,0.37604166666666666,0.10555555555555556,0.053125,0.05
4,0.3221354166666667,0.1625,0.05572916666666667,0.06759259259259259
5,0.39036458333333335,0.14351851851851852,0.0421875,0.05
4,0.4046875,0.1865740740740741,0.05625,0.06018518518518518
4,0.4166666666666667,0.23333333333333334,0.05520833333333333,0.06666666666666667
4,0.44036458333333334,0.33101851851851855,0.0609375,0.06944444444444445
4,0.4552083333333333,0.3763888888888889,0.058333333333333334,0.06944444444444445
5,0.4661458333333333,0.4263888888888889,0.05520833333333333,0.062037037037037036
4,0.48333333333333334,0.475462962962963,0.06041666666666667,0.06574074074074074
6,0.49973958333333335,0.5486111111111112,0.09114583333333333,0.09537037037037037
5,0.6020833333333333,0.8824074074074074,0.06041666666666667,0.13703703703703704
10,0.6270833333333333,0.9152777777777777,0.040625,0.05092592592592592
4,0.6341145833333334,0.9513888888888888,0.06614583333333333,0.041666666666666664
4,0.4859375,0.04814814814814815,0.04895833333333333,0.06851851851851852
1,0.44244791666666666,0.04398148148148148,0.009895833333333333,0.03796296296296296
1,0.48098958333333336,0.1527777777777778,0.008854166666666666,0.03148148148148148
1,0.4557291666666667,0.2712962962962963,0.007291666666666667,0.03333333333333333
1,0.534375,0.12731481481481483,0.011458333333333333,0.030555555555555555
1,0.5015625,0.32592592592592595,0.010416666666666666,0.03333333333333333
1,0.51484375,0.31805555555555554,0.015104166666666667,0.030555555555555555
4,0.5825520833333333,0.3523148148148148,0.0546875,0.075
10,0.5708333333333333,0.42083333333333334,0.016666666666666666,0.026851851851851852
2,0.5799479166666667,0.47129629629629627,0.008854166666666666,0.016666666666666666
1,0.5533854166666666,0.5643518518518519,0.011979166666666667,0.021296296296296296
1,0.5622395833333333,0.5583333333333333,0.009895833333333333,0.016666666666666666
1,0.5736979166666667,0.6819444444444445,0.009895833333333333,0.017592592592592594
1,0.59765625,0.6439814814814815,0.015104166666666667,0.017592592592592594
1,0.6299479166666667,0.7379629629629629,0.0171875,0.018518518518518517
2,0.6216145833333333,0.5726851851851852,0.0067708333333333336,0.017592592592592594
2,0.6268229166666667,0.5837962962962963,0.0109375,0.01574074074074074
2,0.6403645833333333,0.5777777777777777,0.013020833333333334,0.014814814814814815
2,0.646875,0.5546296296296296,0.011458333333333333,0.016666666666666666
2,0.6552083333333333,0.5592592592592592,0.011458333333333333,0.011111111111111112
2,0.6625,0.5527777777777778,0.010416666666666666,0.018518518518518517
2,0.6791666666666667,0.5444444444444444,0.0125,0.020370370370370372
2,0.66328125,0.6013888888888889,0.009895833333333333,0.012037037037037037
2,0.6528645833333333,0.6111111111111112,0.009895833333333333,0.016666666666666666
2,0.6260416666666667,0.6458333333333334,0.011458333333333333,0.021296296296296296
2,0.6393229166666666,0.6333333333333333,0.0109375,0.014814814814814815
2,0.63671875,0.6791666666666667,0.009895833333333333,0.01574074074074074
2,0.6528645833333333,0.6648148148148149,0.008854166666666666,0.012962962962962963
2,0.65859375,0.6800925925925926,0.0109375,0.021296296296296296
2,0.6783854166666666,0.6444444444444445,0.0109375,0.016666666666666666
2,0.68359375,0.6638888888888889,0.009895833333333333,0.016666666666666666
2,0.66875,0.6708333333333333,0.010416666666666666,0.019444444444444445
2,0.6635416666666667,0.7199074074074074,0.014583333333333334,0.017592592592592594
2,0.6619791666666667,0.7449074074074075,0.010416666666666666,0.019444444444444445
2,0.678125,0.7509259259259259,0.015625,0.024074074074074074
2,0.6778645833333333,0.7263888888888889,0.008854166666666666,0.01574074074074074
2,0.6901041666666666,0.712037037037037,0.0125,0.016666666666666666
2,0.7033854166666667,0.7277777777777777,0.013020833333333334,0.014814814814814815
1,0.7158854166666667,0.7222222222222222,0.0171875,0.016666666666666666
2,0.7096354166666666,0.7578703703703704,0.0140625,0.017592592592592594
2,0.70546875,0.7782407407407408,0.0140625,0.01574074074074074
2,0.6958333333333333,0.7935185185185185,0.007291666666666667,0.014814814814814815
2,0.6921875,0.8199074074074074,0.009375,0.019444444444444445
2,0.7106770833333333,0.8726851851851852,0.0109375,0.021296296296296296
2,0.7067708333333333,0.8486111111111111,0.010416666666666666,0.017592592592592594
2,0.7205729166666667,0.9453703703703704,0.0140625,0.018518518518518517
2,0.7109375,0.7930555555555555,0.010416666666666666,0.01574074074074074
2,0.7236979166666667,0.7888888888888889,0.008854166666666666,0.020370370370370372
2,0.7247395833333333,0.763425925925926,0.008854166666666666,0.017592592592592594
