6,0.5794270833333334,0.19398148148148148,0.13385416666666666,0.05277777777777778
6,0.6401041666666667,0.17824074074074073,0.06979166666666667,0.05648148148148148
4,0.6192708333333333,0.22453703703703703,0.03958333333333333,0.032407407407407406
4,0.5145833333333333,0.2851851851851852,0.034375,0.03888888888888889
4,0.4817708333333333,0.23796296296296296,0.04583333333333333,0.02962962962962963
4,0.4328125,0.19444444444444445,0.03229166666666667,0.025925925925925925
4,0.40572916666666664,0.25972222222222224,0.042708333333333334,0.04351851851851852
4,0.3770833333333333,0.19814814814814816,0.035416666666666666,0.027777777777777776
4,0.26510416666666664,0.19675925925925927,0.036458333333333336,0.030555555555555555
2,0.3145833333333333,0.19675925925925927,0.008333333333333333,0.025
3,0.31588541666666664,0.2074074074074074,0.0171875,0.018518518518518517
4,0.3421875,0.23055555555555557,0.041666666666666664,0.03333333333333333
4,0.34609375,0.2625,0.03697916666666667,0.03425925925925926
4,0.34036458333333336,0.2986111111111111,0.0515625,0.05462962962962963
4,0.44895833333333335,0.25462962962962965,0.04895833333333333,0.037037037037037035
4,0.5580729166666667,0.27175925925925926,0.019270833333333334,0.04351851851851852
4,0.45729166666666665,0.3421296296296296,0.06041666666666667,0.04537037037037037
4,0.4473958333333333,0.3587962962962963,0.058333333333333334,0.041666666666666664
4,0.43515625,0.3736111111111111,0.06302083333333333,0.041666666666666664
4,0.5809895833333333,0.4064814814814815,0.0453125,0.05555555555555555
4,0.5604166666666667,0.31203703703703706,0.027083333333333334,0.03888888888888889
4,0.6015625,0.2462962962962963,0.03229166666666667,0.03148148148148148
4,0.5875,0.2671296296296296,0.040625,0.03981481481481482
4,0.67734375,0.262037037037037,0.03177083333333333,0.040740740740740744
4,0.7072916666666667,0.25416666666666665,0.030208333333333334,0.03981481481481482
5,0.6721354166666667,0.36018518518518516,0.0546875,0.05185185185185185
5,0.63203125,0.2574074074074074,0.03802083333333333,0.04259259259259259
5,0.6557291666666667,0.32731481481481484,0.06145833333333333,0.06759259259259259
5,0.5705729166666667,0.3421296296296296,0.027604166666666666,0.06574074074074074
5,0.45755208333333336,0.2875,0.058854166666666666,0.04351851851851852
5,0.4515625,0.30972222222222223,0.059375,0.05092592592592592
5,0.5763020833333333,0.4615740740740741,0.030729166666666665,0.075
5,0.43802083333333336,0.4930555555555556,0.071875,0.06759259259259259
3,0.35,0.5125,0.014583333333333334,0.04722222222222222
2,0.5393229166666667,0.2828703703703704,0.0067708333333333336,0.028703703703703703
2,0.4856770833333333,0.6277777777777778,0.0140625,0.04259259259259259
3,0.5361979166666667,0.4648148148148148,0.013020833333333334,0.03888888888888889
3,0.54296875,0.2949074074074074,0.0078125,0.03425925925925926
2,0.659375,0.48009259259259257,0.017708333333333333,0.032407407407407406
2,0.6716145833333333,0.45601851851851855,0.013020833333333334,0.028703703703703703
2,0.7265625,0.4550925925925926,0.011458333333333333,0.032407407407407406
1,0.8424479166666666,0.6018518518518519,0.0171875,0.07037037037037037
1,0.7239583333333334,0.5263888888888889,0.017708333333333333,0.05462962962962963
1,0.5911458333333334,0.5055555555555555,0.011458333333333333,0.05740740740740741
1,0.69296875,0.5421296296296296,0.0109375,0.06944444444444445
1,0.51484375,0.4601851851851852,0.009895833333333333,0.05555555555555555
1,0.5309895833333333,0.4583333333333333,0.009895833333333333,0.05925925925925926
1,0.5276041666666667,0.47453703703703703,0.009375,0.058333333333333334
1,0.5270833333333333,0.5115740740740741,0.010416666666666666,0.05277777777777778
1,0.49270833333333336,0.5032407407407408,0.0125,0.058333333333333334
1,0.5588541666666667,0.624537037037037,0.013541666666666667,0.075
1,0.5255208333333333,0.6,0.015625,0.06666666666666667
1,0.5403645833333334,0.5236111111111111,0.0109375,0.06018518518518518
1,0.5166666666666667,0.4986111111111111,0.008333333333333333,0.058333333333333334
1,0.5244791666666667,0.5273148148148148,0.010416666666666666,0.06018518518518518
1,0.5614583333333333,0.6509259259259259,0.014583333333333334,0.07407407407407407
5,0.5981770833333333,0.600925925925926,0.030729166666666665,0.1037037037037037
5,0.71796875,0.6259259259259259,0.09739583333333333,0.07407407407407407
5,0.6734375,0.5921296296296297,0.08125,0.07685185185185185
5,0.8653645833333333,0.575925925925926,0.08802083333333334,0.07407407407407407
5,0.9791666666666666,0.6069444444444444,0.08020833333333334,0.09722222222222222
5,0.9341145833333333,0.6523148148148148,0.10885416666666667,0.08796296296296297
5,0.9690104166666667,0.7231481481481481,0.1265625,0.1037037037037037
5,0.9908854166666666,0.7875,0.1015625,0.11944444444444445
1,0.8888020833333333,0.6875,0.019270833333333334,0.0712962962962963
7,0.8177083333333334,0.6416666666666667,0.03125,0.07592592592592592
7,0.90546875,0.625,0.0421875,0.046296296296296294
2,0.47890625,0.775,0.019270833333333334,0.05555555555555555
2,0.6005208333333333,0.950462962962963,0.019791666666666666,0.08796296296296297
2,0.503125,1.0310185185185186,0.03333333333333333,0.06388888888888888
3,0.6015625,0.9837962962962963,0.014583333333333334,0.09351851851851851
10,0.52265625,0.9407407407407408,0.0234375,0.09444444444444444
10,0.47161458333333334,0.8958333333333334,0.019270833333333334,0.06759259259259259
1,0.5361979166666667,0.9347222222222222,0.018229166666666668,0.08611111111111111
1,0.5619791666666667,0.9453703703703704,0.017708333333333333,0.1037037037037037
1,0.6526041666666667,1.1569444444444446,0.021875,0.10092592592592593
1,0.6216145833333333,1.1476851851851853,0.022395833333333334,0.09537037037037037
1,0.5825520833333333,1.1675925925925925,0.021354166666666667,0.1037037037037037
1,0.46901041666666665,1.3314814814814815,0.022395833333333334,0.10740740740740741
1,0.5161458333333333,1.3634259259259258,0.028125,0.05092592592592592
1,0.5919270833333333,1.3458333333333334,0.03177083333333333,0.08611111111111111
7,0.16796875,1.2138888888888888,0.10677083333333333,0.1537037037037037
10,0.20651041666666667,1.049537037037037,0.044270833333333336,0.10277777777777777
10,0.013541666666666667,1.0361111111111112,0.027083333333333334,0.08333333333333333
10,0.028645833333333332,1.036574074074074,0.036458333333333336,0.08425925925925926
10,0.04401041666666667,1.0263888888888888,0.04114583333333333,0.08055555555555556
10,0.06432291666666666,1.0375,0.03697916666666667,0.08611111111111111
10,0.08046875,1.050462962962963,0.0421875,0.09351851851851851
10,0.109375,1.0416666666666667,0.03958333333333333,0.08888888888888889
10,0.13098958333333333,1.0458333333333334,0.034895833333333334,0.08796296296296297
10,0.165625,1.038888888888889,0.03125,0.1111111111111111
1,0.38255208333333335,0.4074074074074074,0.015104166666666667,0.05
1,0.44375,0.538425925925926,0.008333333333333333,0.032407407407407406
10,1.0244791666666666,0.9083333333333333,0.034375,0.08148148148148149
4,0.14375,0.1162037037037037,0.030208333333333334,0.021296296296296296
4,0.3346354166666667,0.12222222222222222,0.030729166666666665,0.025925925925925925
0,0.08307291666666666,0.8379629629629629,0.16614583333333333,0.17777777777777778
