4,0.3528645833333333,0.8222222222222222,0.05364583333333333,0.12222222222222222
4,0.2984375,0.7902777777777777,0.042708333333333334,0.11203703703703703
4,0.18828125,0.7337962962962963,0.04010416666666667,0.09537037037037037
4,0.13854166666666667,0.6962962962962963,0.052083333333333336,0.08333333333333333
4,0.04244791666666667,0.6152777777777778,0.05364583333333333,0.05092592592592592
4,0.10911458333333333,0.5444444444444444,0.043229166666666666,0.044444444444444446
4,0.5088541666666667,0.9009259259259259,0.12291666666666666,0.13333333333333333
4,0.5833333333333334,0.7393518518518518,0.09375,0.08425925925925926
4,0.01328125,0.5824074074074074,0.0265625,0.05740740740740741
8,0.34817708333333336,0.5041666666666667,0.033854166666666664,0.041666666666666664
10,0.39479166666666665,0.5171296296296296,0.010416666666666666,0.03796296296296296
10,0.41328125,0.5254629629629629,0.0171875,0.03796296296296296
10,0.42630208333333336,0.5300925925925926,0.016145833333333335,0.03611111111111111
10,0.3971354166666667,0.462037037037037,0.021354166666666667,0.025925925925925925
3,0.4466145833333333,0.5300925925925926,0.0078125,0.026851851851851852
3,0.47109375,0.5273148148148148,0.009895833333333333,0.030555555555555555
1,0.43072916666666666,0.49907407407407406,0.00625,0.03333333333333333
1,0.4192708333333333,0.4837962962962963,0.00625,0.028703703703703703
1,0.4270833333333333,0.4708333333333333,0.00625,0.028703703703703703
1,0.434375,0.475462962962963,0.00625,0.028703703703703703
1,0.42526041666666664,0.4888888888888889,0.005729166666666666,0.02962962962962963
4,0.7002604166666667,0.8476851851851852,0.0578125,0.12129629629629629
