1,0.6119791666666666,0.8226851851851852,0.0375,0.11574074074074074
1,0.5640625,0.8037037037037037,0.041666666666666664,0.11666666666666667
1,0.18541666666666667,0.6995370370370371,0.022916666666666665,0.09537037037037037
1,0.3216145833333333,0.4666666666666667,0.021354166666666667,0.05185185185185185
1,0.3328125,0.3925925925925926,0.011458333333333333,0.07407407407407407
1,0.3828125,0.3148148148148148,0.013541666666666667,0.06481481481481481
1,0.39765625,0.31851851851851853,0.013020833333333334,0.053703703703703705
1,0.4005208333333333,0.26805555555555555,0.010416666666666666,0.04722222222222222
10,0.3763020833333333,0.6800925925925926,0.0359375,0.10277777777777777
10,0.46015625,0.2351851851851852,0.0067708333333333336,0.03333333333333333
10,0.4544270833333333,0.23287037037037037,0.0067708333333333336,0.03425925925925926
10,0.44817708333333334,0.2050925925925926,0.0067708333333333336,0.03425925925925926
4,0.47161458333333334,0.15324074074074073,0.019270833333333334,0.026851851851851852
2,0.3424479166666667,0.25277777777777777,0.011979166666666667,0.037037037037037035
3,0.34140625,0.26296296296296295,0.0140625,0.03148148148148148
5,0.08697916666666666,0.23287037037037037,0.08333333333333333,0.08425925925925926
4,0.17317708333333334,0.2074074074074074,0.0578125,0.05185185185185185
4,0.24322916666666666,0.19305555555555556,0.042708333333333334,0.03981481481481482
4,0.28177083333333336,0.17314814814814813,0.03958333333333333,0.04259259259259259
4,0.31614583333333335,0.1699074074074074,0.036458333333333336,0.04351851851851852
4,0.35260416666666666,0.15138888888888888,0.030208333333333334,0.028703703703703703
4,0.39869791666666665,0.1398148148148148,0.04010416666666667,0.025925925925925925
4,0.04244791666666667,0.13564814814814816,0.04010416666666667,0.03611111111111111
4,0.07213541666666666,0.13333333333333333,0.03802083333333333,0.040740740740740744
4,0.10963541666666667,0.12824074074074074,0.03697916666666667,0.041666666666666664
4,0.1328125,0.11851851851851852,0.034375,0.02962962962962963
4,0.20703125,0.1125,0.044270833333333336,0.025
4,0.18151041666666667,0.0912037037037037,0.030729166666666665,0.03425925925925926
1,0.18203125,0.09907407407407408,0.009895833333333333,0.02962962962962963
4,0.25494791666666666,0.10462962962962963,0.034895833333333334,0.04259259259259259
4,0.15260416666666668,0.10046296296296296,0.027083333333333334,0.03425925925925926
4,0.35078125,0.09537037037037037,0.0203125,0.020370370370370372
4,0.33984375,0.09490740740740741,0.019270833333333334,0.025
4,0.3255208333333333,0.09583333333333334,0.020833333333333332,0.025
4,0.3171875,0.09768518518518518,0.023958333333333335,0.021296296296296296
4,0.3026041666666667,0.09953703703703703,0.026041666666666668,0.032407407407407406
4,0.3854166666666667,0.09305555555555556,0.023958333333333335,0.025
4,0.3234375,0.13425925925925927,0.035416666666666666,0.037037037037037035
4,0.3729166666666667,0.08564814814814815,0.011458333333333333,0.013888888888888888
4,0.47161458333333334,0.1111111111111111,0.0203125,0.024074074074074074
4,0.45234375,0.10833333333333334,0.021354166666666667,0.020370370370370372
1,0.46432291666666664,0.09074074074074075,0.0036458333333333334,0.009259259259259259
1,0.46848958333333335,0.08981481481481482,0.0046875,0.014814814814814815
1,0.4578125,0.08888888888888889,0.004166666666666667,0.012962962962962963
1,0.45208333333333334,0.08842592592592592,0.003125,0.012037037037037037
0,0.4401041666666667,0.07407407407407407,0.041666666666666664,0.022222222222222223
0,0.4747395833333333,0.06851851851851852,0.018229166666666668,0.016666666666666666
1,0.47369791666666666,0.2050925925925926,0.0078125,0.030555555555555555
