4,0.384375,0.16203703703703703,0.051041666666666666,0.07592592592592592
4,0.5614583333333333,0.3449074074074074,0.053125,0.08796296296296297
4,0.4315104166666667,0.3541666666666667,0.05260416666666667,0.08055555555555556
4,0.4828125,0.26296296296296295,0.046875,0.07777777777777778
4,0.6614583333333334,0.03518518518518519,0.042708333333333334,0.06851851851851852
4,0.5942708333333333,0.11944444444444445,0.04583333333333333,0.07037037037037037
4,0.71484375,0.10092592592592593,0.028645833333333332,0.06666666666666667
4,0.7169270833333333,0.6125,0.024479166666666666,0.08981481481481482
5,0.5533854166666666,0.5560185185185185,0.0484375,0.09351851851851851
5,0.3697916666666667,0.44212962962962965,0.06041666666666667,0.09907407407407408
4,0.14036458333333332,0.7689814814814815,0.06822916666666666,0.11203703703703703
4,0.22213541666666667,0.9305555555555556,0.0671875,0.08148148148148149
4,0.3026041666666667,0.9226851851851852,0.07708333333333334,0.09351851851851851
4,0.008072916666666667,0.6074074074074074,0.016145833333333335,0.06111111111111111
4,0.34661458333333334,0.027314814814814816,0.04010416666666667,0.05462962962962963
4,0.5619791666666667,0.9212962962962963,0.07083333333333333,0.10185185185185185
4,0.026041666666666668,0.5439814814814815,0.04791666666666667,0.09351851851851851
4,0.08958333333333333,0.48564814814814816,0.042708333333333334,0.08611111111111111
4,0.05755208333333333,0.5157407407407407,0.04739583333333333,0.09814814814814815
4,0.17708333333333334,0.37083333333333335,0.04583333333333333,0.0824074074074074
5,0.1421875,0.4050925925925926,0.051041666666666666,0.09351851851851851
5,0.278125,0.24259259259259258,0.042708333333333334,0.08333333333333333
4,0.22604166666666667,0.3074074074074074,0.042708333333333334,0.08148148148148149
4,0.19973958333333333,0.33796296296296297,0.04114583333333333,0.07407407407407407
4,0.11458333333333333,0.4375,0.04895833333333333,0.08981481481481482
4,0.26015625,0.2740740740740741,0.0484375,0.08148148148148149
4,0.30442708333333335,0.21481481481481482,0.0390625,0.06851851851851852
4,0.3234375,0.18611111111111112,0.04479166666666667,0.06851851851851852
4,0.18776041666666668,0.5564814814814815,0.0609375,0.09814814814814815
4,0.38125,0.2875,0.05625,0.08425925925925926
4,0.43359375,0.21388888888888888,0.030729166666666665,0.07407407407407407
4,0.3216145833333333,0.3800925925925926,0.058854166666666666,0.08611111111111111
1,0.045572916666666664,0.6310185185185185,0.011979166666666667,0.026851851851851852
1,0.05859375,0.6370370370370371,0.009895833333333333,0.018518518518518517
1,0.17161458333333332,0.5282407407407408,0.008854166666666666,0.01574074074074074
1,0.6049479166666667,0.013888888888888888,0.009895833333333333,0.027777777777777776
1,0.47682291666666665,0.03796296296296296,0.008854166666666666,0.03518518518518519
1,0.4317708333333333,0.0912037037037037,0.00625,0.03425925925925926
1,0.38515625,0.04259259259259259,0.0036458333333333334,0.027777777777777776
1,0.37864583333333335,0.04675925925925926,0.00625,0.025
1,0.37916666666666665,0.03518518518518519,0.004166666666666667,0.025925925925925925
1,0.37734375,0.03287037037037037,0.0036458333333333334,0.021296296296296296
1,0.10833333333333334,0.6041666666666666,0.0125,0.012037037037037037
2,0.22942708333333334,0.7175925925925926,0.0109375,0.022222222222222223
2,0.23723958333333334,0.7064814814814815,0.0078125,0.018518518518518517
2,0.57109375,0.0824074074074074,0.008854166666666666,0.024074074074074074
2,0.5309895833333333,0.29768518518518516,0.0078125,0.013888888888888888
10,0.52734375,0.3055555555555556,0.0140625,0.024074074074074074
10,0.5700520833333333,0.08425925925925926,0.0265625,0.020370370370370372
10,0.23020833333333332,0.7194444444444444,0.023958333333333335,0.02962962962962963
