4,0.3567708333333333,0.04490740740740741,0.010416666666666666,0.025
4,0.32369791666666664,0.6134259259259259,0.0203125,0.06574074074074074
4,0.3671875,0.18935185185185185,0.0125,0.032407407407407406
4,0.4002604166666667,0.34074074074074073,0.0171875,0.05
4,0.6166666666666667,0.5990740740740741,0.028125,0.1
4,0.6671875,0.5763888888888888,0.030208333333333334,0.08981481481481482
4,0.5526041666666667,0.3236111111111111,0.019791666666666666,0.04537037037037037
4,0.6046875,0.2212962962962963,0.023958333333333335,0.03888888888888889
4,0.6591145833333333,0.2050925925925926,0.0203125,0.03981481481481482
4,0.6911458333333333,0.19398148148148148,0.020833333333333332,0.04537037037037037
4,0.7140625,0.09444444444444444,0.016666666666666666,0.03148148148148148
4,0.5166666666666667,0.14583333333333334,0.020833333333333332,0.025
4,0.47239583333333335,0.2310185185185185,0.015625,0.032407407407407406
4,0.5375,0.0912037037037037,0.022916666666666665,0.025
4,0.5416666666666666,0.0763888888888889,0.019791666666666666,0.021296296296296296
10,0.6963541666666667,0.08148148148148149,0.010416666666666666,0.020370370370370372
6,0.3731770833333333,0.06944444444444445,0.015104166666666667,0.053703703703703705
6,0.39348958333333334,0.5083333333333333,0.028645833333333332,0.11851851851851852
5,0.36015625,0.10740740740740741,0.0109375,0.03148148148148148
1,0.5044270833333333,0.2759259259259259,0.0046875,0.016666666666666666
1,0.49895833333333334,0.3189814814814815,0.005208333333333333,0.013888888888888888
1,0.503125,0.3175925925925926,0.005208333333333333,0.014814814814814815
1,0.5067708333333333,0.31805555555555554,0.005208333333333333,0.01574074074074074
1,0.2674479166666667,0.16435185185185186,0.0046875,0.017592592592592594
1,0.2625,0.17175925925925925,0.005208333333333333,0.01574074074074074
