5,0.10234375,0.2023148148148148,0.005729166666666666,0.021296296296296296
4,0.10911458333333333,0.19814814814814816,0.0078125,0.022222222222222223
4,0.11770833333333333,0.19907407407407407,0.007291666666666667,0.016666666666666666
4,0.09296875,0.2064814814814815,0.0067708333333333336,0.020370370370370372
4,0.12135416666666667,0.21666666666666667,0.0125,0.009259259259259259
4,0.12057291666666667,0.225,0.0140625,0.009259259259259259
4,0.12057291666666667,0.23194444444444445,0.0109375,0.008333333333333333
4,0.11979166666666667,0.23935185185185184,0.015625,0.008333333333333333
5,0.11901041666666666,0.24814814814814815,0.013020833333333334,0.011111111111111112
4,0.11953125,0.2569444444444444,0.011979166666666667,0.012037037037037037
4,0.3640625,0.4361111111111111,0.00625,0.022222222222222223
4,0.371875,0.4361111111111111,0.007291666666666667,0.024074074074074074
4,0.3807291666666667,0.4351851851851852,0.007291666666666667,0.022222222222222223
4,0.39296875,0.6180555555555556,0.008854166666666666,0.032407407407407406
4,0.38984375,0.7537037037037037,0.008854166666666666,0.03518518518518519
4,0.40520833333333334,0.7930555555555555,0.008333333333333333,0.032407407407407406
4,0.3606770833333333,0.7981481481481482,0.0078125,0.037037037037037035
4,0.36276041666666664,0.8736111111111111,0.009895833333333333,0.041666666666666664
4,0.41692708333333334,0.9074074074074074,0.011979166666666667,0.05
10,0.4078125,0.8324074074074074,0.008333333333333333,0.007407407407407408
10,0.38958333333333334,0.8037037037037037,0.005208333333333333,0.011111111111111112
10,0.38177083333333334,0.7087962962962963,0.005208333333333333,0.013888888888888888
10,0.35989583333333336,0.5074074074074074,0.004166666666666667,0.014814814814814815
10,0.36276041666666664,0.4898148148148148,0.0036458333333333334,0.012962962962962963
1,0.41744791666666664,0.8300925925925926,0.0026041666666666665,0.012037037037037037
1,0.35390625,0.39675925925925926,0.0026041666666666665,0.012037037037037037
1,0.35598958333333336,0.20972222222222223,0.0026041666666666665,0.010185185185185186
1,0.35833333333333334,0.16111111111111112,0.0020833333333333333,0.007407407407407408
1,0.3578125,0.17546296296296296,0.0020833333333333333,0.008333333333333333
10,0.3536458333333333,0.1527777777777778,0.0020833333333333333,0.009259259259259259
1,0.3611979166666667,0.1587962962962963,0.0015625,0.010185185185185186
1,0.36380208333333336,0.16018518518518518,0.0015625,0.007407407407407408
1,0.3338541666666667,0.17037037037037037,0.0020833333333333333,0.007407407407407408
1,0.3299479166666667,0.12453703703703704,0.0015625,0.008333333333333333
1,0.33151041666666664,0.11527777777777778,0.0015625,0.008333333333333333
1,0.3328125,0.12731481481481483,0.0020833333333333333,0.008333333333333333
1,0.346875,0.09398148148148149,0.0020833333333333333,0.008333333333333333
1,0.35078125,0.09814814814814815,0.0015625,0.005555555555555556
1,0.35182291666666665,0.09768518518518518,0.0015625,0.008333333333333333
1,0.3567708333333333,0.09907407407407408,0.0020833333333333333,0.007407407407407408
1,0.35703125,0.08935185185185185,0.0015625,0.008333333333333333
1,0.3463541666666667,0.06944444444444445,0.0020833333333333333,0.007407407407407408
1,0.3463541666666667,0.05416666666666667,0.0020833333333333333,0.010185185185185186
1,0.34375,0.046296296296296294,0.0020833333333333333,0.009259259259259259
1,0.3450520833333333,0.0375,0.0026041666666666665,0.010185185185185186
1,0.34322916666666664,0.017592592592592594,0.0020833333333333333,0.009259259259259259
1,0.34479166666666666,0.0125,0.0020833333333333333,0.006481481481481481
1,0.32916666666666666,0.060648148148148145,0.0020833333333333333,0.008333333333333333
1,0.32473958333333336,0.04398148148148148,0.0026041666666666665,0.008333333333333333
4,0.1390625,0.32175925925925924,0.007291666666666667,0.019444444444444445
