5,0.5265625,0.7078703703703704,0.04375,0.049074074074074076
5,0.3611979166666667,0.4925925925925926,0.033854166666666664,0.03888888888888889
4,0.38671875,0.5143518518518518,0.03802083333333333,0.03425925925925926
4,0.95859375,0.23703703703703705,0.024479166666666666,0.022222222222222223
4,0.921875,0.28564814814814815,0.027083333333333334,0.025
4,0.7421875,0.5523148148148148,0.041666666666666664,0.03611111111111111
4,0.7315104166666667,0.5328703703703703,0.03802083333333333,0.032407407407407406
5,0.6955729166666667,0.4722222222222222,0.0328125,0.03148148148148148
10,0.6778645833333333,0.5212962962962963,0.0067708333333333336,0.014814814814814815
1,0.7770833333333333,0.5402777777777777,0.00625,0.030555555555555555
4,0.6703125,0.43472222222222223,0.034375,0.026851851851851852
4,0.6625,0.4212962962962963,0.035416666666666666,0.02962962962962963
5,0.6510416666666666,0.40370370370370373,0.028125,0.03148148148148148
4,0.6481770833333333,0.37824074074074077,0.0328125,0.021296296296296296
5,0.6388020833333333,0.3625,0.027604166666666666,0.025
5,0.6291666666666667,0.3509259259259259,0.027083333333333334,0.020370370370370372
5,0.6208333333333333,0.337037037037037,0.027083333333333334,0.022222222222222223
7,0.6934895833333333,0.35509259259259257,0.013020833333333334,0.026851851851851852
6,0.6888020833333334,0.2759259259259259,0.028645833333333332,0.05
4,0.6216145833333333,0.28888888888888886,0.0171875,0.024074074074074074
4,0.41848958333333336,0.24861111111111112,0.0171875,0.021296296296296296
4,0.57265625,0.26064814814814813,0.024479166666666666,0.019444444444444445
5,0.5669270833333333,0.2449074074074074,0.021354166666666667,0.019444444444444445
5,0.5526041666666667,0.2263888888888889,0.023958333333333335,0.019444444444444445
5,0.5380208333333333,0.20185185185185187,0.017708333333333333,0.014814814814814815
4,0.63515625,0.18564814814814815,0.0140625,0.01574074074074074
4,0.62265625,0.1726851851851852,0.0140625,0.01574074074074074
4,0.61015625,0.15787037037037038,0.013020833333333334,0.013888888888888888
4,0.5994791666666667,0.14722222222222223,0.011458333333333333,0.012962962962962963
4,0.5903645833333333,0.13657407407407407,0.013020833333333334,0.012037037037037037
4,0.534375,0.19166666666666668,0.020833333333333332,0.014814814814814815
5,0.4908854166666667,0.14444444444444443,0.015104166666666667,0.014814814814814815
4,0.52890625,0.12685185185185185,0.015104166666666667,0.016666666666666666
4,0.5088541666666667,0.09259259259259259,0.013541666666666667,0.011111111111111112
4,0.48385416666666664,0.09351851851851851,0.016666666666666666,0.012962962962962963
4,0.5864583333333333,0.09212962962962963,0.015625,0.010185185185185186
4,0.5994791666666667,0.08796296296296297,0.015625,0.009259259259259259
9,0.6263020833333334,0.1425925925925926,0.024479166666666666,0.037037037037037035
9,0.6057291666666667,0.12407407407407407,0.025,0.03518518518518519
10,0.73125,0.21296296296296297,0.005208333333333333,0.011111111111111112
9,0.6315104166666666,0.07916666666666666,0.034895833333333334,0.023148148148148147
2,0.5559895833333334,0.17546296296296296,0.0026041666666666665,0.008333333333333333
10,0.5559895833333334,0.17916666666666667,0.005729166666666666,0.012037037037037037
1,0.7315104166666667,0.20972222222222223,0.0026041666666666665,0.010185185185185186
2,0.5802083333333333,0.07268518518518519,0.0020833333333333333,0.006481481481481481
10,0.5794270833333334,0.07546296296296297,0.005729166666666666,0.006481481481481481
4,0.5065104166666666,0.06481481481481481,0.0078125,0.011111111111111112
4,0.51484375,0.0625,0.008854166666666666,0.010185185185185186
4,0.5005208333333333,0.058333333333333334,0.008333333333333333,0.012962962962962963
4,0.5080729166666667,0.05555555555555555,0.008854166666666666,0.011111111111111112
4,0.5169270833333334,0.055092592592592596,0.008854166666666666,0.010185185185185186
4,0.48828125,0.0412037037037037,0.0078125,0.010185185185185186
4,0.48046875,0.02175925925925926,0.0067708333333333336,0.010185185185185186
1,0.365625,0.9731481481481481,0.007291666666666667,0.03333333333333333
0,0.6377604166666667,0.12175925925925926,0.008854166666666666,0.012037037037037037
0,0.6502604166666667,0.1310185185185185,0.0078125,0.019444444444444445
