1,0.021875,0.2671296296296296,0.011458333333333333,0.026851851851851852
1,0.09192708333333334,0.31805555555555554,0.0067708333333333336,0.019444444444444445
1,0.14322916666666666,0.33425925925925926,0.016666666666666666,0.04259259259259259
1,0.10026041666666667,0.3925925925925926,0.009895833333333333,0.03148148148148148
1,0.05390625,0.2625,0.0078125,0.021296296296296296
1,0.10494791666666667,0.3800925925925926,0.009895833333333333,0.030555555555555555
1,0.12604166666666666,0.37546296296296294,0.005208333333333333,0.026851851851851852
1,0.18984375,0.3837962962962963,0.005729166666666666,0.023148148148148147
0,0.21432291666666667,0.37037037037037035,0.04739583333333333,0.04814814814814815
1,0.19791666666666666,0.4101851851851852,0.008333333333333333,0.022222222222222223
1,0.20885416666666667,0.41898148148148145,0.010416666666666666,0.03425925925925926
1,0.21744791666666666,0.42685185185185187,0.0078125,0.025925925925925925
1,0.23932291666666666,0.4337962962962963,0.008854166666666666,0.03611111111111111
1,0.25442708333333336,0.4388888888888889,0.011979166666666667,0.03518518518518519
1,0.27317708333333335,0.44907407407407407,0.0067708333333333336,0.03333333333333333
1,0.29791666666666666,0.45601851851851855,0.008333333333333333,0.028703703703703703
1,0.3299479166666667,0.46944444444444444,0.0078125,0.03333333333333333
1,0.35911458333333335,0.4791666666666667,0.005729166666666666,0.026851851851851852
1,0.3703125,0.4962962962962963,0.004166666666666667,0.022222222222222223
1,0.37447916666666664,0.49537037037037035,0.011458333333333333,0.040740740740740744
1,0.38385416666666666,0.44814814814814813,0.009375,0.03518518518518519
1,0.40260416666666665,0.48703703703703705,0.007291666666666667,0.027777777777777776
1,0.4049479166666667,0.5115740740740741,0.0078125,0.030555555555555555
1,0.421875,0.5013888888888889,0.008333333333333333,0.03981481481481482
1,0.4239583333333333,0.4875,0.004166666666666667,0.025
1,0.4,0.5546296296296296,0.008333333333333333,0.027777777777777776
1,0.4127604166666667,0.5560185185185185,0.009895833333333333,0.03425925925925926
1,0.42864583333333334,0.5467592592592593,0.015625,0.03796296296296296
1,0.44895833333333335,0.5333333333333333,0.00625,0.027777777777777776
1,0.45625,0.5407407407407407,0.00625,0.025925925925925925
1,0.4471354166666667,0.586574074074074,0.008854166666666666,0.025
1,0.46979166666666666,0.5226851851851851,0.010416666666666666,0.03425925925925926
1,0.48932291666666666,0.5125,0.009895833333333333,0.019444444444444445
1,0.52890625,0.4962962962962963,0.0046875,0.022222222222222223
1,0.5286458333333334,0.48009259259259257,0.010416666666666666,0.041666666666666664
1,0.5065104166666666,0.6310185185185185,0.008854166666666666,0.025
1,0.5223958333333333,0.6310185185185185,0.015625,0.03981481481481482
1,0.5723958333333333,0.6217592592592592,0.011458333333333333,0.04351851851851852
1,0.596875,0.6143518518518518,0.008333333333333333,0.021296296296296296
1,0.6075520833333333,0.625462962962963,0.008854166666666666,0.030555555555555555
1,0.6252604166666667,0.6189814814814815,0.013020833333333334,0.025
1,0.5716145833333334,0.5939814814814814,0.008854166666666666,0.023148148148148147
1,0.5755208333333334,0.575,0.008333333333333333,0.027777777777777776
1,0.5934895833333333,0.5736111111111111,0.0109375,0.030555555555555555
1,0.6940104166666666,0.5921296296296297,0.0203125,0.041666666666666664
1,0.6994791666666667,0.6662037037037037,0.009375,0.025
1,0.6140625,0.6958333333333333,0.014583333333333334,0.028703703703703703
1,0.66171875,0.711574074074074,0.016145833333333335,0.030555555555555555
1,0.69375,0.6976851851851852,0.013541666666666667,0.028703703703703703
1,0.7096354166666666,0.6606481481481481,0.009895833333333333,0.026851851851851852
1,0.7044270833333334,0.6300925925925925,0.018229166666666668,0.03611111111111111
1,0.365625,0.43194444444444446,0.011458333333333333,0.030555555555555555
1,0.41432291666666665,0.4449074074074074,0.0046875,0.028703703703703703
1,0.4088541666666667,0.42824074074074076,0.00625,0.030555555555555555
1,0.6513020833333333,0.5337962962962963,0.015104166666666667,0.04351851851851852
1,0.6731770833333334,0.5486111111111112,0.0140625,0.03425925925925926
1,0.6825520833333333,0.5194444444444445,0.0109375,0.03888888888888889
1,0.7122395833333334,0.5398148148148149,0.008854166666666666,0.03518518518518519
1,0.7236979166666667,0.5439814814814815,0.009895833333333333,0.03981481481481482
1,0.12369791666666667,0.6810185185185185,0.0109375,0.03611111111111111
1,0.013802083333333333,0.7148148148148148,0.016145833333333335,0.025925925925925925
