4,0.15260416666666668,0.625462962962963,0.05625,0.15833333333333333
4,0.2994791666666667,0.5486111111111112,0.04375,0.15462962962962962
4,0.22005208333333334,0.44027777777777777,0.0359375,0.125
1,0.05026041666666667,0.5689814814814815,0.027604166666666666,0.05092592592592592
1,0.228125,0.575462962962963,0.013541666666666667,0.062037037037037036
8,0.2518229166666667,0.5236111111111111,0.03802083333333333,0.11203703703703703
4,0.25442708333333336,0.8560185185185185,0.059895833333333336,0.21944444444444444
4,0.19453125,0.8537037037037037,0.05572916666666667,0.23333333333333334
4,0.11979166666666667,0.8689814814814815,0.07916666666666666,0.2064814814814815
4,0.240625,0.0787037037037037,0.03333333333333333,0.08333333333333333
4,0.37864583333333335,0.08981481481481482,0.029166666666666667,0.06111111111111111
4,0.40182291666666664,0.03935185185185185,0.021354166666666667,0.05277777777777778
4,0.43255208333333334,0.07546296296296297,0.022395833333333334,0.058333333333333334
4,0.22421875,0.3337962962962963,0.0359375,0.10277777777777777
1,0.6348958333333333,0.6935185185185185,0.022916666666666665,0.05555555555555555
3,0.59140625,0.7203703703703703,0.024479166666666666,0.06481481481481481
3,0.49375,0.27685185185185185,0.015625,0.037037037037037035
3,0.5265625,0.2337962962962963,0.0125,0.026851851851851852
2,0.49661458333333336,0.2550925925925926,0.009895833333333333,0.04722222222222222
2,0.5263020833333333,0.21388888888888888,0.009895833333333333,0.027777777777777776
2,0.59140625,0.6888888888888889,0.016145833333333335,0.05185185185185185
4,0.4622395833333333,0.05138888888888889,0.027604166666666666,0.05092592592592592
4,0.48151041666666666,0.12083333333333333,0.033854166666666664,0.06018518518518518
4,0.5356770833333333,0.10972222222222222,0.03177083333333333,0.049074074074074076
4,0.615625,0.08472222222222223,0.05520833333333333,0.04722222222222222
10,0.5908854166666667,0.06296296296296296,0.0109375,0.018518518518518517
10,0.590625,0.049074074074074076,0.013541666666666667,0.018518518518518517
1,0.6010416666666667,0.05138888888888889,0.005208333333333333,0.030555555555555555
4,0.50625,0.027314814814814816,0.029166666666666667,0.04722222222222222
4,0.5526041666666667,0.010185185185185186,0.028125,0.020370370370370372
4,0.5653645833333333,0.32731481481481484,0.05364583333333333,0.09537037037037037
4,0.5921875,0.28379629629629627,0.052083333333333336,0.08981481481481482
4,0.6325520833333333,0.375,0.07239583333333334,0.1111111111111111
10,0.6846354166666667,0.31712962962962965,0.0203125,0.03796296296296296
2,0.6890625,0.2972222222222222,0.009375,0.027777777777777776
4,0.6080729166666666,0.4527777777777778,0.06614583333333333,0.11666666666666667
5,0.68125,0.48055555555555557,0.06770833333333333,0.13703703703703704
4,0.66796875,0.6180555555555556,0.09322916666666667,0.16944444444444445
4,0.7096354166666666,0.8245370370370371,0.03697916666666667,0.16944444444444445
