4,0.5283854166666667,0.7453703703703703,0.07447916666666667,0.13703703703703704
4,0.45208333333333334,0.5907407407407408,0.06354166666666666,0.12222222222222222
4,0.37838541666666664,0.5597222222222222,0.0640625,0.12685185185185185
4,0.3848958333333333,0.4583333333333333,0.05625,0.10555555555555556
4,0.32526041666666666,0.44537037037037036,0.0515625,0.0962962962962963
4,0.33177083333333335,0.3537037037037037,0.046875,0.08888888888888889
4,0.27682291666666664,0.32685185185185184,0.044270833333333336,0.08333333333333333
4,0.29192708333333334,0.2652777777777778,0.0453125,0.08425925925925926
4,0.25703125,0.1865740740740741,0.04010416666666667,0.07314814814814814
4,0.22578125,0.22175925925925927,0.0421875,0.07685185185185185
5,0.5466145833333333,0.5550925925925926,0.04635416666666667,0.07685185185185185
2,0.12682291666666667,0.44351851851851853,0.013020833333333334,0.03148148148148148
2,0.434375,0.23564814814814813,0.010416666666666666,0.023148148148148147
2,0.29244791666666664,0.05277777777777778,0.0067708333333333336,0.020370370370370372
2,0.32265625,0.06388888888888888,0.009895833333333333,0.020370370370370372
2,0.3190104166666667,0.06342592592592593,0.0067708333333333336,0.023148148148148147
2,0.3125,0.04027777777777778,0.005208333333333333,0.025
10,0.29348958333333336,0.06574074074074074,0.0078125,0.022222222222222223
10,0.31276041666666665,0.05,0.008854166666666666,0.016666666666666666
10,0.32083333333333336,0.07175925925925926,0.013541666666666667,0.025
10,0.4328125,0.24351851851851852,0.0125,0.03148148148148148
3,0.13098958333333333,0.4587962962962963,0.0109375,0.030555555555555555
0,0.31536458333333334,0.013425925925925926,0.011979166666666667,0.025
