4,0.15651041666666668,0.9277777777777778,0.06614583333333333,0.08888888888888889
4,0.2609375,0.8208333333333333,0.05520833333333333,0.18796296296296297
4,0.3890625,0.924074074074074,0.057291666666666664,0.0962962962962963
4,0.4765625,0.9101851851851852,0.0625,0.12407407407407407
9,0.3885416666666667,0.6069444444444444,0.06666666666666667,0.31203703703703706
4,0.33229166666666665,0.5814814814814815,0.03854166666666667,0.11481481481481481
4,0.2682291666666667,0.649074074074074,0.041666666666666664,0.11481481481481481
4,0.5190104166666667,0.7949074074074074,0.06614583333333333,0.16574074074074074
4,0.46588541666666666,0.5092592592592593,0.044270833333333336,0.09259259259259259
1,0.4596354166666667,0.6643518518518519,0.0171875,0.05277777777777778
5,0.4859375,0.6203703703703703,0.04479166666666667,0.10185185185185185
4,0.39375,0.3861111111111111,0.027083333333333334,0.06296296296296296
10,0.30130208333333336,0.611574074074074,0.0140625,0.04722222222222222
10,0.6346354166666667,0.6416666666666667,0.018229166666666668,0.06851851851851852
4,0.55234375,0.44212962962962965,0.03697916666666667,0.07685185185185185
4,0.5747395833333333,0.524074074074074,0.0484375,0.10740740740740741
4,0.29713541666666665,0.3537037037037037,0.025520833333333333,0.07222222222222222
4,0.30494791666666665,0.30416666666666664,0.03177083333333333,0.05277777777777778
4,0.3106770833333333,0.21944444444444444,0.0203125,0.04259259259259259
10,0.38307291666666665,0.2861111111111111,0.0109375,0.03148148148148148
1,0.38333333333333336,0.2777777777777778,0.009375,0.020370370370370372
10,0.33177083333333335,0.2263888888888889,0.009375,0.026851851851851852
2,0.33098958333333334,0.22175925925925927,0.008854166666666666,0.026851851851851852
4,0.26484375,0.15185185185185185,0.018229166666666668,0.03333333333333333
4,0.31640625,0.16898148148148148,0.0265625,0.030555555555555555
5,0.28567708333333336,0.1449074074074074,0.016145833333333335,0.04351851851851852
4,0.43046875,0.25787037037037036,0.03177083333333333,0.03796296296296296
5,0.4127604166666667,0.23981481481481481,0.03697916666666667,0.05
4,0.40182291666666664,0.18611111111111112,0.0328125,0.03148148148148148
4,0.39895833333333336,0.16574074074074074,0.03229166666666667,0.025925925925925925
4,0.39557291666666666,0.14444444444444443,0.033854166666666664,0.025925925925925925
4,0.39375,0.13055555555555556,0.029166666666666667,0.022222222222222223
4,0.3890625,0.09722222222222222,0.026041666666666668,0.024074074074074074
10,0.34427083333333336,0.15833333333333333,0.007291666666666667,0.022222222222222223
2,0.34348958333333335,0.15138888888888888,0.005729166666666666,0.017592592592592594
10,0.36640625,0.08518518518518518,0.0046875,0.014814814814814815
2,0.36640625,0.08101851851851852,0.0046875,0.012037037037037037
4,0.32265625,0.14351851851851852,0.030729166666666665,0.027777777777777776
4,0.32395833333333335,0.11805555555555555,0.03125,0.026851851851851852
1,0.3294270833333333,0.07546296296296297,0.0046875,0.019444444444444445
10,0.33046875,0.08842592592592592,0.008854166666666666,0.012037037037037037
4,0.32760416666666664,0.07268518518518519,0.023958333333333335,0.021296296296296296
4,0.32760416666666664,0.055092592592592596,0.023958333333333335,0.025
4,0.33151041666666664,0.04675925925925926,0.022395833333333334,0.019444444444444445
4,0.3302083333333333,0.03518518518518519,0.020833333333333332,0.016666666666666666
4,0.37890625,0.03611111111111111,0.0203125,0.018518518518518517
1,0.3611979166666667,0.01898148148148148,0.0036458333333333334,0.01574074074074074
1,0.3651041666666667,0.019444444444444445,0.004166666666666667,0.014814814814814815
4,0.3768229166666667,0.020370370370370372,0.0171875,0.016666666666666666
5,0.28828125,0.02361111111111111,0.0109375,0.021296296296296296
4,0.37526041666666665,0.009259259259259259,0.019270833333333334,0.014814814814814815
4,0.33359375,0.008333333333333333,0.0140625,0.014814814814814815
4,0.27291666666666664,0.05324074074074074,0.025,0.017592592592592594
10,0.24791666666666667,0.1287037037037037,0.00625,0.018518518518518517
1,0.2682291666666667,0.09351851851851851,0.005208333333333333,0.022222222222222223
1,0.26197916666666665,0.09351851851851851,0.004166666666666667,0.018518518518518517
1,0.26536458333333335,0.09537037037037037,0.0046875,0.020370370370370372
5,0.24583333333333332,0.11435185185185186,0.021875,0.030555555555555555
4,0.2890625,0.0962962962962963,0.011458333333333333,0.03333333333333333
1,0.3028645833333333,0.13703703703703704,0.0036458333333333334,0.018518518518518517
4,0.29140625,0.011111111111111112,0.0203125,0.014814814814814815
4,0.2734375,0.006944444444444444,0.007291666666666667,0.012037037037037037
0,0.28229166666666666,0.22546296296296298,0.030208333333333334,0.04351851851851852
0,0.26640625,0.07407407407407407,0.018229166666666668,0.012962962962962963
4,0.17760416666666667,0.1962962962962963,0.036458333333333336,0.03333333333333333
10,0.10703125,0.5064814814814815,0.03177083333333333,0.025925925925925925
10,0.05677083333333333,0.5902777777777778,0.026041666666666668,0.04351851851851852
1,0.5276041666666667,0.21666666666666667,0.00625,0.027777777777777776
3,0.5669270833333333,0.23472222222222222,0.011979166666666667,0.019444444444444445
5,0.4947916666666667,0.21805555555555556,0.022916666666666665,0.05277777777777778
4,0.47213541666666664,0.2162037037037037,0.022395833333333334,0.041666666666666664
1,0.47161458333333334,0.1875,0.005729166666666666,0.023148148148148147
4,0.4609375,0.17962962962962964,0.020833333333333332,0.037037037037037035
4,0.44921875,0.13425925925925927,0.018229166666666668,0.025925925925925925
4,0.43645833333333334,0.10648148148148148,0.013541666666666667,0.025925925925925925
10,0.4453125,0.0699074074074074,0.009375,0.013888888888888888
5,0.4283854166666667,0.08518518518518518,0.013020833333333334,0.03148148148148148
4,0.42109375,0.06111111111111111,0.011979166666666667,0.022222222222222223
4,0.4114583333333333,0.031018518518518518,0.01875,0.017592592592592594
4,0.390625,0.1476851851851852,0.017708333333333333,0.06944444444444445
4,0.44244791666666666,0.011111111111111112,0.008854166666666666,0.020370370370370372
1,0.46536458333333336,0.07268518518518519,0.0046875,0.021296296296296296
4,0.45286458333333335,0.010648148148148148,0.008854166666666666,0.019444444444444445
4,0.41171875,0.022685185185185187,0.022395833333333334,0.017592592592592594
5,0.41510416666666666,0.016666666666666666,0.01875,0.020370370370370372
5,0.4200520833333333,0.011574074074074073,0.016145833333333335,0.01574074074074074
1,0.5921875,0.2388888888888889,0.009375,0.03333333333333333
4,0.19348958333333333,0.6620370370370371,0.022395833333333334,0.07407407407407407
1,0.23515625,0.36527777777777776,0.008854166666666666,0.03425925925925926
4,0.25390625,0.36666666666666664,0.025520833333333333,0.04814814814814815
