4,0.49583333333333335,0.9351851851851852,0.03333333333333333,0.10555555555555556
4,0.5713541666666667,0.9055555555555556,0.030208333333333334,0.0962962962962963
4,0.653125,0.9194444444444444,0.028125,0.08148148148148149
4,0.6580729166666667,0.6972222222222222,0.0234375,0.05925925925925926
4,0.5856770833333333,0.6777777777777778,0.024479166666666666,0.05740740740740741
4,0.5375,0.5972222222222222,0.023958333333333335,0.05740740740740741
4,0.5903645833333333,0.5986111111111111,0.018229166666666668,0.049074074074074076
4,0.5658854166666667,0.5625,0.019270833333333334,0.05462962962962963
4,0.62578125,0.5773148148148148,0.019270833333333334,0.041666666666666664
4,0.5763020833333333,0.4773148148148148,0.0171875,0.04351851851851852
4,0.5557291666666667,0.4351851851851852,0.016666666666666666,0.03888888888888889
4,0.36953125,0.4564814814814815,0.034895833333333334,0.03148148148148148
4,0.43255208333333334,0.39490740740740743,0.03697916666666667,0.026851851851851852
4,0.6307291666666667,0.46064814814814814,0.016666666666666666,0.03611111111111111
4,0.6549479166666666,0.45092592592592595,0.0171875,0.03888888888888889
4,0.8578125,0.5148148148148148,0.042708333333333334,0.03333333333333333
4,0.5690104166666666,0.3712962962962963,0.0140625,0.03333333333333333
4,0.5869791666666667,0.39351851851851855,0.016666666666666666,0.037037037037037035
4,0.5736979166666667,0.3175925925925926,0.0140625,0.027777777777777776
4,0.5940104166666667,0.3236111111111111,0.011979166666666667,0.026851851851851852
4,0.6338541666666667,0.3194444444444444,0.0125,0.024074074074074074
4,0.665625,0.3101851851851852,0.014583333333333334,0.024074074074074074
4,0.5815104166666667,0.2833333333333333,0.011979166666666667,0.024074074074074074
4,0.5908854166666667,0.21851851851851853,0.008854166666666666,0.020370370370370372
4,0.6072916666666667,0.18472222222222223,0.009375,0.017592592592592594
4,0.6479166666666667,0.25462962962962965,0.010416666666666666,0.020370370370370372
6,0.6361979166666667,0.21574074074074073,0.009895833333333333,0.025925925925925925
4,0.6497395833333334,0.21203703703703702,0.009895833333333333,0.020370370370370372
4,0.6010416666666667,0.14814814814814814,0.009375,0.016666666666666666
4,0.6184895833333334,0.13148148148148148,0.0067708333333333336,0.018518518518518517
4,0.64765625,0.1388888888888889,0.0078125,0.011111111111111112
5,0.64296875,0.11481481481481481,0.0078125,0.014814814814814815
4,0.6372395833333333,0.08101851851851852,0.005729166666666666,0.013888888888888888
4,0.6463541666666667,0.06296296296296296,0.00625,0.011111111111111112
4,0.7638020833333333,0.2759259259259259,0.0265625,0.020370370370370372
4,0.7348958333333333,0.24305555555555555,0.021875,0.01574074074074074
5,0.7354166666666667,0.22870370370370371,0.017708333333333333,0.018518518518518517
5,0.7307291666666667,0.20416666666666666,0.023958333333333335,0.021296296296296296
5,0.72421875,0.18796296296296297,0.018229166666666668,0.016666666666666666
4,0.7247395833333333,0.17916666666666667,0.018229166666666668,0.013888888888888888
4,0.7145833333333333,0.14444444444444443,0.015625,0.014814814814814815
4,0.7161458333333334,0.13842592592592592,0.014583333333333334,0.010185185185185186
5,0.7104166666666667,0.13194444444444445,0.014583333333333334,0.012037037037037037
5,0.7153645833333333,0.12083333333333333,0.0140625,0.013888888888888888
4,0.7114583333333333,0.11851851851851852,0.014583333333333334,0.011111111111111112
4,0.7078125,0.09814814814814815,0.0125,0.009259259259259259
4,0.70703125,0.09444444444444444,0.0140625,0.007407407407407408
4,0.7208333333333333,0.08657407407407407,0.014583333333333334,0.012037037037037037
4,0.7041666666666667,0.08472222222222223,0.013541666666666667,0.008333333333333333
5,0.6947916666666667,0.053703703703703705,0.013541666666666667,0.009259259259259259
5,0.6833333333333333,0.0587962962962963,0.00625,0.012037037037037037
4,0.6950520833333333,0.16342592592592592,0.009895833333333333,0.01574074074074074
4,0.6794270833333333,0.011111111111111112,0.0046875,0.009259259259259259
5,0.678125,0.004629629629629629,0.004166666666666667,0.009259259259259259
1,0.6809895833333334,0.06851851851851852,0.0015625,0.009259259259259259
1,0.6799479166666667,0.11064814814814815,0.0026041666666666665,0.010185185185185186
10,0.71328125,0.2986111111111111,0.0036458333333333334,0.01574074074074074
2,0.7015625,0.3277777777777778,0.003125,0.009259259259259259
10,0.7002604166666667,0.33240740740740743,0.0036458333333333334,0.014814814814814815
2,0.7432291666666667,0.37175925925925923,0.0020833333333333333,0.012037037037037037
10,0.7424479166666667,0.37824074074074077,0.0046875,0.012037037037037037
2,0.73125,0.4115740740740741,0.004166666666666667,0.013888888888888888
3,0.7296875,0.41805555555555557,0.004166666666666667,0.013888888888888888
2,0.6869791666666667,0.46620370370370373,0.005208333333333333,0.01574074074074074
2,0.7606770833333333,0.4634259259259259,0.0036458333333333334,0.013888888888888888
2,0.82265625,0.4356481481481482,0.0026041666666666665,0.013888888888888888
2,0.8473958333333333,0.44074074074074077,0.003125,0.012962962962962963
2,0.8497395833333333,0.44027777777777777,0.0026041666666666665,0.013888888888888888
2,0.8736979166666666,0.4449074074074074,0.0036458333333333334,0.012037037037037037
10,0.8723958333333334,0.45185185185185184,0.014583333333333334,0.012962962962962963
10,0.8463541666666666,0.44675925925925924,0.0125,0.008333333333333333
10,0.8208333333333333,0.4398148148148148,0.014583333333333334,0.009259259259259259
10,0.7596354166666667,0.4703703703703704,0.005729166666666666,0.016666666666666666
10,0.7294270833333333,0.41898148148148145,0.0067708333333333336,0.012037037037037037
10,0.6861979166666666,0.475462962962963,0.0046875,0.013888888888888888
2,0.7682291666666666,0.8777777777777778,0.00625,0.018518518518518517
10,0.76484375,0.888425925925926,0.008854166666666666,0.021296296296296296
2,0.47994791666666664,0.4675925925925926,0.0046875,0.012962962962962963
2,0.47578125,0.4217592592592593,0.0036458333333333334,0.010185185185185186
2,0.51171875,0.3143518518518518,0.0036458333333333334,0.008333333333333333
2,0.5221354166666666,0.30092592592592593,0.0026041666666666665,0.011111111111111112
2,0.53125,0.31157407407407406,0.004166666666666667,0.012037037037037037
2,0.5361979166666667,0.30324074074074076,0.0036458333333333334,0.010185185185185186
10,0.5109375,0.3226851851851852,0.003125,0.010185185185185186
10,0.5216145833333333,0.30833333333333335,0.0026041666666666665,0.009259259259259259
10,0.53046875,0.3175925925925926,0.0046875,0.012962962962962963
10,0.5356770833333333,0.3125,0.0036458333333333334,0.012037037037037037
10,0.4752604166666667,0.43194444444444446,0.0036458333333333334,0.013888888888888888
10,0.4786458333333333,0.4791666666666667,0.005208333333333333,0.013888888888888888
10,0.5223958333333333,0.2833333333333333,0.0020833333333333333,0.009259259259259259
2,0.5229166666666667,0.2791666666666667,0.004166666666666667,0.013888888888888888
1,0.6919270833333333,0.11527777777777778,0.0015625,0.010185185185185186
