1,0.2916666666666667,0.6236111111111111,0.020833333333333332,0.06018518518518518
1,0.19140625,0.6106481481481482,0.0203125,0.06388888888888888
1,0.14114583333333333,0.6069444444444444,0.019791666666666666,0.06574074074074074
1,0.05078125,0.575462962962963,0.019270833333333334,0.06018518518518518
1,0.10494791666666667,0.6791666666666667,0.0296875,0.062037037037037036
1,0.11484375,0.6657407407407407,0.0234375,0.06296296296296296
1,0.13020833333333334,0.43657407407407406,0.0125,0.049074074074074076
1,0.09140625,0.35694444444444445,0.011979166666666667,0.03425925925925926
1,0.0484375,0.5055555555555555,0.014583333333333334,0.05185185185185185
1,0.05286458333333333,0.4935185185185185,0.0171875,0.044444444444444446
4,0.08385416666666666,0.5078703703703704,0.06458333333333334,0.0787037037037037
2,0.07135416666666666,0.44212962962962965,0.0125,0.025
1,0.21171875,0.5740740740740741,0.0140625,0.06111111111111111
2,0.22760416666666666,0.5708333333333333,0.015625,0.04722222222222222
3,0.22578125,0.5902777777777778,0.015104166666666667,0.049074074074074076
3,0.28463541666666664,0.5328703703703703,0.015104166666666667,0.03425925925925926
3,0.24973958333333332,0.5078703703703704,0.0234375,0.026851851851851852
3,0.19713541666666667,0.5319444444444444,0.0328125,0.032407407407407406
2,0.2838541666666667,0.5194444444444445,0.015625,0.04814814814814815
2,0.19713541666666667,0.5199074074074074,0.015104166666666667,0.041666666666666664
2,0.24947916666666667,0.49444444444444446,0.016666666666666666,0.04259259259259259
1,0.24661458333333333,0.47314814814814815,0.0140625,0.046296296296296294
1,0.22578125,0.4625,0.0078125,0.03981481481481482
1,0.21953125,0.45740740740740743,0.011979166666666667,0.04259259259259259
4,0.15416666666666667,0.41759259259259257,0.06041666666666667,0.046296296296296294
4,0.14557291666666666,0.39537037037037037,0.0640625,0.04259259259259259
4,0.13385416666666666,0.37407407407407406,0.058333333333333334,0.040740740740740744
4,0.12630208333333334,0.35833333333333334,0.05260416666666667,0.03888888888888889
4,0.08854166666666667,0.324537037037037,0.04479166666666667,0.03611111111111111
1,0.054947916666666666,0.3212962962962963,0.008854166666666666,0.027777777777777776
4,0.078125,0.300462962962963,0.04583333333333333,0.030555555555555555
4,0.07578125,0.2898148148148148,0.0421875,0.024074074074074074
4,0.06171875,0.2898148148148148,0.0359375,0.025925925925925925
4,0.06197916666666667,0.28425925925925927,0.03125,0.025925925925925925
0,0.054947916666666666,0.25833333333333336,0.0234375,0.027777777777777776
4,0.11822916666666666,0.3,0.022916666666666665,0.03148148148148148
4,0.10598958333333333,0.2875,0.021354166666666667,0.028703703703703703
4,0.09114583333333333,0.2763888888888889,0.01875,0.026851851851851852
4,0.08072916666666667,0.2625,0.015625,0.023148148148148147
4,0.1140625,0.2662037037037037,0.01875,0.023148148148148147
4,0.09791666666666667,0.25462962962962965,0.01875,0.024074074074074074
4,0.10130208333333333,0.24351851851851852,0.015104166666666667,0.022222222222222223
4,0.11979166666666667,0.25462962962962965,0.019791666666666666,0.024074074074074074
4,0.13359375,0.2625,0.021354166666666667,0.021296296296296296
4,0.13671875,0.2800925925925926,0.019270833333333334,0.021296296296296296
4,0.15494791666666666,0.27685185185185185,0.019270833333333334,0.024074074074074074
4,0.15364583333333334,0.2949074074074074,0.021875,0.028703703703703703
4,0.17369791666666667,0.2902777777777778,0.018229166666666668,0.026851851851851852
4,0.16796875,0.31203703703703706,0.0265625,0.025925925925925925
4,0.17552083333333332,0.3337962962962963,0.03854166666666667,0.032407407407407406
4,0.18541666666666667,0.30324074074074076,0.025,0.03425925925925926
4,0.20234375,0.3138888888888889,0.0265625,0.03148148148148148
4,0.20963541666666666,0.3490740740740741,0.034895833333333334,0.04814814814814815
5,0.22786458333333334,0.3347222222222222,0.0328125,0.041666666666666664
4,0.24192708333333332,0.37824074074074077,0.0390625,0.049074074074074076
4,0.26328125,0.362962962962963,0.03697916666666667,0.03888888888888889
4,0.2674479166666667,0.33796296296296297,0.033854166666666664,0.03518518518518519
4,0.30833333333333335,0.36342592592592593,0.03958333333333333,0.03796296296296296
1,0.33880208333333334,0.3490740740740741,0.005729166666666666,0.03148148148148148
1,0.30755208333333334,0.337037037037037,0.034895833333333334,0.02962962962962963
1,0.28567708333333336,0.3212962962962963,0.0296875,0.027777777777777776
1,0.26640625,0.30416666666666664,0.024479166666666666,0.030555555555555555
9,0.22734375,0.2953703703703704,0.06614583333333333,0.07037037037037037
1,0.41484375,0.3939814814814815,0.0078125,0.03425925925925926
1,0.4041666666666667,0.36527777777777776,0.010416666666666666,0.03425925925925926
1,0.41302083333333334,0.33055555555555555,0.00625,0.027777777777777776
1,0.4153645833333333,0.3087962962962963,0.005729166666666666,0.026851851851851852
1,0.48489583333333336,0.35833333333333334,0.00625,0.03333333333333333
1,0.37213541666666666,0.3111111111111111,0.005729166666666666,0.025925925925925925
2,0.37916666666666665,0.31805555555555554,0.005208333333333333,0.013888888888888888
1,0.3703125,0.31203703703703706,0.005208333333333333,0.022222222222222223
1,0.34765625,0.31296296296296294,0.0067708333333333336,0.027777777777777776
4,0.37135416666666665,0.3388888888888889,0.04479166666666667,0.02962962962962963
5,0.32708333333333334,0.30787037037037035,0.036458333333333336,0.030555555555555555
4,0.30182291666666666,0.30416666666666664,0.0328125,0.026851851851851852
4,0.29270833333333335,0.2967592592592593,0.03229166666666667,0.025
4,0.2828125,0.29259259259259257,0.036458333333333336,0.022222222222222223
1,0.30052083333333335,0.27824074074074073,0.004166666666666667,0.019444444444444445
1,0.2955729166666667,0.2777777777777778,0.0046875,0.022222222222222223
1,0.31536458333333334,0.2865740740740741,0.0046875,0.021296296296296296
6,0.25546875,0.2722222222222222,0.028645833333333332,0.024074074074074074
4,0.24453125,0.26805555555555555,0.030729166666666665,0.023148148148148147
4,0.22864583333333333,0.26342592592592595,0.027083333333333334,0.021296296296296296
4,0.22109375,0.2564814814814815,0.025520833333333333,0.022222222222222223
4,0.21328125,0.2537037037037037,0.0265625,0.022222222222222223
4,0.19739583333333333,0.24537037037037038,0.030208333333333334,0.020370370370370372
4,0.19427083333333334,0.262037037037037,0.020833333333333332,0.018518518518518517
4,0.1796875,0.25462962962962965,0.017708333333333333,0.020370370370370372
4,0.16302083333333334,0.24722222222222223,0.01875,0.020370370370370372
4,0.14869791666666668,0.24027777777777778,0.0203125,0.021296296296296296
4,0.1328125,0.2361111111111111,0.019791666666666666,0.016666666666666666
5,0.11927083333333334,0.22962962962962963,0.019791666666666666,0.020370370370370372
1,0.11145833333333334,0.23425925925925925,0.004166666666666667,0.011111111111111112
10,0.11171875,0.23935185185185184,0.0067708333333333336,0.010185185185185186
4,0.17760416666666667,0.23981481481481481,0.020833333333333332,0.016666666666666666
4,0.1671875,0.23657407407407408,0.022916666666666665,0.017592592592592594
4,0.15,0.22870370370370371,0.027083333333333334,0.020370370370370372
4,0.10182291666666667,0.22361111111111112,0.015104166666666667,0.021296296296296296
1,0.515625,0.3611111111111111,0.009375,0.03148148148148148
1,0.5315104166666667,0.4162037037037037,0.005729166666666666,0.03981481481481482
1,0.5361979166666667,0.4166666666666667,0.0046875,0.025925925925925925
1,0.5440104166666667,0.4013888888888889,0.0078125,0.03611111111111111
1,0.5559895833333334,0.41203703703703703,0.0109375,0.03888888888888889
1,0.5752604166666667,0.43333333333333335,0.009895833333333333,0.040740740740740744
1,0.57734375,0.4111111111111111,0.0078125,0.03888888888888889
1,0.5671875,0.3907407407407407,0.010416666666666666,0.03333333333333333
1,0.5716145833333334,0.3824074074074074,0.0078125,0.03148148148148148
2,0.5510416666666667,0.46944444444444444,0.0125,0.040740740740740744
10,0.5510416666666667,0.48009259259259257,0.029166666666666667,0.03611111111111111
5,0.6893229166666667,0.37916666666666665,0.0359375,0.05092592592592592
1,0.6325520833333333,0.3013888888888889,0.005729166666666666,0.025
1,0.6794270833333333,0.2810185185185185,0.005729166666666666,0.023148148148148147
1,0.60859375,0.3087962962962963,0.0067708333333333336,0.021296296296296296
1,0.6036458333333333,0.31342592592592594,0.007291666666666667,0.025
1,0.5856770833333333,0.3277777777777778,0.005729166666666666,0.027777777777777776
1,0.5796875,0.32731481481481484,0.004166666666666667,0.025
4,0.4421875,0.36527777777777776,0.040625,0.041666666666666664
4,0.4546875,0.34675925925925927,0.041666666666666664,0.04722222222222222
4,0.478125,0.34074074074074073,0.03229166666666667,0.040740740740740744
4,0.4984375,0.33611111111111114,0.03854166666666667,0.03888888888888889
4,0.5125,0.3282407407407407,0.0375,0.03611111111111111
4,0.5276041666666667,0.32407407407407407,0.034375,0.03518518518518519
4,0.5411458333333333,0.3199074074074074,0.03229166666666667,0.03425925925925926
4,0.5546875,0.31342592592592594,0.0375,0.03611111111111111
4,0.57109375,0.30833333333333335,0.027604166666666666,0.02962962962962963
4,0.578125,0.3037037037037037,0.027083333333333334,0.02962962962962963
4,0.58828125,0.29953703703703705,0.028645833333333332,0.028703703703703703
4,0.5994791666666667,0.3013888888888889,0.035416666666666666,0.03611111111111111
4,0.6072916666666667,0.2902777777777778,0.034375,0.030555555555555555
4,0.6393229166666666,0.27824074074074073,0.033854166666666664,0.028703703703703703
4,0.65234375,0.274537037037037,0.03177083333333333,0.028703703703703703
5,0.6588541666666666,0.2675925925925926,0.027083333333333334,0.03148148148148148
4,0.66640625,0.26805555555555555,0.025520833333333333,0.028703703703703703
4,0.6739583333333333,0.26296296296296295,0.03229166666666667,0.025925925925925925
5,0.6885416666666667,0.262037037037037,0.023958333333333335,0.03148148148148148
4,0.70859375,0.2537037037037037,0.022395833333333334,0.025925925925925925
4,0.715625,0.2513888888888889,0.020833333333333332,0.025
4,0.7197916666666667,0.24861111111111112,0.01875,0.025
1,0.7192708333333333,0.2712962962962963,0.005208333333333333,0.024074074074074074
1,0.7145833333333333,0.2847222222222222,0.004166666666666667,0.017592592592592594
1,0.70859375,0.2851851851851852,0.0078125,0.024074074074074074
2,0.6669270833333333,0.3148148148148148,0.0078125,0.027777777777777776
1,0.64375,0.3175925925925926,0.00625,0.02962962962962963
3,0.6434895833333333,0.3333333333333333,0.013020833333333334,0.016666666666666666
