10,0.53828125,0.1824074074074074,0.013020833333333334,0.011111111111111112
10,0.5330729166666667,0.16712962962962963,0.0109375,0.012037037037037037
10,0.56796875,0.175,0.009895833333333333,0.012962962962962963
10,0.5638020833333334,0.16296296296296298,0.0140625,0.011111111111111112
10,0.5690104166666666,0.19027777777777777,0.0046875,0.023148148148148147
10,0.5580729166666667,0.18981481481481483,0.011979166666666667,0.011111111111111112
10,0.5520833333333334,0.2064814814814815,0.008333333333333333,0.018518518518518517
10,0.5552083333333333,0.23055555555555557,0.008333333333333333,0.012962962962962963
10,0.5552083333333333,0.23796296296296296,0.008333333333333333,0.011111111111111112
10,0.55625,0.24583333333333332,0.009375,0.010185185185185186
10,0.5591145833333333,0.25092592592592594,0.0036458333333333334,0.014814814814814815
10,0.5630208333333333,0.24444444444444444,0.009375,0.007407407407407408
10,0.553125,0.2199074074074074,0.007291666666666667,0.008333333333333333
10,0.61171875,0.25416666666666665,0.0046875,0.030555555555555555
10,0.5125,0.20092592592592592,0.011458333333333333,0.020370370370370372
1,0.45390625,0.30092592592592593,0.0067708333333333336,0.024074074074074074
1,0.5083333333333333,0.28425925925925927,0.008333333333333333,0.025925925925925925
1,0.5283854166666667,0.2662037037037037,0.0078125,0.021296296296296296
1,0.5263020833333333,0.2967592592592593,0.008854166666666666,0.025
1,0.5559895833333334,0.2791666666666667,0.0078125,0.021296296296296296
1,0.5567708333333333,0.3101851851851852,0.009375,0.022222222222222223
1,0.53984375,0.3421296296296296,0.0109375,0.023148148148148147
1,0.5411458333333333,0.3199074074074074,0.008333333333333333,0.023148148148148147
1,0.5416666666666666,0.3013888888888889,0.009375,0.023148148148148147
1,0.5263020833333333,0.31805555555555554,0.0078125,0.021296296296296296
1,0.50546875,0.31157407407407406,0.0078125,0.025
1,0.5223958333333333,0.34305555555555556,0.008333333333333333,0.025
1,0.5846354166666666,0.3037037037037037,0.005729166666666666,0.016666666666666666
1,0.62578125,0.29814814814814816,0.009895833333333333,0.022222222222222223
1,0.646875,0.2986111111111111,0.010416666666666666,0.025
1,0.6059895833333333,0.32175925925925924,0.0046875,0.012037037037037037
1,0.5955729166666667,0.32685185185185184,0.0067708333333333336,0.018518518518518517
1,0.6130208333333333,0.3277777777777778,0.011458333333333333,0.022222222222222223
1,0.6263020833333334,0.32731481481481484,0.0109375,0.025
1,0.6453125,0.3282407407407407,0.011458333333333333,0.023148148148148147
1,0.6606770833333333,0.32546296296296295,0.009895833333333333,0.026851851851851852
1,0.6153645833333333,0.34814814814814815,0.009895833333333333,0.016666666666666666
1,0.6348958333333333,0.37037037037037035,0.0125,0.024074074074074074
1,0.6515625,0.3736111111111111,0.009375,0.026851851851851852
1,0.63125,0.35138888888888886,0.010416666666666666,0.023148148148148147
1,0.64921875,0.35138888888888886,0.011979166666666667,0.023148148148148147
1,0.66484375,0.35138888888888886,0.011979166666666667,0.025
1,0.6666666666666666,0.30092592592592593,0.010416666666666666,0.024074074074074074
1,0.6869791666666667,0.37777777777777777,0.009375,0.014814814814814815
1,0.7098958333333333,0.3819444444444444,0.009375,0.013888888888888888
1,0.66796875,0.37824074074074077,0.011979166666666667,0.019444444444444445
1,0.67578125,0.324537037037037,0.009895833333333333,0.025
1,0.6919270833333333,0.32592592592592595,0.0140625,0.024074074074074074
1,0.6994791666666667,0.35509259259259257,0.0125,0.023148148148148147
1,0.6846354166666667,0.3574074074074074,0.011979166666666667,0.024074074074074074
1,0.7244791666666667,0.3587962962962963,0.009375,0.03981481481481482
1,0.6390625,0.3939814814814815,0.009375,0.021296296296296296
1,0.6565104166666667,0.4009259259259259,0.009895833333333333,0.020370370370370372
1,0.6268229166666667,0.45925925925925926,0.011979166666666667,0.020370370370370372
1,0.60234375,0.41805555555555557,0.0078125,0.019444444444444445
1,0.6190104166666667,0.41759259259259257,0.011979166666666667,0.022222222222222223
1,0.33177083333333335,0.3787037037037037,0.004166666666666667,0.024074074074074074
1,0.3450520833333333,0.3731481481481482,0.005729166666666666,0.022222222222222223
1,0.34375,0.41712962962962963,0.004166666666666667,0.019444444444444445
1,0.34765625,0.40925925925925927,0.0036458333333333334,0.022222222222222223
1,0.33645833333333336,0.412962962962963,0.007291666666666667,0.022222222222222223
1,0.38333333333333336,0.4078703703703704,0.005208333333333333,0.026851851851851852
1,0.37604166666666666,0.4486111111111111,0.004166666666666667,0.023148148148148147
1,0.37890625,0.500462962962963,0.005729166666666666,0.023148148148148147
1,0.3377604166666667,0.5171296296296296,0.008854166666666666,0.023148148148148147
1,0.40859375,0.47175925925925927,0.0046875,0.021296296296296296
1,0.41953125,0.4162037037037037,0.0067708333333333336,0.025
1,0.4276041666666667,0.4527777777777778,0.004166666666666667,0.020370370370370372
1,0.4375,0.4546296296296296,0.00625,0.018518518518518517
1,0.34348958333333335,0.39814814814814814,0.005729166666666666,0.018518518518518517
1,0.3359375,0.37037037037037035,0.005208333333333333,0.022222222222222223
1,0.5653645833333333,0.4041666666666667,0.005729166666666666,0.023148148148148147
1,0.5856770833333333,0.4203703703703704,0.0067708333333333336,0.022222222222222223
1,0.5614583333333333,0.37407407407407406,0.008333333333333333,0.02962962962962963
1,0.5552083333333333,0.3523148148148148,0.00625,0.021296296296296296
1,0.5453125,0.36527777777777776,0.005208333333333333,0.019444444444444445
1,0.4283854166666667,0.4824074074074074,0.0046875,0.016666666666666666
1,0.32317708333333334,0.5703703703703704,0.005729166666666666,0.02962962962962963
1,0.3497395833333333,0.6300925925925925,0.008854166666666666,0.025
1,0.39791666666666664,0.5685185185185185,0.010416666666666666,0.025925925925925925
1,0.4479166666666667,0.6875,0.007291666666666667,0.025
1,0.3145833333333333,0.6722222222222223,0.005208333333333333,0.020370370370370372
2,0.278125,0.6569444444444444,0.009375,0.019444444444444445
1,0.3848958333333333,0.8185185185185185,0.009375,0.024074074074074074
1,0.35572916666666665,0.8476851851851852,0.007291666666666667,0.017592592592592594
1,0.42239583333333336,0.8587962962962963,0.007291666666666667,0.021296296296296296
1,0.36953125,0.8986111111111111,0.0078125,0.019444444444444445
1,0.4109375,0.9111111111111111,0.008333333333333333,0.020370370370370372
2,0.47317708333333336,0.9282407407407407,0.0078125,0.023148148148148147
2,0.4549479166666667,0.9583333333333334,0.0067708333333333336,0.022222222222222223
2,0.4453125,0.9560185185185185,0.008333333333333333,0.017592592592592594
2,0.43255208333333334,0.9425925925925925,0.015104166666666667,0.018518518518518517
