4,0.02890625,0.736574074074074,0.05677083333333333,0.09166666666666666
1,0.21666666666666667,0.6902777777777778,0.009375,0.03981481481481482
1,0.21979166666666666,0.674537037037037,0.010416666666666666,0.04351851851851852
1,0.22994791666666667,0.6671296296296296,0.009895833333333333,0.03796296296296296
11,0.28932291666666665,0.5768518518518518,0.0703125,0.09814814814814815
0,0.3455729166666667,0.5064814814814815,0.0078125,0.020370370370370372
10,0.43645833333333334,0.5458333333333333,0.009375,0.03425925925925926
4,0.37916666666666665,0.4564814814814815,0.0625,0.05925925925925926
4,0.14479166666666668,0.4356481481481482,0.04791666666666667,0.06018518518518518
0,0.24895833333333334,0.3787037037037037,0.026041666666666668,0.03148148148148148
4,0.28125,0.37222222222222223,0.03958333333333333,0.037037037037037035
4,0.19479166666666667,0.29907407407407405,0.023958333333333335,0.024074074074074074
4,0.04791666666666667,0.23703703703703705,0.017708333333333333,0.022222222222222223
4,0.008854166666666666,0.21944444444444444,0.015625,0.020370370370370372
4,0.053125,0.2638888888888889,0.01875,0.027777777777777776
0,0.08255208333333333,0.2569444444444444,0.0140625,0.030555555555555555
0,0.09869791666666666,0.25972222222222224,0.0171875,0.030555555555555555
0,0.08776041666666666,0.2337962962962963,0.015104166666666667,0.026851851851851852
0,0.11458333333333333,0.2912037037037037,0.023958333333333335,0.03425925925925926
0,0.13125,0.2796296296296296,0.010416666666666666,0.02962962962962963
4,0.14609375,0.27314814814814814,0.016145833333333335,0.024074074074074074
0,0.04114583333333333,0.13518518518518519,0.00625,0.011111111111111112
4,0.15885416666666666,0.17453703703703705,0.015625,0.012037037037037037
6,0.16458333333333333,0.2962962962962963,0.030208333333333334,0.03518518518518519
1,0.5192708333333333,0.47962962962962963,0.007291666666666667,0.025925925925925925
1,0.5533854166666666,0.44212962962962965,0.005729166666666666,0.021296296296296296
1,0.5596354166666667,0.44583333333333336,0.0067708333333333336,0.025
3,0.575,0.4652777777777778,0.00625,0.028703703703703703
0,0.578125,0.4356481481481482,0.00625,0.01574074074074074
4,0.20260416666666667,0.3435185185185185,0.036458333333333336,0.03518518518518519
4,0.16197916666666667,0.3453703703703704,0.026041666666666668,0.03148148148148148
2,0.43697916666666664,0.5425925925925926,0.007291666666666667,0.025925925925925925
1,0.38776041666666666,0.5217592592592593,0.0046875,0.032407407407407406
2,0.57578125,0.4648148148148148,0.005729166666666666,0.022222222222222223
