1,0.7205729166666667,0.6449074074074074,0.0078125,0.006481481481481481
10,0.6765625,0.6152777777777778,0.007291666666666667,0.008333333333333333
10,0.6739583333333333,0.6212962962962963,0.007291666666666667,0.007407407407407408
10,0.67265625,0.6259259259259259,0.005729166666666666,0.007407407407407408
10,0.6713541666666667,0.6296296296296297,0.007291666666666667,0.009259259259259259
1,0.6645833333333333,0.6615740740740741,0.005208333333333333,0.004629629629629629
1,0.665625,0.6648148148148149,0.005208333333333333,0.003703703703703704
1,0.50390625,0.4527777777777778,0.0026041666666666665,0.007407407407407408
1,0.45989583333333334,0.30324074074074076,0.0020833333333333333,0.008333333333333333
4,0.44947916666666665,0.21064814814814814,0.009375,0.023148148148148147
5,0.42265625,0.36944444444444446,0.019270833333333334,0.018518518518518517
4,0.4203125,0.35555555555555557,0.016666666666666666,0.012962962962962963
4,0.38645833333333335,0.3527777777777778,0.017708333333333333,0.014814814814814815
4,0.4171875,0.31157407407407406,0.016666666666666666,0.01574074074074074
4,0.38177083333333334,0.3106481481481482,0.015625,0.012037037037037037
4,0.3807291666666667,0.29398148148148145,0.017708333333333333,0.013888888888888888
4,0.41328125,0.2791666666666667,0.016145833333333335,0.013888888888888888
5,0.37942708333333336,0.27685185185185185,0.018229166666666668,0.022222222222222223
4,0.3770833333333333,0.26435185185185184,0.014583333333333334,0.012037037037037037
4,0.375,0.25092592592592594,0.014583333333333334,0.014814814814814815
4,0.40703125,0.2037037037037037,0.015104166666666667,0.014814814814814815
4,0.40598958333333335,0.1875,0.015104166666666667,0.013888888888888888
4,0.4046875,0.17314814814814813,0.014583333333333334,0.012962962962962963
1,0.3888020833333333,0.17083333333333334,0.0015625,0.006481481481481481
1,0.39088541666666665,0.17314814814814813,0.0015625,0.007407407407407408
4,0.3703125,0.18611111111111112,0.014583333333333334,0.012962962962962963
4,0.3692708333333333,0.17037037037037037,0.014583333333333334,0.012962962962962963
4,0.39348958333333334,0.08333333333333333,0.015104166666666667,0.014814814814814815
4,0.3932291666666667,0.07083333333333333,0.011458333333333333,0.010185185185185186
4,0.390625,0.059722222222222225,0.014583333333333334,0.013888888888888888
4,0.38984375,0.04814814814814815,0.015104166666666667,0.012962962962962963
4,0.3875,0.030555555555555555,0.014583333333333334,0.012962962962962963
4,0.38619791666666664,0.01990740740740741,0.015104166666666667,0.013888888888888888
4,0.3859375,0.006944444444444444,0.013541666666666667,0.012037037037037037
4,0.3572916666666667,0.018518518518518517,0.014583333333333334,0.012962962962962963
4,0.3578125,0.029166666666666667,0.014583333333333334,0.012037037037037037
4,0.36041666666666666,0.04953703703703704,0.014583333333333334,0.012037037037037037
4,0.3611979166666667,0.059722222222222225,0.016145833333333335,0.012037037037037037
4,0.3606770833333333,0.07083333333333333,0.015104166666666667,0.013888888888888888
4,0.32317708333333334,0.010648148148148148,0.0140625,0.013888888888888888
1,0.30364583333333334,0.29907407407407405,0.0020833333333333333,0.009259259259259259
4,0.2677083333333333,0.8148148148148148,0.010416666666666666,0.04259259259259259
2,0.26901041666666664,0.9115740740740741,0.0026041666666666665,0.006481481481481481
10,0.26927083333333335,0.9101851851851852,0.003125,0.012962962962962963
4,0.21953125,0.8777777777777778,0.0234375,0.022222222222222223
4,0.21223958333333334,0.9097222222222222,0.0109375,0.04537037037037037
4,0.19973958333333333,0.9166666666666666,0.011979166666666667,0.046296296296296294
4,0.18802083333333333,0.9143518518518519,0.010416666666666666,0.04351851851851852
4,0.18671875,0.836574074074074,0.0109375,0.041666666666666664
4,0.19895833333333332,0.8347222222222223,0.010416666666666666,0.041666666666666664
4,0.21171875,0.8328703703703704,0.008854166666666666,0.041666666666666664
4,0.12682291666666667,0.8416666666666667,0.0109375,0.040740740740740744
5,0.11432291666666666,0.8393518518518519,0.0109375,0.041666666666666664
4,0.08880208333333334,0.8495370370370371,0.011979166666666667,0.041666666666666664
4,0.07630208333333334,0.8513888888888889,0.0109375,0.03425925925925926
4,0.065625,0.850462962962963,0.011458333333333333,0.041666666666666664
4,0.04921875,0.8041666666666667,0.0234375,0.030555555555555555
4,0.01640625,0.8009259259259259,0.011979166666666667,0.03518518518518519
4,0.04348958333333333,0.8796296296296297,0.025520833333333333,0.022222222222222223
4,0.045572916666666664,0.8569444444444444,0.024479166666666666,0.021296296296296296
4,0.005729166666666666,0.8986111111111111,0.011458333333333333,0.04537037037037037
10,0.04895833333333333,0.5157407407407407,0.004166666666666667,0.011111111111111112
10,0.04791666666666667,0.5277777777777778,0.004166666666666667,0.011111111111111112
5,0.03333333333333333,0.5231481481481481,0.0125,0.03148148148148148
4,0.065625,0.5189814814814815,0.0125,0.032407407407407406
4,0.103125,0.5092592592592593,0.010416666666666666,0.03148148148148148
4,0.1234375,0.5092592592592593,0.010416666666666666,0.03148148148148148
4,0.18802083333333333,0.5939814814814814,0.01875,0.023148148148148147
4,0.21927083333333333,0.5486111111111112,0.015625,0.013888888888888888
4,0.21041666666666667,0.5180555555555556,0.020833333333333332,0.017592592592592594
4,0.18229166666666666,0.500462962962963,0.009375,0.030555555555555555
4,0.16197916666666667,0.5032407407407408,0.010416666666666666,0.030555555555555555
1,0.13932291666666666,0.5009259259259259,0.0026041666666666665,0.005555555555555556
10,0.20546875,0.4925925925925926,0.0067708333333333336,0.009259259259259259
0,0.1328125,0.5078703703703704,0.004166666666666667,0.017592592592592594
4,0.26510416666666664,0.6800925925925926,0.009375,0.03425925925925926
4,0.26484375,0.6351851851851852,0.008854166666666666,0.03518518518518519
4,0.26458333333333334,0.5949074074074074,0.008333333333333333,0.032407407407407406
4,0.2638020833333333,0.5564814814814815,0.0078125,0.03333333333333333
6,0.26197916666666665,0.5125,0.011458333333333333,0.04537037037037037
4,0.26145833333333335,0.4791666666666667,0.009375,0.026851851851851852
4,0.26197916666666665,0.4425925925925926,0.007291666666666667,0.03148148148148148
4,0.26171875,0.4074074074074074,0.008854166666666666,0.027777777777777776
4,0.26145833333333335,0.37777777777777777,0.008333333333333333,0.03148148148148148
4,0.26119791666666664,0.3421296296296296,0.0078125,0.028703703703703703
4,0.26145833333333335,0.3101851851851852,0.007291666666666667,0.027777777777777776
4,0.2604166666666667,0.2791666666666667,0.008333333333333333,0.028703703703703703
2,0.27057291666666666,0.25416666666666665,0.0015625,0.006481481481481481
10,0.2708333333333333,0.25601851851851853,0.003125,0.010185185185185186
2,0.27630208333333334,0.2537037037037037,0.0015625,0.003703703703703704
10,0.27630208333333334,0.25416666666666665,0.0026041666666666665,0.013888888888888888
4,0.2171875,0.3,0.017708333333333333,0.014814814814814815
4,0.18255208333333334,0.28425925925925927,0.0078125,0.025925925925925925
4,0.17526041666666667,0.2824074074074074,0.0067708333333333336,0.024074074074074074
4,0.12708333333333333,0.2916666666666667,0.008333333333333333,0.025925925925925925
4,0.13671875,0.28935185185185186,0.008854166666666666,0.026851851851851852
4,0.15651041666666668,0.2884259259259259,0.008854166666666666,0.026851851851851852
4,0.16640625,0.287962962962963,0.009895833333333333,0.027777777777777776
4,0.2598958333333333,0.1935185185185185,0.00625,0.024074074074074074
4,0.2596354166666667,0.16712962962962963,0.0067708333333333336,0.023148148148148147
4,0.259375,0.1425925925925926,0.00625,0.020370370370370372
4,0.25885416666666666,0.07037037037037037,0.00625,0.022222222222222223
4,0.25833333333333336,0.050462962962962966,0.00625,0.019444444444444445
4,0.25755208333333335,0.026851851851851852,0.0078125,0.024074074074074074
4,0.25885416666666666,0.007407407407407408,0.00625,0.014814814814814815
4,0.21875,0.11157407407407408,0.015625,0.013888888888888888
4,0.17604166666666668,0.1162037037037037,0.013541666666666667,0.017592592592592594
4,0.16848958333333333,0.1125,0.013020833333333334,0.019444444444444445
4,0.134375,0.1125,0.007291666666666667,0.025
4,0.1265625,0.11481481481481481,0.007291666666666667,0.020370370370370372
4,0.10338541666666666,0.29583333333333334,0.008854166666666666,0.026851851851851852
4,0.07473958333333333,0.29907407407407405,0.009895833333333333,0.025925925925925925
4,0.058333333333333334,0.28703703703703703,0.010416666666666666,0.027777777777777776
1,0.012239583333333333,0.2949074074074074,0.005729166666666666,0.008333333333333333
10,0.09609375,0.28935185185185186,0.0046875,0.008333333333333333
10,0.08619791666666667,0.2986111111111111,0.0046875,0.010185185185185186
4,0.07708333333333334,0.11990740740740741,0.007291666666666667,0.017592592592592594
4,0.096875,0.11898148148148148,0.007291666666666667,0.017592592592592594
