6,0.5015625,0.8851851851851852,0.15416666666666667,0.1685185185185185
3,0.6315104166666666,0.7958333333333333,0.0359375,0.026851851851851852
2,0.4921875,0.737037037037037,0.023958333333333335,0.03148148148148148
10,0.4934895833333333,0.7393518518518518,0.016145833333333335,0.06018518518518518
1,0.04244791666666667,0.6078703703703704,0.0234375,0.03425925925925926
1,0.22005208333333334,0.025,0.009895833333333333,0.03888888888888889
1,0.2015625,0.038425925925925926,0.010416666666666666,0.04537037037037037
1,0.20963541666666666,0.03425925925925926,0.0109375,0.037037037037037035
1,0.20885416666666667,0.02175925925925926,0.008333333333333333,0.03981481481481482
5,0.07682291666666667,0.23842592592592593,0.05364583333333333,0.11018518518518519
4,0.12161458333333333,0.2712962962962963,0.049479166666666664,0.10925925925925926
5,0.16119791666666666,0.26481481481481484,0.0421875,0.09444444444444444
5,0.3302083333333333,0.32037037037037036,0.03854166666666667,0.11666666666666667
10,0.14869791666666668,0.4666666666666667,0.0296875,0.02962962962962963
10,0.24895833333333334,0.11064814814814815,0.022916666666666665,0.03425925925925926
10,0.521875,0.5782407407407407,0.017708333333333333,0.062037037037037036
1,0.4830729166666667,0.4648148148148148,0.013020833333333334,0.03518518518518519
10,0.49453125,0.3476851851851852,0.0203125,0.041666666666666664
10,0.475,0.3453703703703704,0.016666666666666666,0.044444444444444446
10,0.4669270833333333,0.6083333333333333,0.018229166666666668,0.05185185185185185
10,0.44453125,0.5462962962962963,0.033854166666666664,0.04259259259259259
10,0.44192708333333336,0.45601851851851855,0.0328125,0.032407407407407406
10,0.21276041666666667,0.25,0.024479166666666666,0.03518518518518519
10,0.20260416666666667,0.3023148148148148,0.029166666666666667,0.028703703703703703
10,0.18697916666666667,0.3638888888888889,0.029166666666666667,0.03333333333333333
10,0.19375,0.3333333333333333,0.029166666666666667,0.03518518518518519
10,0.17578125,0.38842592592592595,0.034895833333333334,0.04537037037037037
10,0.16692708333333334,0.4222222222222222,0.028645833333333332,0.03888888888888889
5,0.1671875,0.05416666666666667,0.042708333333333334,0.07314814814814814
10,0.20859375,0.27546296296296297,0.0296875,0.028703703703703703
2,0.23515625,0.2550925925925926,0.0171875,0.03611111111111111
1,0.21041666666666667,0.21898148148148147,0.015625,0.041666666666666664
1,0.19427083333333334,0.22407407407407406,0.0125,0.037037037037037035
1,0.18671875,0.21481481481481482,0.009895833333333333,0.03333333333333333
1,0.21171875,0.19722222222222222,0.009895833333333333,0.03518518518518519
1,0.20026041666666666,0.2175925925925926,0.0140625,0.040740740740740744
1,0.19921875,0.19537037037037036,0.0140625,0.03333333333333333
1,0.18958333333333333,0.19768518518518519,0.010416666666666666,0.03425925925925926
10,0.22005208333333334,0.21481481481481482,0.0234375,0.02962962962962963
4,0.68828125,0.7509259259259259,0.08177083333333333,0.08888888888888889
1,0.7140625,0.6791666666666667,0.026041666666666668,0.025
1,0.4666666666666667,0.462037037037037,0.010416666666666666,0.03333333333333333
1,0.46458333333333335,0.2912037037037037,0.010416666666666666,0.04537037037037037
1,0.4278645833333333,0.49166666666666664,0.013020833333333334,0.02962962962962963
2,0.44895833333333335,0.3,0.013541666666666667,0.03333333333333333
2,0.4471354166666667,0.325,0.011979166666666667,0.025925925925925925
2,0.44869791666666664,0.3962962962962963,0.015104166666666667,0.024074074074074074
2,0.45208333333333334,0.42592592592592593,0.0125,0.02962962962962963
2,0.4471354166666667,0.4564814814814815,0.013020833333333334,0.03148148148148148
2,0.43671875,0.49537037037037035,0.013020833333333334,0.024074074074074074
2,0.45,0.5837962962962963,0.015625,0.026851851851851852
8,0.446875,0.27870370370370373,0.04479166666666667,0.03888888888888889
10,0.44375,0.300462962962963,0.027083333333333334,0.028703703703703703
10,0.44947916666666665,0.35324074074074074,0.025,0.028703703703703703
10,0.44817708333333334,0.3768518518518518,0.0296875,0.024074074074074074
10,0.44375,0.32592592592592595,0.027083333333333334,0.027777777777777776
10,0.4484375,0.425,0.028125,0.025925925925925925
10,0.4471354166666667,0.39861111111111114,0.0296875,0.025
10,0.44947916666666665,0.5856481481481481,0.027083333333333334,0.03611111111111111
10,0.446875,0.5263888888888889,0.026041666666666668,0.025
10,0.44557291666666665,0.48009259259259257,0.0328125,0.028703703703703703
