2,0.5591145833333333,0.49074074074074076,0.016145833333333335,0.053703703703703705
2,0.58359375,0.47685185185185186,0.0140625,0.05
1,0.61484375,0.49953703703703706,0.011979166666666667,0.058333333333333334
10,0.6486979166666667,0.5601851851851852,0.03177083333333333,0.03333333333333333
10,0.6432291666666666,0.5310185185185186,0.03125,0.03611111111111111
10,0.7203125,0.7708333333333334,0.04479166666666667,0.06018518518518518
10,0.7013020833333333,0.7425925925925926,0.034895833333333334,0.037037037037037035
10,0.49635416666666665,0.5078703703703704,0.0125,0.0712962962962963
10,0.5940104166666667,0.48148148148148145,0.0109375,0.05740740740740741
10,0.61796875,0.5111111111111111,0.013020833333333334,0.06481481481481481
10,0.6411458333333333,0.6305555555555555,0.034375,0.03333333333333333
10,0.6557291666666667,0.6462962962962963,0.03333333333333333,0.03148148148148148
10,0.6643229166666667,0.6685185185185185,0.028645833333333332,0.05185185185185185
10,0.6703125,0.6787037037037037,0.03333333333333333,0.040740740740740744
10,0.6760416666666667,0.6949074074074074,0.04583333333333333,0.041666666666666664
10,0.6864583333333333,0.7162037037037037,0.03958333333333333,0.041666666666666664
10,0.7403645833333333,0.8092592592592592,0.0453125,0.05740740740740741
7,0.6791666666666667,0.8773148148148148,0.08229166666666667,0.08611111111111111
1,0.3645833333333333,1.0092592592592593,0.03333333333333333,0.0962962962962963
6,0.475,0.9111111111111111,0.159375,0.21666666666666667
5,0.58828125,1.013425925925926,0.12552083333333333,0.2953703703703704
5,0.68828125,1.2574074074074073,0.14739583333333334,0.26296296296296295
2,0.3885416666666667,0.6847222222222222,0.01875,0.05648148148148148
10,0.39427083333333335,0.6935185185185185,0.025,0.09259259259259259
2,0.21328125,1.099537037037037,0.033854166666666664,0.0712962962962963
2,0.21119791666666668,1.2194444444444446,0.0328125,0.07037037037037037
2,0.21145833333333333,1.160648148148148,0.03333333333333333,0.04537037037037037
2,0.17734375,1.139351851851852,0.0328125,0.06388888888888888
2,0.09453125,1.326851851851852,0.04114583333333333,0.09444444444444444
1,0.11744791666666667,1.2273148148148147,0.05364583333333333,0.08055555555555556
2,1.0098958333333334,1.2712962962962964,0.03229166666666667,0.0962962962962963
1,0.83203125,1.3675925925925927,0.0390625,0.04259259259259259
0,0.6130208333333333,0.3787037037037037,0.07291666666666667,0.11851851851851852
10,0.5401041666666667,0.5611111111111111,0.016666666666666666,0.03333333333333333
7,0.7651041666666667,0.5625,0.05416666666666667,0.075
7,0.7265625,0.5328703703703703,0.036458333333333336,0.06574074074074074
7,0.7161458333333334,0.5055555555555555,0.05,0.06851851851851852
7,0.6770833333333334,0.5203703703703704,0.036458333333333336,0.06851851851851852
7,0.6442708333333333,0.48564814814814816,0.03229166666666667,0.06759259259259259
7,0.6307291666666667,0.4527777777777778,0.0375,0.046296296296296294
10,0.6776041666666667,0.44675925925925924,0.023958333333333335,0.049074074074074076
7,0.6958333333333333,0.47824074074074074,0.04479166666666667,0.06018518518518518
7,0.5828125,0.5439814814814815,0.03333333333333333,0.06759259259259259
4,0.3971354166666667,0.07453703703703704,0.044270833333333336,0.032407407407407406
4,0.3854166666666667,0.05185185185185185,0.035416666666666666,0.040740740740740744
6,0.3203125,0.021296296296296296,0.06770833333333333,0.04259259259259259
4,0.18020833333333333,0.024074074074074074,0.0375,0.03518518518518519
4,0.18567708333333333,0.06666666666666667,0.043229166666666666,0.03148148148148148
4,0.18177083333333333,0.049074074074074076,0.041666666666666664,0.03333333333333333
