6 0.25037 0.26013 0.09191 0.13333
4 0.29522 0.95033 0.09338 0.09673
4 0.44485 0.83791 0.06912 0.13072
4 0.56213 0.84314 0.05956 0.12288
4 0.3989 0.43072 0.04926 0.07451
4 0.61471 0.01569 0.01912 0.02614
4 0.40551 0.59673 0.04632 0.0719
4 0.45809 0.64314 0.06029 0.0915
4 0.52831 0.67386 0.05809 0.10065
5 0.60919 0.66471 0.05221 0.08758
4 0.5386 0.5732 0.05956 0.08497
5 0.63088 0.5366 0.05588 0.08758
4 0.69228 0.55098 0.04044 0.0719
4 0.65956 0.44052 0.03971 0.06013
4 0.71029 0.44706 0.03824 0.06275
4 0.65735 0.35752 0.03824 0.05359
4 0.70037 0.29477 0.02868 0.04314
4 0.7261 0.37124 0.04191 0.0549
4 0.71434 0.33922 0.03309 0.05098
9 0.59669 0.42222 0.08162 0.14641
9 0.675 0.2549 0.06176 0.0915
4 0.775 0.32157 0.03529 0.05229
4 0.73199 0.22876 0.03162 0.04183
5 0.73713 0.28039 0.0375 0.06405
4 0.79743 0.25882 0.02868 0.04183
4 0.77169 0.24902 0.03015 0.04575
4 0.7761 0.15948 0.02721 0.0366
4 0.76507 0.2085 0.02426 0.03791
4 0.79191 0.21503 0.02647 0.03791
4 0.79522 0.18039 0.02426 0.0366
4 0.82647 0.21111 0.02647 0.04314
4 0.81434 0.14837 0.02426 0.03529
4 0.8136 0.12614 0.02574 0.03007
4 0.83787 0.10523 0.02574 0.03529
4 0.84632 0.06405 0.02206 0.02876
4 0.85331 0.08301 0.02426 0.03268
4 0.87059 0.09346 0.02206 0.03007
4 0.85478 0.12941 0.02132 0.02876
6 0.85294 0.16013 0.03824 0.0719
4 0.88346 0.11961 0.02132 0.03268
4 0.89669 0.08235 0.01985 0.03137
4 0.90551 0.06013 0.01838 0.02614
6 0.92022 0.02614 0.03015 0.05229
1 0.85699 0.0183 0.00221 0.02092
1 0.86066 0.01569 0.00515 0.02092
4 0.86875 0.02092 0.01985 0.02614
9 0.88493 0.03791 0.03897 0.07059
