4 0.94228 0.03987 0.02721 0.03268
4 0.91875 0.05817 0.02574 0.03529
4 0.96838 0.06863 0.02941 0.03529
4 0.98713 0.10131 0.02574 0.03529
4 0.9886 0.17778 0.02279 0.04706
1 0.68897 0.08105 0.00735 0.02614
4 0.69265 0.15294 0.04265 0.02876
4 0.70184 0.16863 0.04338 0.03399
4 0.7125 0.18954 0.04559 0.0366
4 0.7261 0.22288 0.04338 0.03268
4 0.73529 0.24902 0.04412 0.03529
4 0.75147 0.27386 0.05441 0.03791
4 0.76397 0.3183 0.04853 0.04052
4 0.64412 0.41503 0.03529 0.06928
4 0.61838 0.29739 0.02794 0.04837
4 0.60699 0.24837 0.02721 0.04706
1 0.59706 0.26601 0.00882 0.03268
1 0.60074 0.0634 0.00588 0.02745
0 0.61434 0.06667 0.01544 0.02614
4 0.56324 0.05556 0.01912 0.03007
4 0.55588 0.02484 0.01618 0.03137
1 0.49412 0.15882 0.00735 0.03007
4 0.53235 0.19869 0.02059 0.04183
4 0.42647 0.0281 0.02647 0.03268
5 0.43015 0.05163 0.01912 0.03791
4 0.42757 0.08105 0.01838 0.04183
4 0.44816 0.08105 0.01691 0.03922
4 0.45257 0.13268 0.02132 0.04052
1 0.44522 0.12418 0.00809 0.03137
4 0.42794 0.15033 0.01912 0.04706
5 0.42684 0.1902 0.01985 0.05621
5 0.43125 0.36209 0.02721 0.07843
1 0.4489 0.39542 0.00809 0.03791
4 0.42941 0.52157 0.02941 0.08366
1 0.42831 0.55817 0.0125 0.0366
4 0.3636 0.66928 0.06691 0.08627
10 0.41507 0.91373 0.01397 0.05752
3 0.39265 0.88627 0.01618 0.06013
4 0.38529 0.27451 0.05 0.04444
0 0.40037 0.13203 0.02426 0.03922
1 0.38382 0.13922 0.00588 0.03268
10 0.37868 0.13268 0.00735 0.02222
4 0.03456 0.04314 0.02794 0.0366
1 0.9364 0.88366 0.01691 0.04444
1 0.97537 0.90588 0.02132 0.04444
1 0.98051 0.92222 0.02426 0.04052
4 0.98051 0.87255 0.03897 0.07712
4 0.98309 0.62745 0.03382 0.08889
1 0.35257 0.55098 0.0125 0.03791
10 0.39338 0.52026 0.01912 0.02614
10 0.39485 0.48824 0.02206 0.02484
10 0.39412 0.45425 0.01912 0.02745
