4 0.04559 0.87516 0.09118 0.17647
4 0.10368 0.68627 0.075 0.16209
5 0.14816 0.49804 0.05956 0.14118
4 0.18346 0.4 0.04779 0.09673
4 0.21029 0.29804 0.04118 0.0732
4 0.23713 0.01634 0.02426 0.03268
4 0.24412 0.11046 0.02794 0.04837
4 0.31691 0.03203 0.02059 0.03791
2 0.18272 0.12222 0.01103 0.02222
10 0.18235 0.13922 0.01029 0.03007
4 0.45625 0.03464 0.01544 0.02484
4 0.45404 0.06144 0.01838 0.03137
5 0.45515 0.09085 0.04412 0.04575
5 0.4886 0.11242 0.04338 0.04444
5 0.48051 0.15163 0.02279 0.0549
5 0.49706 0.22941 0.02647 0.05621
6 0.51654 0.05425 0.10662 0.09281
1 0.57904 0.06471 0.00956 0.03268
1 0.58934 0.06732 0.00809 0.03268
1 0.60404 0.03529 0.00662 0.03399
1 0.61103 0.03725 0.00735 0.03529
1 0.65184 0.03072 0.00515 0.03007
4 0.52206 0.32745 0.03971 0.06928
4 0.54301 0.43725 0.05221 0.09542
4 0.56728 0.54706 0.05662 0.11373
4 0.59301 0.6719 0.06544 0.14379
7 0.63713 0.8268 0.05662 0.11895
4 0.66985 0.95882 0.06765 0.08235
11 0.74154 0.95556 0.03603 0.0549
4 0.63309 0.41307 0.07941 0.07843
10 0.65037 0.55752 0.02574 0.05882
4 0.65478 0.06405 0.04338 0.02876
6 0.68162 0.07647 0.07647 0.06928
4 0.67243 0.12484 0.05662 0.04314
4 0.71691 0.1719 0.07206 0.04837
10 0.76801 0.19085 0.02426 0.03137
10 0.78603 0.21961 0.02647 0.03399
10 0.80037 0.24248 0.01103 0.04052
1 0.72463 0.27974 0.01103 0.04706
4 0.75551 0.26536 0.08015 0.06013
10 0.82537 0.29346 0.02868 0.03791
10 0.86544 0.31699 0.03824 0.05098
10 0.88456 0.33007 0.03971 0.03791
4 0.78272 0.38758 0.05956 0.09804
4 0.84596 0.40588 0.07279 0.11373
3 0.87096 0.36601 0.03015 0.03922
3 0.84265 0.46471 0.03235 0.04837
10 0.8114 0.45425 0.03162 0.04575
10 0.78125 0.43399 0.02868 0.03922
10 0.7761 0.46078 0.03309 0.04314
10 0.77243 0.50458 0.03603 0.05229
10 0.79596 0.52222 0.03897 0.04314
10 0.76618 0.54706 0.03824 0.04314
10 0.82243 0.50392 0.01838 0.04837
3 0.8386 0.50131 0.02426 0.05621
3 0.82096 0.55098 0.0375 0.04314
3 0.82426 0.55948 0.03088 0.03922
3 0.82904 0.56601 0.03309 0.04967
7 0.77831 0.6085 0.0625 0.05882
10 0.79449 0.65033 0.05074 0.05098
10 0.85 0.59804 0.03824 0.04837
10 0.86471 0.62876 0.03676 0.04967
10 0.91912 0.60654 0.03235 0.05229
10 0.90699 0.57778 0.03603 0.04183
10 0.89559 0.56863 0.03529 0.04967
10 0.875 0.54706 0.02941 0.04575
10 0.87096 0.5366 0.04044 0.02484
10 0.86801 0.52876 0.04044 0.03529
10 0.87169 0.5 0.0375 0.04837
10 0.92537 0.46863 0.03456 0.04052
10 0.94412 0.4915 0.03235 0.03399
10 0.91287 0.50196 0.03309 0.0366
10 0.91838 0.51765 0.02647 0.04706
10 0.93015 0.5366 0.02647 0.04314
10 0.94632 0.54314 0.02647 0.04052
10 0.95184 0.56013 0.0375 0.04314
10 0.9614 0.51634 0.01838 0.04444
10 0.97647 0.58627 0.02941 0.04575
10 0.98493 0.59739 0.02574 0.05229
10 0.99228 0.61438 0.01544 0.04444
10 0.99412 0.4902 0.01176 0.02876
3 0.97574 0.53007 0.025 0.04052
3 0.98493 0.54902 0.03015 0.03922
1 0.93272 0.66601 0.01544 0.05621
10 0.94118 0.72288 0.03676 0.0549
10 0.94743 0.73922 0.03309 0.04837
10 0.96287 0.75621 0.0375 0.05621
10 0.97831 0.77451 0.02721 0.06144
10 0.98934 0.79216 0.02132 0.06013
3 0.98603 0.89085 0.02794 0.07451
2 0.92721 0.9268 0.025 0.03137
