2 0.16458 0.43426 0.01146 0.03519
3 0.16562 0.44907 0.01771 0.03333
1 0.1 0.39028 0.01146 0.03796
1 0.15911 0.33426 0.00885 0.03333
2 0.51979 0.43565 0.01146 0.03241
3 0.51979 0.45 0.01354 0.03333
2 0.45312 0.46991 0.0125 0.03241
3 0.45156 0.47963 0.01042 0.02778
7 0.63698 0.40741 0.04375 0.04259
5 0.66875 0.38889 0.07083 0.05
4 0.36562 0.40093 0.04167 0.06296
4 0.29635 0.50185 0.03333 0.09074
4 0.26823 0.35648 0.02708 0.05741
4 0.39766 0.55185 0.03698 0.09259
4 0.3487 0.58241 0.04115 0.0963
4 0.2888 0.26898 0.0224 0.04167
4 0.32214 0.26019 0.01927 0.04444
4 0.35599 0.15231 0.01615 0.02685
4 0.23177 0.61296 0.04583 0.11481
4 0.27865 0.67176 0.04063 0.06944
4 0.05755 0.43148 0.06198 0.05185
1 0.1013 0.30463 0.00677 0.03519
1 0.10781 0.30417 0.00833 0.03426
4 0.14688 0.30926 0.00833 0.02963
4 0.13776 0.30694 0.00781 0.03426
7 0.32188 0.31343 0.01667 0.03796
2 0.39766 0.27593 0.00781 0.01667
7 0.39844 0.2875 0.01667 0.0287
4 0.48203 0.27083 0.02448 0.03611
7 0.47396 0.24074 0.025 0.02963
7 0.46302 0.2125 0.02292 0.02685
7 0.45547 0.18843 0.01823 0.025
4 0.43099 0.12593 0.01406 0.02222
4 0.37083 0.12546 0.0125 0.01759
4 0.35443 0.11944 0.01094 0.01667
4 0.36771 0.06204 0.00937 0.01481
4 0.35495 0.04907 0.00781 0.01296
4 0.35651 0.03611 0.00781 0.01111
4 0.35469 0.02083 0.00625 0.00833
4 0.3612 0.0037 0.00781 0.00741
3 0.22422 0.1875 0.00781 0.0213
4 0.24167 0.1537 0.01458 0.02778
1 0.24167 0.1125 0.00417 0.01944
4 0.31432 0.11944 0.01302 0.02222
4 0.33099 0.13333 0.01302 0.02222
7 0.30625 0.14167 0.00833 0.02037
2 0.30625 0.13704 0.00417 0.01111
5 0.29714 0.18287 0.02552 0.06019
4 0.29505 0.14815 0.01302 0.02222
2 0.26719 0.12454 0.00313 0.00833
10 0.26745 0.13148 0.00365 0.00741
4 0.26198 0.10093 0.0125 0.02037
4 0.26589 0.09259 0.01198 0.01667
4 0.27318 0.08241 0.01094 0.01296
4 0.28776 0.04074 0.00781 0.01296
1 0.28411 0.05185 0.00365 0.01296
1 0.28203 0.05278 0.00365 0.01296
10 0.2888 0.07407 0.0026 0.00741
2 0.28854 0.06806 0.00417 0.00648
0 0.31771 0.02176 0.02813 0.04352
4 0.26328 0.00556 0.00677 0.00926
4 0.24609 0.01528 0.01406 0.01019
4 0.25 0.01991 0.00729 0.01204
2 0.38281 0.11019 0.00417 0.01111
2 0.39531 0.20694 0.00625 0.01574
2 0.38698 0.11343 0.00417 0.01204
10 0.39531 0.2162 0.00521 0.01204
10 0.38307 0.11574 0.00365 0.00926
10 0.38672 0.11852 0.00365 0.00926
4 0.46172 0.06806 0.01198 0.01389
1 0.40052 0.05278 0.00313 0.01667
4 0.40833 0.06019 0.00937 0.01296
4 0.40417 0.04769 0.00729 0.01204
5 0.39245 0.00787 0.00677 0.01019
4 0.3901 0.00417 0.00833 0.00833
