0 0.54661 0.16111 0.06198 0.13889
4 0.66224 0.825 0.04531 0.0963
6 0.36458 0.82731 0.07604 0.275
1 0.30938 0.76806 0.01667 0.0713
1 0.2849 0.81343 0.01458 0.0787
4 0.30781 0.63843 0.03958 0.08796
4 0.33568 0.57731 0.02969 0.06759
4 0.34974 0.52083 0.0224 0.04537
4 0.3638 0.48472 0.02552 0.04537
4 0.40495 0.38472 0.01927 0.03611
0 0.38854 0.43472 0.04167 0.05278
6 0.41589 0.35926 0.01406 0.04074
6 0.46354 0.4338 0.02917 0.12315
4 0.41901 0.33704 0.01406 0.02593
4 0.42604 0.32222 0.01458 0.02222
4 0.43333 0.30741 0.0125 0.01852
4 0.48438 0.26157 0.0125 0.02315
4 0.50417 0.22824 0.00937 0.0287
0 0.43594 0.25231 0.06146 0.09537
4 0.53333 0.30417 0.0125 0.02685
4 0.58802 0.31343 0.01354 0.0213
8 0.60755 0.30787 0.00885 0.0213
0 0.63255 0.4 0.02969 0.02963
4 0.40078 0.58148 0.03177 0.06296
