4 0.76728 0.81634 0.04926 0.04052
5 0.62647 0.67647 0.03824 0.08235
7 0.57132 0.74444 0.02206 0.07974
4 0.54963 0.57516 0.02868 0.06013
4 0.66765 0.56536 0.06029 0.04575
10 0.72757 0.50065 0.00809 0.02876
10 0.57721 0.39804 0.00882 0.02745
4 0.68713 0.25033 0.01691 0.02745
4 0.67279 0.25359 0.01912 0.02614
4 0.65368 0.25163 0.02353 0.02222
4 0.62243 0.23987 0.01544 0.02745
4 0.61471 0.26732 0.01618 0.03007
4 0.63971 0.30458 0.025 0.02876
8 0.55404 0.31373 0.01985 0.03137
1 0.54118 0.31634 0.00588 0.02614
2 0.53199 0.3098 0.00662 0.01307
2 0.53199 0.30196 0.00515 0.0183
10 0.53235 0.31176 0.00588 0.01961
7 0.59412 0.48954 0.02059 0.05098
2 0.52831 0.27059 0.00515 0.01307
10 0.52831 0.27843 0.00662 0.02353
2 0.52831 0.25948 0.00368 0.01176
2 0.52794 0.25556 0.00294 0.01699
10 0.52794 0.26144 0.00441 0.01307
6 0.56287 0.17582 0.01838 0.04837
4 0.53493 0.1268 0.01838 0.02092
1 0.54081 0.18039 0.00368 0.01569
1 0.5239 0.15098 0.00368 0.01438
2 0.52757 0.22745 0.00515 0.01307
2 0.52794 0.22353 0.00441 0.01569
7 0.52831 0.23268 0.00956 0.02092
4 0.50809 0.28431 0.01618 0.02745
5 0.49963 0.24314 0.01544 0.03137
4 0.50551 0.22484 0.01103 0.02092
2 0.51985 0.1915 0.00441 0.01176
3 0.51985 0.19739 0.00294 0.01307
2 0.52169 0.17843 0.00368 0.01176
10 0.52132 0.18366 0.00441 0.00915
2 0.50809 0.15163 0.00441 0.01046
10 0.50772 0.15686 0.00368 0.01307
5 0.48934 0.13725 0.00956 0.0183
4 0.47353 0.14967 0.01176 0.01961
2 0.46507 0.13725 0.00368 0.01046
10 0.46507 0.14183 0.00368 0.01176
5 0.50625 0.12026 0.00956 0.01569
4 0.50441 0.11111 0.01029 0.01307
1 0.4989 0.11503 0.00368 0.01569
2 0.49007 0.10392 0.00368 0.00915
3 0.49007 0.10719 0.00368 0.01046
4 0.49265 0.10065 0.01029 0.01307
4 0.49154 0.07908 0.01691 0.01438
4 0.48272 0.06993 0.01397 0.01176
2 0.48309 0.09346 0.00294 0.00915
10 0.48309 0.09804 0.00441 0.00784
2 0.46618 0.07582 0.00294 0.00784
10 0.46507 0.07974 0.00368 0.01046
4 0.46949 0.05817 0.01544 0.01176
4 0.45551 0.05621 0.00809 0.01046
4 0.45 0.05163 0.00588 0.00915
4 0.44632 0.04641 0.00735 0.01176
5 0.44081 0.03987 0.00662 0.01176
4 0.42868 0.03007 0.00588 0.01046
4 0.42316 0.02353 0.00515 0.00784
5 0.42353 0.04379 0.00735 0.01438
4 0.41618 0.03529 0.00588 0.01046
4 0.42831 0.05621 0.00809 0.01046
4 0.44485 0.06471 0.00735 0.01438
4 0.44779 0.08039 0.00882 0.01438
2 0.42647 0.05882 0.00294 0.00784
10 0.42647 0.0634 0.00294 0.00915
4 0.41801 0.06275 0.00809 0.01307
5 0.41801 0.08889 0.01103 0.01569
4 0.4511 0.14379 0.01103 0.0183
4 0.45404 0.17908 0.0125 0.02353
1 0.46728 0.23529 0.00515 0.02092
7 0.46581 0.24118 0.01838 0.01438
4 0.45331 0.25686 0.01397 0.02745
4 0.44081 0.27386 0.01397 0.03007
4 0.4511 0.30392 0.01838 0.03529
8 0.43566 0.39739 0.01397 0.04444
1 0.39669 0.97582 0.01691 0.04837
4 0.20882 0.84248 0.04853 0.11111
4 0.27353 0.5902 0.05441 0.06928
10 0.26654 0.53725 0.01544 0.03137
8 0.30625 0.4634 0.04485 0.05098
10 0.31581 0.39542 0.01544 0.01961
1 0.3625 0.33595 0.00588 0.02353
1 0.35551 0.33268 0.00515 0.02222
3 0.33787 0.33007 0.01103 0.01176
10 0.33897 0.31569 0.01324 0.01961
4 0.37243 0.30654 0.0375 0.02484
10 0.37353 0.19935 0.01471 0.01699
4 0.39669 0.16275 0.02721 0.01961
1 0.37868 0.15163 0.00441 0.0183
