1 0.52463 0.50915 0.01985 0.04314
4 0.04779 0.77059 0.09559 0.08758
4 0.04632 0.65425 0.09265 0.0719
2 0.21691 0.67255 0.01765 0.05882
10 0.22169 0.67908 0.04191 0.03791
8 0.18676 0.55686 0.06912 0.07843
1 0.12831 0.57582 0.01397 0.04837
1 0.11875 0.56209 0.01397 0.06013
7 0.10257 0.57451 0.04779 0.04837
4 0.30956 0.39281 0.02941 0.05882
1 0.34301 0.30196 0.01103 0.03137
1 0.35184 0.30327 0.01103 0.03137
4 0.35699 0.24248 0.01985 0.03007
4 0.36691 0.21503 0.025 0.03007
4 0.50809 0.33987 0.025 0.04706
4 0.55184 0.28301 0.02426 0.04837
4 0.54853 0.26144 0.02059 0.02876
4 0.5386 0.23333 0.01838 0.03007
4 0.53419 0.2085 0.01691 0.02484
4 0.38051 0.18301 0.01838 0.02876
10 0.51801 0.22549 0.01103 0.01699
10 0.50772 0.19346 0.00956 0.01307
4 0.48272 0.11503 0.0125 0.02353
4 0.49963 0.08562 0.0125 0.01961
4 0.51434 0.13922 0.01544 0.01961
7 0.86066 0.73595 0.07574 0.06275
1 0.81985 0.58758 0.01324 0.04314
7 0.80404 0.54902 0.02868 0.05229
7 0.75404 0.55359 0.02426 0.04837
7 0.73125 0.54575 0.02426 0.04837
4 0.84485 0.50915 0.04412 0.05621
4 0.97206 0.54444 0.05588 0.06405
4 0.67353 0.39412 0.03529 0.04575
4 0.93456 0.6183 0.08529 0.06275
1 0.80956 0.64314 0.01618 0.05229
1 0.82206 0.63987 0.01029 0.05359
1 0.76176 0.61765 0.01176 0.04837
1 0.6261 0.53987 0.01103 0.04444
1 0.63015 0.53203 0.01029 0.04444
2 0.71728 0.54248 0.01397 0.04444
2 0.7375 0.5281 0.00735 0.02876
2 0.74191 0.54771 0.00735 0.02876
2 0.74926 0.57843 0.00882 0.03007
2 0.74154 0.57647 0.00956 0.03399
10 0.74118 0.59216 0.02794 0.03137
2 0.50993 0.16667 0.00515 0.00915
3 0.50993 0.17451 0.00662 0.01176
2 0.51728 0.21373 0.00515 0.01176
2 0.50735 0.18497 0.00441 0.01176
2 0.49926 0.10784 0.00441 0.00915
10 0.5 0.11438 0.00294 0.00915
4 0.40515 0.09869 0.01029 0.01699
4 0.47794 0.07908 0.00735 0.01176
4 0.48199 0.07255 0.00809 0.01176
0 0.15368 0.05229 0.09118 0.04706
4 0.64044 0.31373 0.02353 0.02876
4 0.60074 0.23856 0.02206 0.02745
4 0.59632 0.22614 0.01471 0.02353
4 0.58566 0.20065 0.0125 0.01961
4 0.57831 0.1915 0.01103 0.02222
4 0.57353 0.17908 0.01176 0.02092
4 0.56434 0.15621 0.0125 0.01699
0 0.54485 0.07974 0.03824 0.12288
0 0.51728 0.0451 0.01544 0.05621
4 0.44779 0.07255 0.00735 0.01438
4 0.49779 0.06536 0.00735 0.01046
4 0.4636 0.06471 0.00662 0.01176
4 0.45846 0.06209 0.00662 0.00915
0 0.42279 0.04118 0.03235 0.08235
0 0.47243 0.02941 0.05809 0.05359
