3 0.12135 0.69398 0.03021 0.0287
10 0.13021 0.67315 0.03125 0.03333
3 0.13776 0.6625 0.02865 0.03426
6 0.21667 0.64815 0.08229 0.07963
5 0.23177 0.60139 0.06771 0.06204
4 0.25417 0.51898 0.07083 0.05648
4 0.22734 0.38426 0.04531 0.09444
10 0.2651 0.36991 0.01354 0.025
2 0.26276 0.36481 0.00677 0.02778
4 0.28437 0.35787 0.05 0.04907
4 0.28958 0.32315 0.04063 0.03519
4 0.31224 0.2963 0.03698 0.04444
10 0.28255 0.29954 0.01198 0.01759
4 0.29661 0.26528 0.04219 0.0287
6 0.28177 0.23611 0.05625 0.04444
4 0.31198 0.20787 0.03333 0.03426
5 0.3125 0.18704 0.02917 0.03519
4 0.3151 0.17037 0.02708 0.02778
4 0.32188 0.12315 0.01771 0.02593
4 0.33099 0.10556 0.02135 0.01852
2 0.32161 0.10787 0.00365 0.01204
10 0.3224 0.11111 0.00937 0.01111
4 0.34375 0.09444 0.01146 0.02222
4 0.32839 0.08981 0.01094 0.01852
6 0.32552 0.07917 0.02708 0.01944
4 0.33672 0.07361 0.01823 0.01759
4 0.33281 0.06204 0.01042 0.01667
4 0.31354 0.05648 0.02083 0.01481
1 0.36354 0.07778 0.00313 0.01667
3 0.35104 0.06713 0.00313 0.01389
2 0.35104 0.06343 0.00313 0.01389
4 0.31875 0.04306 0.01771 0.01204
4 0.33568 0.04028 0.01823 0.01574
5 0.33984 0.03056 0.00885 0.01852
4 0.35365 0.03843 0.00937 0.01759
4 0.34245 0.02731 0.01615 0.01389
4 0.32448 0.02269 0.01667 0.01574
4 0.34349 0.01898 0.00885 0.01204
4 0.34401 0.01389 0.00677 0.01111
4 0.35052 0.01111 0.01146 0.01296
4 0.35182 0.00463 0.01302 0.00926
4 0.52865 0.63935 0.04479 0.10463
2 0.57682 0.60972 0.01302 0.02315
1 0.51797 0.57361 0.0099 0.03796
10 0.54948 0.56157 0.01667 0.03241
3 0.54557 0.54861 0.01719 0.03426
1 0.51016 0.53102 0.0099 0.04352
1 0.51797 0.50602 0.00781 0.03981
4 0.57552 0.45324 0.04271 0.04722
7 0.50052 0.4 0.02917 0.02593
4 0.43854 0.36389 0.02396 0.05185
4 0.43464 0.31389 0.0224 0.04259
10 0.49375 0.29954 0.00625 0.025
10 0.42891 0.27315 0.0224 0.04074
8 0.44271 0.24028 0.02708 0.03056
1 0.44297 0.24491 0.00469 0.02315
1 0.46823 0.19769 0.00417 0.02315
1 0.41302 0.21806 0.00625 0.02685
4 0.42188 0.18148 0.01354 0.02593
4 0.38672 0.21157 0.01615 0.0287
4 0.41953 0.15833 0.0151 0.02407
6 0.36042 0.16852 0.02187 0.0537
3 0.43854 0.16296 0.00937 0.01111
10 0.43698 0.15787 0.0125 0.01389
3 0.44036 0.14352 0.01094 0.01296
3 0.44036 0.1412 0.01198 0.01204
10 0.44297 0.12685 0.01094 0.01667
4 0.41719 0.13611 0.0125 0.02222
4 0.4112 0.1088 0.01302 0.01944
4 0.38151 0.11435 0.01198 0.02315
10 0.44167 0.11204 0.00833 0.01296
1 0.44089 0.10741 0.00469 0.01667
4 0.41276 0.09491 0.01094 0.01759
4 0.4125 0.08241 0.01042 0.01481
4 0.41745 0.07176 0.02135 0.01944
4 0.40052 0.07731 0.00937 0.01759
4 0.40599 0.05741 0.01823 0.01852
4 0.40964 0.04583 0.02031 0.01574
4 0.39818 0.02963 0.01823 0.01296
1 0.38776 0.02963 0.0026 0.01296
1 0.3862 0.02963 0.0026 0.01296
1 0.41693 0.03657 0.00365 0.01204
4 0.41589 0.03565 0.01719 0.01019
4 0.40104 0.02176 0.01458 0.01019
4 0.39844 0.01759 0.01562 0.01111
4 0.39193 0.01481 0.0151 0.01296
4 0.39818 0.01157 0.01927 0.01389
1 0.40781 0.01065 0.00208 0.01204
4 0.42214 0.0338 0.01406 0.01204
4 0.42109 0.02917 0.0151 0.01019
10 0.47161 0.17546 0.0099 0.01204
10 0.43594 0.07685 0.00833 0.00926
10 0.44375 0.09537 0.00208 0.01111
10 0.43672 0.09213 0.00781 0.01019
1 0.44505 0.09074 0.0026 0.01111
1 0.42318 0.06111 0.0026 0.01296
