0 0.09922 0.16713 0.07656 0.06204
0 0.20365 0.13611 0.06667 0.0537
0 0.2737 0.12222 0.06302 0.09259
0 0.37656 0.13287 0.02813 0.04352
0 0.9013 0.5787 0.0901 0.11481
0 0.95312 0.66528 0.06979 0.04352
0 0.83281 0.54213 0.04271 0.075
4 0.25938 0.50139 0.03229 0.06019
4 0.73594 0.91574 0.0875 0.12037
4 0.63516 0.74537 0.07031 0.09444
4 0.70911 0.7537 0.08281 0.10741
4 0.77865 0.76806 0.07396 0.09537
4 0.71406 0.67176 0.06563 0.0787
4 0.63542 0.6537 0.06875 0.09259
4 0.58646 0.65972 0.05937 0.0787
4 0.64714 0.60139 0.05469 0.06389
5 0.57969 0.57037 0.05625 0.07037
4 0.5375 0.57963 0.04792 0.06296
4 0.5875 0.51806 0.04583 0.05278
4 0.54453 0.51759 0.03802 0.05185
4 0.50313 0.51806 0.04063 0.05278
4 0.47292 0.46065 0.04063 0.05463
4 0.54557 0.46296 0.0349 0.04259
4 0.51276 0.46898 0.03385 0.04537
4 0.4513 0.42685 0.02969 0.03889
4 0.49349 0.43843 0.03177 0.04167
9 0.51484 0.3912 0.06927 0.10278
4 0.46953 0.40509 0.02865 0.03796
4 0.42943 0.39074 0.02865 0.03704
4 0.45339 0.37639 0.02552 0.03796
4 0.38802 0.36944 0.02396 0.03704
9 0.41224 0.33981 0.04427 0.07593
4 0.46016 0.34352 0.02344 0.02778
4 0.44115 0.35417 0.02187 0.0287
4 0.44609 0.31991 0.02031 0.03056
4 0.39505 0.32963 0.02031 0.02593
4 0.38359 0.30833 0.01927 0.02593
4 0.37604 0.29028 0.01667 0.02315
4 0.36667 0.27731 0.01771 0.02315
4 0.3625 0.2625 0.01458 0.01759
4 0.35286 0.24954 0.0151 0.0213
4 0.34583 0.23241 0.01458 0.02037
4 0.33724 0.21528 0.01302 0.01759
4 0.32995 0.2 0.01198 0.01667
4 0.32266 0.18426 0.01094 0.01667
4 0.3151 0.16806 0.00937 0.01574
9 0.41745 0.30787 0.0401 0.075
9 0.39245 0.27083 0.03802 0.06204
4 0.37292 0.24722 0.01458 0.02037
4 0.36198 0.22685 0.01354 0.01852
4 0.3513 0.20648 0.01302 0.01852
4 0.34167 0.19167 0.01146 0.01481
4 0.3349 0.17917 0.01042 0.01389
4 0.33047 0.16991 0.01094 0.01574
4 0.32656 0.13889 0.00833 0.01111
9 0.31484 0.14028 0.01302 0.02685
4 0.34714 0.14491 0.00781 0.01204
4 0.34323 0.1713 0.01042 0.01296
4 0.35599 0.18657 0.0099 0.01389
1 0.3651 0.16528 0.00313 0.01204
1 0.35182 0.16852 0.0026 0.01111
1 0.35807 0.16898 0.00365 0.01204
1 0.36146 0.17361 0.00313 0.01204
1 0.36589 0.18102 0.0026 0.01204
1 0.40521 0.225 0.00417 0.02037
4 0.36562 0.20093 0.01146 0.01481
4 0.37188 0.21343 0.0125 0.01759
4 0.38177 0.22917 0.01458 0.01759
5 0.31484 0.19954 0.01094 0.01944
1 0.3026 0.19028 0.00521 0.01759
4 0.31797 0.21065 0.01302 0.01574
4 0.32214 0.21944 0.01302 0.01296
4 0.32474 0.22731 0.0151 0.01389
4 0.32708 0.23889 0.0125 0.01481
4 0.33047 0.25046 0.01406 0.01759
4 0.33958 0.26296 0.01771 0.02407
4 0.33047 0.29861 0.01823 0.02685
4 0.31927 0.2787 0.01562 0.02222
4 0.31562 0.2625 0.01562 0.01944
4 0.31146 0.25231 0.01354 0.01574
5 0.30833 0.24213 0.0125 0.01574
4 0.30469 0.23056 0.01354 0.01667
4 0.3026 0.2213 0.0125 0.01481
4 0.29948 0.21389 0.01146 0.01481
4 0.29792 0.20417 0.01042 0.01389
4 0.29531 0.19907 0.00937 0.01481
1 0.49557 0.2963 0.00469 0.02222
3 0.49531 0.30093 0.00833 0.01667
0 0.44036 0.2375 0.02448 0.01759
1 0.46667 0.26898 0.00313 0.01759
3 0.46589 0.27639 0.00573 0.01389
1 0.56328 0.35926 0.00469 0.02037
3 0.56354 0.36852 0.00833 0.01852
1 0.55807 0.37037 0.00469 0.02407
3 0.55625 0.37963 0.00937 0.02037
0 0.40104 0.15463 0.02083 0.03704
0 0.42786 0.17731 0.02656 0.04352
0 0.40234 0.1912 0.0224 0.03241
1 0.37786 0.18657 0.0026 0.01389
1 0.3888 0.19491 0.0026 0.01574
1 0.38542 0.19722 0.00313 0.01667
1 0.38359 0.17917 0.00365 0.01759
1 0.375 0.16852 0.00417 0.01481
4 0.38646 0.16667 0.01146 0.01296
1 0.41432 0.14259 0.0026 0.01296
1 0.42578 0.14444 0.0026 0.01296
1 0.43229 0.14722 0.00313 0.01296
1 0.42083 0.15 0.00208 0.01481
0 0.47969 0.16204 0.04479 0.03148
4 0.4 0.12731 0.01354 0.01204
4 0.32292 0.09444 0.00417 0.00741
4 0.34141 0.11759 0.00469 0.01111
1 0.57526 0.38889 0.00573 0.02593
1 0.57318 0.38843 0.00365 0.025
10 0.57396 0.39583 0.01146 0.025
1 0.58594 0.41528 0.00625 0.02685
3 0.58594 0.42222 0.01146 0.02407
1 0.92266 0.73194 0.01406 0.04907
10 0.92005 0.7412 0.02865 0.04537
1 0.84531 0.67731 0.01562 0.04167
3 0.84193 0.68935 0.02552 0.04352
1 0.86484 0.66204 0.01823 0.04074
3 0.8638 0.6713 0.02135 0.04259
1 0.78828 0.60278 0.01198 0.0463
3 0.78776 0.61435 0.02448 0.03981
1 0.74089 0.57176 0.01198 0.03426
10 0.73958 0.58194 0.01979 0.03241
1 0.71979 0.53426 0.01354 0.03333
10 0.71771 0.54537 0.01979 0.03519
1 0.70104 0.53333 0.00833 0.02222
10 0.69948 0.54028 0.01458 0.02315
1 0.68906 0.49954 0.00833 0.03241
