4 0.40257 0.58039 0.06397 0.13072
4 0.57243 0.65033 0.03603 0.13987
4 0.63824 0.19412 0.04706 0.11895
4 0.58824 0.10131 0.05 0.12941
4 0.52169 0.14706 0.04926 0.13203
4 0.77794 0.23137 0.07353 0.08105
4 0.80478 0.15163 0.07132 0.0732
4 0.80551 0.07778 0.08015 0.06667
4 0.83051 0.85621 0.07426 0.09412
5 0.93309 0.9366 0.08824 0.09281
5 0.2489 0.3634 0.04338 0.10719
4 0.12132 0.0817 0.06912 0.08497
6 0.42831 0.80784 0.0625 0.16993
6 0.51581 0.41634 0.03897 0.1085
7 0.46654 0.40065 0.02868 0.09281
7 0.54228 0.26209 0.02279 0.0719
0 0.79926 0.32026 0.04118 0.03922
0 0.05294 0.32484 0.02794 0.0719
2 0.46213 0.41961 0.01103 0.04183
2 0.48235 0.54902 0.00882 0.01569
2 0.43088 0.43464 0.01176 0.02222
3 0.48125 0.55098 0.01103 0.05098
10 0.43088 0.43529 0.01029 0.04183
0 0.17426 0.2549 0.07353 0.14641
10 0.22426 0.25556 0.02647 0.04837
10 0.24191 0.27843 0.01176 0.03922
10 0.12537 0.3 0.01691 0.05098
1 0.9261 0.86078 0.02279 0.01961
2 0.27904 0.73791 0.01691 0.03529
2 0.45846 0.30065 0.01397 0.02876
2 0.52022 0.03922 0.01544 0.02876
1 0.3636 0.12288 0.02426 0.04706
10 0.35037 0.22484 0.01544 0.04967
10 0.38419 0.23399 0.01691 0.03137
8 0.41397 0.14314 0.05588 0.09281
3 0.35772 0.15033 0.02132 0.02353
3 0.37904 0.18627 0.02132 0.02222
3 0.41949 0.22092 0.01691 0.0366
3 0.18051 0.06797 0.02426 0.01569
1 0.23162 0.0549 0.01029 0.04183
1 0.25662 0.08758 0.00882 0.02876
1 0.30294 0.78039 0.01029 0.02092
1 0.32721 0.77255 0.00735 0.0183
3 0.35184 0.85425 0.01103 0.03268
3 0.34375 0.78824 0.01544 0.04183
