0 0.63281 0.04769 0.15104 0.09167
5 0.44167 0.25093 0.04271 0.0463
4 0.16432 0.34306 0.06094 0.06944
10 0.31875 0.33935 0.01562 0.03241
4 0.31328 0.29491 0.04635 0.06204
4 0.2349 0.32454 0.06458 0.06019
4 0.11146 0.36759 0.03854 0.08519
4 0.05365 0.39769 0.06042 0.09722
8 0.14557 0.24722 0.03698 0.0463
2 0.14089 0.24815 0.0099 0.02778
7 0.03203 0.23889 0.03802 0.03333
4 0.25417 0.21713 0.05312 0.05093
4 0.20938 0.18981 0.05104 0.04444
5 0.25833 0.175 0.02292 0.04444
4 0.11458 0.2213 0.05937 0.04259
10 0.10286 0.18657 0.01823 0.0213
4 0.13151 0.18981 0.03385 0.04074
4 0.06823 0.20741 0.03438 0.0537
5 0.21927 0.13704 0.03958 0.03333
4 0.15911 0.17917 0.02031 0.03611
4 0.37422 0.14167 0.04323 0.02963
5 0.43385 0.11481 0.04583 0.0463
4 0.40156 0.09491 0.025 0.02685
1 0.25547 0.1037 0.00469 0.02037
10 0.26354 0.12269 0.01354 0.01574
10 0.25677 0.11991 0.01042 0.01574
4 0.16484 0.15278 0.04844 0.03333
