4 0.07604 0.62083 0.10938 0.08981
5 0.14271 0.68519 0.06042 0.0463
5 0.14948 0.36204 0.07604 0.06111
4 0.17109 0.30046 0.06719 0.05093
10 0.07552 0.31898 0.02604 0.03426
7 0.07135 0.29491 0.01354 0.03611
5 0.34036 0.56528 0.04427 0.1213
1 0.42344 0.64954 0.01458 0.06204
5 0.4599 0.64213 0.04792 0.13241
4 0.60938 0.51204 0.07917 0.06296
5 0.53359 0.37963 0.03906 0.07593
4 0.57422 0.38843 0.04948 0.0787
4 0.61901 0.37963 0.05156 0.09074
4 0.66458 0.38194 0.05937 0.07685
4 0.48828 0.31111 0.0349 0.07593
4 0.53099 0.30556 0.03802 0.07407
4 0.56797 0.31204 0.03802 0.06667
4 0.59792 0.29954 0.04792 0.07315
4 0.63828 0.30231 0.05052 0.0713
2 0.25833 0.27407 0.00937 0.03333
3 0.25807 0.28704 0.00885 0.02778
11 0.20729 0.22731 0.05417 0.05648
5 0.22161 0.18657 0.04844 0.03796
3 0.14375 0.18287 0.01667 0.02315
10 0.16979 0.13611 0.01667 0.02407
3 0.17344 0.13472 0.01354 0.02315
3 0.17865 0.1338 0.0125 0.01759
4 0.22682 0.16111 0.04948 0.03333
7 0.19323 0.11481 0.01875 0.02222
4 0.25677 0.0787 0.04167 0.02963
5 0.22422 0.02407 0.02656 0.03519
5 0.19714 0.02269 0.02969 0.0287
4 0.36823 0.13889 0.02083 0.03704
2 0.38984 0.25694 0.00885 0.02685
10 0.38958 0.26759 0.00833 0.02963
2 0.38516 0.1713 0.00781 0.02593
2 0.3849 0.17731 0.00625 0.02315
10 0.38542 0.1787 0.00833 0.02593
1 0.41224 0.2037 0.00573 0.03148
5 0.43776 0.11204 0.02135 0.04815
5 0.4487 0.16944 0.02448 0.03889
4 0.47969 0.17269 0.02396 0.03796
5 0.46667 0.13194 0.02396 0.03426
5 0.49245 0.13056 0.02344 0.04259
5 0.50964 0.16806 0.02656 0.03981
4 0.51771 0.13009 0.02708 0.04167
4 0.53646 0.16852 0.02813 0.03889
5 0.54401 0.12593 0.03177 0.0463
5 0.56458 0.16667 0.03125 0.03704
5 0.56927 0.125 0.02917 0.04444
6 0.59115 0.1625 0.02813 0.04722
5 0.58854 0.06435 0.02083 0.03056
6 0.43672 0.04028 0.03906 0.03426
6 0.42865 0.01852 0.0375 0.03148
1 0.38906 0.01204 0.00417 0.02222
5 0.55104 0.01204 0.03125 0.02407
4 0.58021 0.01157 0.01979 0.02315
2 0.38177 0.00741 0.00417 0.01481
10 0.38177 0.00926 0.00417 0.01852
4 0.33151 0.00694 0.02448 0.01389
