2 0.40208 0.54306 0.00313 0.01019
10 0.40182 0.54676 0.00469 0.01389
6 0.43359 0.39907 0.0151 0.03333
4 0.37188 0.32546 0.01354 0.01019
5 0.38672 0.27824 0.00469 0.01019
5 0.30547 0.2713 0.00573 0.01111
5 0.30911 0.24259 0.00573 0.01111
5 0.3138 0.22269 0.00469 0.00833
5 0.32396 0.24306 0.00417 0.01019
4 0.32292 0.26806 0.00521 0.01019
4 0.33932 0.24167 0.00573 0.00741
6 0.3526 0.24167 0.00521 0.01296
6 0.33672 0.18009 0.00573 0.01759
6 0.38542 0.18056 0.00521 0.01667
5 0.38099 0.1912 0.00677 0.00648
6 0.30833 0.16296 0.00729 0.01667
5 0.33047 0.13194 0.0026 0.00463
5 0.33828 0.12778 0.0026 0.0037
5 0.34896 0.1375 0.00208 0.00463
5 0.31276 0.13472 0.0026 0.00463
4 0.33437 0.13565 0.00208 0.00278
2 0.35755 0.16065 0.00156 0.00463
10 0.35729 0.16204 0.00313 0.0037
5 0.34427 0.11991 0.00208 0.00463
6 0.34453 0.10231 0.00365 0.00833
4 0.3487 0.10694 0.00156 0.00463
4 0.34844 0.10139 0.00208 0.00278
4 0.34401 0.08519 0.00156 0.0037
4 0.37083 0.11019 0.00208 0.0037
4 0.33854 0.08194 0.00208 0.00278
6 0.35026 0.08287 0.0026 0.00833
0 0.32474 0.07222 0.0151 0.04074
0 0.34323 0.05093 0.02187 0.0537
