1 0.48802 0.48981 0.01771 0.11296
1 0.51562 0.50556 0.01875 0.1037
1 0.55729 0.50926 0.01667 0.1
1 0.52031 0.48241 0.01979 0.11667
2 0.55469 0.48519 0.01146 0.04444
1 0.51875 0.23148 0.00625 0.03704
1 0.52396 0.23148 0.00625 0.03333
1 0.60677 0.21389 0.00521 0.03148
1 0.53177 0.18796 0.00521 0.02778
1 0.59271 0.2213 0.00417 0.02778
1 0.73854 0.20463 0.00833 0.03148
1 0.7349 0.20463 0.00521 0.03148
4 0.75677 0.18148 0.02813 0.02222
4 0.80885 0.18241 0.03021 0.02037
4 0.83281 0.17963 0.02813 0.02593
4 0.8599 0.19444 0.03229 0.02222
4 0.88698 0.19537 0.03438 0.02778
4 0.90938 0.19537 0.02917 0.02407
4 0.93021 0.19537 0.03542 0.02407
4 0.95677 0.19537 0.03854 0.02778
4 0.97344 0.19444 0.03021 0.02222
4 0.98854 0.19167 0.02292 0.02407
4 0.98802 0.17593 0.02396 0.02222
4 0.97292 0.17778 0.02917 0.01852
4 0.93594 0.16759 0.02604 0.01667
4 0.93177 0.1787 0.02813 0.02037
4 0.90938 0.17778 0.02708 0.01852
4 0.89427 0.17593 0.02187 0.01481
4 0.8651 0.18148 0.03854 0.02593
4 0.8099 0.16944 0.02813 0.01667
4 0.77969 0.17963 0.03229 0.02593
4 0.86562 0.1713 0.01875 0.01667
