4 0.03568 0.56157 0.01615 0.0213
4 0.01536 0.58287 0.01927 0.0213
4 0.0026 0.60324 0.00521 0.02315
4 0.15521 0.60463 0.01562 0.02407
9 0.18307 0.63981 0.0349 0.05926
1 0.21849 0.6963 0.0026 0.01296
1 0.22344 0.69398 0.00313 0.01389
1 0.2026 0.63519 0.00313 0.01296
2 0.1987 0.67639 0.0026 0.01204
3 0.19844 0.68056 0.00729 0.01111
4 0.23438 0.47778 0.0125 0.01667
4 0.31068 0.46435 0.00885 0.01389
4 0.23516 0.41574 0.0099 0.01667
4 0.3349 0.3162 0.00625 0.00833
4 0.32109 0.2838 0.00677 0.00833
4 0.36146 0.2875 0.00625 0.00833
4 0.35495 0.28426 0.00573 0.00926
9 0.34505 0.25926 0.01198 0.01667
6 0.5026 0.18333 0.02396 0.01667
4 0.42135 0.21528 0.00417 0.00648
4 0.40052 0.19907 0.00313 0.00556
4 0.41354 0.1912 0.00313 0.00648
4 0.4388 0.13009 0.0026 0.00463
4 0.44505 0.13194 0.0026 0.00463
4 0.42448 0.1713 0.00208 0.0037
6 0.42057 0.14583 0.00677 0.01019
6 0.40807 0.14537 0.00781 0.01296
4 0.44219 0.12639 0.00208 0.00463
4 0.44948 0.12593 0.00104 0.0037
6 0.61276 0.32731 0.01094 0.025
6 0.41042 0.26574 0.00833 0.01481
