0 0.47757 0.04444 0.0375 0.02353
7 0.73125 0.68039 0.05368 0.11895
10 0.68051 0.76928 0.02868 0.06405
4 0.69154 0.88105 0.05515 0.15425
1 0.12684 0.92549 0.02426 0.09673
1 0.36507 0.60065 0.01544 0.07451
4 0.33676 0.61503 0.06912 0.14771
10 0.19669 0.42157 0.01691 0.04837
10 0.22831 0.35359 0.01397 0.03529
1 0.25147 0.22092 0.00735 0.0366
1 0.23419 0.23072 0.01103 0.04052
2 0.22941 0.23922 0.00588 0.02092
1 0.23566 0.22157 0.00809 0.04575
1 0.23051 0.22614 0.00809 0.03922
4 0.28419 0.30065 0.07279 0.04444
10 0.39044 0.52614 0.01324 0.04837
2 0.38824 0.51046 0.01324 0.05359
4 0.43346 0.40131 0.0375 0.08105
5 0.40919 0.25294 0.02868 0.06667
5 0.37463 0.15556 0.02574 0.04967
2 0.2375 0.14575 0.00882 0.02484
1 0.24779 0.11569 0.00735 0.03007
5 0.26471 0.0366 0.01618 0.02614
4 0.28199 0.02745 0.02132 0.02353
4 0.29081 0.03856 0.02132 0.02222
4 0.28493 0.01046 0.01544 0.0183
4 0.31949 0.03333 0.01838 0.02222
1 0.33051 0.03007 0.00368 0.0183
1 0.32353 0.01176 0.00294 0.0183
2 0.35368 0.01765 0.00588 0.01699
2 0.27132 0.0098 0.00441 0.01699
1 0.24228 0.03595 0.00662 0.02222
0 0.30221 0.01373 0.01176 0.02745
4 0.35846 0.09739 0.02868 0.03529
4 0.38824 0.12353 0.025 0.03268
4 0.40625 0.15229 0.02868 0.03791
10 0.36875 0.25163 0.00956 0.03007
2 0.36875 0.23922 0.00956 0.02876
10 0.38309 0.24052 0.00735 0.02876
2 0.38235 0.23007 0.00882 0.03137
4 0.44632 0.20719 0.02941 0.04314
4 0.47831 0.30065 0.03162 0.05229
4 0.49412 0.38301 0.03676 0.06536
4 0.50772 0.4719 0.04191 0.07843
4 0.56581 0.51503 0.04338 0.07843
4 0.50993 0.69608 0.05074 0.12941
7 0.53713 0.56928 0.03015 0.07974
2 0.53419 0.54837 0.0125 0.03529
4 0.61213 0.49542 0.04485 0.09673
7 0.61654 0.39739 0.06103 0.0549
1 0.55919 0.36928 0.00956 0.05098
1 0.56691 0.37516 0.00735 0.03922
1 0.60221 0.35425 0.01176 0.03399
2 0.58971 0.34314 0.00882 0.03529
1 0.45551 0.13987 0.00515 0.03137
2 0.48382 0.15229 0.01029 0.02222
7 0.48346 0.21307 0.01544 0.0366
2 0.48272 0.20131 0.00662 0.02092
2 0.48015 0.20523 0.00735 0.02876
2 0.51397 0.19477 0.01029 0.02353
2 0.5489 0.25294 0.00956 0.02222
7 0.55588 0.23203 0.03235 0.03007
1 0.67279 0.15817 0.00441 0.02092
4 0.63199 0.13268 0.03162 0.03791
4 0.61654 0.10784 0.02574 0.03007
1 0.6386 0.04314 0.00515 0.02353
4 0.53824 0.06667 0.03382 0.02353
4 0.51581 0.0549 0.03309 0.02092
4 0.47426 0.06732 0.03676 0.02484
7 0.43272 0.09412 0.02426 0.02353
7 0.44338 0.06078 0.02353 0.01961
