5 0.18199 0.30588 0.02426 0.01569
6 0.21728 0.33007 0.06397 0.04575
4 0.26066 0.31046 0.02721 0.01699
4 0.2489 0.32549 0.02574 0.0183
4 0.48235 0.41176 0.01912 0.02614
4 0.46176 0.26209 0.00882 0.01176
4 0.4761 0.30458 0.00956 0.01569
4 0.50588 0.28693 0.00882 0.01438
4 0.46176 0.24379 0.00588 0.00915
4 0.68603 0.50261 0.02794 0.03791
5 0.7614 0.48954 0.02868 0.04052
0 0.50257 0.16471 0.08603 0.0549
4 0.46471 0.21961 0.00588 0.00784
4 0.45956 0.22026 0.00735 0.00915
6 0.47831 0.21503 0.01691 0.01961
6 0.49963 0.23203 0.00956 0.01961
6 0.56949 0.31373 0.02721 0.06275
4 0.60074 0.3085 0.01176 0.01569
4 0.6625 0.30523 0.00882 0.01438
4 0.52721 0.21307 0.01029 0.00784
4 0.51728 0.21176 0.01103 0.00784
4 0.52206 0.21699 0.00588 0.00784
6 0.50184 0.21176 0.00956 0.01307
6 0.5136 0.22288 0.01103 0.02484
5 0.51875 0.2366 0.00809 0.0183
4 0.54632 0.2183 0.00588 0.00784
4 0.5511 0.22288 0.00515 0.00915
0 0.58125 0.21569 0.05515 0.01046
4 0.63199 0.31895 0.0125 0.0183
4 0.61985 0.30915 0.01029 0.01438
4 0.61654 0.30065 0.01103 0.01569
6 0.67721 0.27386 0.02059 0.03791
6 0.66507 0.25033 0.01985 0.03007
6 0.6614 0.27582 0.01544 0.03137
6 0.65147 0.24706 0.01912 0.02876
4 0.63824 0.3098 0.01176 0.01569
4 0.64559 0.30261 0.01324 0.01438
4 0.63971 0.29542 0.00882 0.01569
4 0.63051 0.30327 0.00956 0.01307
4 0.62647 0.29804 0.01029 0.01569
4 0.63235 0.28889 0.00882 0.01569
4 0.60882 0.29542 0.01029 0.01307
4 0.60515 0.28954 0.01029 0.01699
0 0.58934 0.24771 0.05074 0.05098
4 0.61912 0.29085 0.01029 0.01438
4 0.61654 0.28431 0.00809 0.01176
4 0.6 0.28431 0.01029 0.01176
4 0.6261 0.2817 0.00809 0.01176
4 0.62132 0.27712 0.00735 0.01307
4 0.6136 0.28105 0.00956 0.0183
6 0.64706 0.27778 0.01471 0.02484
4 0.6375 0.27451 0.00882 0.01046
4 0.63272 0.27059 0.00662 0.00784
4 0.63566 0.25556 0.00809 0.01438
6 0.62206 0.25229 0.02206 0.02876
