0 0.2125 0.15185 0.075 0.08148
0 0.33307 0.09398 0.07031 0.03426
0 0.40443 0.05509 0.0724 0.10833
9 0.24505 0.48009 0.09115 0.08981
6 0.15469 0.45231 0.05625 0.05648
5 0.26276 0.54676 0.04844 0.06019
5 0.23099 0.27176 0.03281 0.03611
5 0.15625 0.18241 0.01667 0.04444
4 0.27031 0.28935 0.03646 0.03796
4 0.30625 0.28333 0.03542 0.03889
4 0.33516 0.27639 0.03385 0.03796
4 0.38359 0.25602 0.02969 0.03426
4 0.15026 0.49954 0.04948 0.04907
4 0.09089 0.42917 0.04323 0.03981
4 0.04271 0.40556 0.04479 0.04444
4 0.15833 0.13009 0.03333 0.02685
4 0.4849 0.16389 0.01771 0.03889
4 0.65365 0.19769 0.02187 0.03611
4 0.49323 0.12685 0.01875 0.02963
4 0.49505 0.0912 0.01406 0.03241
4 0.50156 0.06065 0.01354 0.02685
4 0.50781 0.03056 0.01146 0.02407
4 0.69635 0.10972 0.01458 0.0287
5 0.69401 0.08102 0.01406 0.025
4 0.02813 0.07546 0.02604 0.03611
4 0.04193 0.07963 0.02344 0.02963
4 0.05573 0.08611 0.03021 0.03704
4 0.06797 0.09259 0.02344 0.03519
4 0.01536 0.15417 0.02969 0.03426
4 0.03047 0.16806 0.02656 0.03611
4 0.05052 0.16991 0.02917 0.04907
7 0.4125 0.23519 0.02396 0.03519
7 0.44479 0.21944 0.01875 0.02037
4 0.43151 0.225 0.02031 0.03148
10 0.27344 0.22407 0.00937 0.02593
10 0.28333 0.22083 0.00729 0.02685
10 0.69792 0.25093 0.01562 0.01667
10 0.58021 0.23981 0.00521 0.01296
10 0.53464 0.46528 0.00573 0.0213
3 0.50703 0.5463 0.00573 0.01667
3 0.5125 0.44167 0.00625 0.03519
3 0.42344 0.32269 0.00521 0.0213
2 0.51458 0.44074 0.00625 0.02222
2 0.50625 0.54028 0.00417 0.02315
2 0.53672 0.45648 0.00573 0.02407
2 0.58021 0.23426 0.00521 0.02037
2 0.69505 0.23981 0.00469 0.01296
2 0.69896 0.24815 0.00625 0.02407
2 0.42422 0.31435 0.00677 0.02315
1 0.37422 0.28565 0.00677 0.01944
1 0.38229 0.27315 0.00521 0.02593
1 0.46563 0.22083 0.00313 0.01944
2 0.47943 0.22546 0.00469 0.01759
1 0.67474 0.1963 0.00573 0.02037
2 0.10365 0.67407 0.01042 0.02963
4 0.20755 0.33935 0.02135 0.03241
1 0.15937 0.23333 0.00833 0.01852
4 0.70312 0.17454 0.01042 0.03241
2 0.68177 0.16898 0.00521 0.01759
3 0.10521 0.68148 0.02708 0.01852
1 0.11719 0.65417 0.00937 0.02315
1 0.12057 0.64259 0.00885 0.02963
2 0.08724 0.58148 0.01094 0.02222
3 0.08698 0.58611 0.02187 0.01667
10 0.46484 0.18657 0.0151 0.01204
2 0.46198 0.16713 0.00833 0.01389
2 0.47057 0.14213 0.00677 0.01019
2 0.48073 0.12037 0.00521 0.01667
1 0.52995 0.12963 0.00365 0.01481
1 0.52734 0.13102 0.00469 0.01389
1 0.48802 0.30556 0.00313 0.01852
1 0.50182 0.30602 0.00469 0.0213
1 0.49193 0.30417 0.00677 0.02315
1 0.48672 0.29491 0.00573 0.0213
1 0.54609 0.29815 0.00885 0.02222
1 0.69089 0.32778 0.00677 0.02407
1 0.5612 0.20231 0.00469 0.01944
1 0.55443 0.21065 0.00573 0.0213
1 0.55599 0.2037 0.00573 0.02037
3 0.47917 0.23519 0.01042 0.01481
2 0.48854 0.24537 0.00417 0.01667
3 0.4888 0.25185 0.01094 0.01111
3 0.4888 0.24491 0.00781 0.00833
2 0.4888 0.24028 0.00469 0.01019
10 0.375 0.29259 0.0125 0.01481
7 0.31016 0.24583 0.01823 0.0213
7 0.21875 0.20556 0.0125 0.02222
0 0.30651 0.16343 0.11094 0.09722
10 0.41484 0.175 0.0099 0.01481
10 0.43802 0.1787 0.00729 0.01667
10 0.40651 0.1787 0.00573 0.01852
10 0.37578 0.17778 0.00677 0.01852
10 0.38151 0.18056 0.00573 0.02037
10 0.38698 0.18565 0.00521 0.01759
10 0.39193 0.18843 0.00469 0.0213
10 0.39557 0.19028 0.00573 0.0213
10 0.40234 0.1912 0.00365 0.01944
10 0.42266 0.19907 0.0099 0.01481
10 0.42552 0.18935 0.00729 0.01389
1 0.42005 0.19583 0.00469 0.01759
1 0.40807 0.1625 0.00573 0.01574
10 0.38333 0.16204 0.00417 0.01481
10 0.3875 0.15833 0.00625 0.01852
1 0.4651 0.10278 0.00417 0.01481
2 0.45833 0.10185 0.00521 0.01296
0 0.43281 0.13102 0.0625 0.03981
0 0.38177 0.13009 0.03854 0.03426
0 0.43099 0.1588 0.03281 0.01944
0 0.45469 0.06157 0.03021 0.05833
1 0.47526 0.02593 0.00469 0.01667
1 0.46693 0.00833 0.00469 0.01667
1 0.52005 0.05324 0.00469 0.01759
1 0.51458 0.05 0.00417 0.01667
2 0.52552 0.03657 0.00417 0.01389
10 0.525 0.0412 0.00625 0.01389
4 0.12604 0.11667 0.03125 0.02963
4 0.51406 0.00787 0.01667 0.01574
