4 0.65365 0.16343 0.00521 0.00833
4 0.65755 0.1588 0.0026 0.00833
4 0.64427 0.16389 0.00417 0.00741
6 0.6401 0.17315 0.00625 0.00926
4 0.61719 0.18657 0.00521 0.00833
4 0.62995 0.18472 0.00677 0.00833
4 0.6388 0.18472 0.00469 0.00648
6 0.65599 0.17546 0.00781 0.01389
6 0.6474 0.1787 0.00417 0.00926
4 0.64714 0.18426 0.00469 0.00741
4 0.64115 0.19167 0.00625 0.00926
4 0.64115 0.19769 0.00521 0.00833
5 0.62839 0.225 0.00677 0.01667
4 0.58307 0.23657 0.00781 0.01204
4 0.61484 0.25417 0.0099 0.01389
4 0.61094 0.26991 0.01042 0.01574
6 0.56823 0.23194 0.0125 0.02685
4 0.56146 0.24769 0.00833 0.01204
4 0.56823 0.25694 0.01042 0.01389
4 0.54792 0.25741 0.01146 0.01481
5 0.53672 0.26528 0.01094 0.01759
4 0.50599 0.27269 0.01198 0.01389
4 0.48125 0.26898 0.01979 0.01019
4 0.53281 0.28056 0.01146 0.01852
4 0.53464 0.29861 0.01406 0.0213
5 0.52786 0.31528 0.01719 0.03426
4 0.51302 0.2963 0.01354 0.02222
4 0.50391 0.31759 0.0151 0.02222
4 0.51224 0.33472 0.01302 0.03056
4 0.49219 0.32917 0.01667 0.025
5 0.47995 0.34352 0.01615 0.03148
4 0.46823 0.36898 0.01875 0.02685
6 0.45286 0.34583 0.02344 0.03796
6 0.58984 0.3037 0.01615 0.03148
4 0.60833 0.32454 0.01354 0.0213
1 0.6349 0.33241 0.00521 0.02037
4 0.57474 0.35556 0.01615 0.02222
4 0.58542 0.4 0.01979 0.02778
5 0.58203 0.45185 0.02135 0.04259
4 0.56484 0.50972 0.02552 0.04352
4 0.49609 0.37917 0.02031 0.03796
2 0.37552 0.39861 0.00625 0.01759
7 0.37786 0.40741 0.0099 0.02407
4 0.47161 0.46296 0.02656 0.04815
4 0.43776 0.43426 0.0224 0.03704
5 0.43229 0.4588 0.025 0.05463
4 0.40573 0.49954 0.04167 0.04907
4 0.34531 0.49861 0.04688 0.04722
4 0.25911 0.52269 0.06719 0.04907
4 0.14036 0.52454 0.06406 0.05093
3 0.20833 0.49167 0.02083 0.02222
3 0.07422 0.38796 0.01406 0.02037
3 0.0901 0.39028 0.01354 0.01759
4 0.02526 0.38981 0.04219 0.02593
4 0.01068 0.38611 0.02135 0.02222
4 0.02474 0.40463 0.01927 0.02593
4 0.01094 0.41667 0.02187 0.03148
4 0.00547 0.47361 0.01094 0.03241
4 0.06172 0.55463 0.05469 0.0537
4 0.01302 0.53241 0.02604 0.04444
4 0.02813 0.56898 0.05625 0.07315
9 0.01146 0.58565 0.02292 0.0787
4 0.48646 0.58796 0.03646 0.07037
4 0.65677 0.71204 0.05521 0.09259
5 0.73802 0.83565 0.1 0.125
2 0.0875 0.76204 0.01562 0.04074
10 0.09167 0.78194 0.01875 0.04537
4 0.41094 0.73981 0.04583 0.10556
4 0.48047 0.79028 0.04844 0.10833
4 0.54948 0.77731 0.07083 0.11574
4 0.49062 0.94074 0.06458 0.11852
4 0.64167 0.92407 0.11042 0.15185
2 0.81797 0.8412 0.0151 0.05278
3 0.8151 0.86296 0.03854 0.05741
4 0.96302 0.97639 0.07396 0.04537
0 0.42812 0.20278 0.04896 0.04259
0 0.48281 0.17454 0.05 0.03796
