4 0.12132 0.80261 0.11471 0.0732
4 0.10772 0.87908 0.10074 0.06667
4 0.2375 0.85556 0.10441 0.08497
4 0.23824 0.79477 0.09706 0.07059
1 0.26066 0.8732 0.0125 0.05752
1 0.33493 0.78431 0.01103 0.06013
4 0.31324 0.71046 0.03676 0.09542
4 0.32757 0.64706 0.07868 0.06536
4 0.325 0.60196 0.04559 0.05621
4 0.33971 0.55033 0.04853 0.05229
4 0.34963 0.50392 0.03603 0.05882
4 0.34926 0.46471 0.05 0.04314
3 0.39485 0.54248 0.00882 0.03399
2 0.39375 0.53137 0.00809 0.03529
4 0.4886 0.69935 0.03897 0.0732
7 0.35441 0.44379 0.03382 0.02745
4 0.35625 0.42941 0.04926 0.03791
4 0.35699 0.41373 0.04926 0.04052
4 0.36544 0.38431 0.04559 0.0366
4 0.37169 0.36209 0.04485 0.02876
7 0.37169 0.34967 0.02721 0.02484
6 0.37243 0.33007 0.04632 0.03007
5 0.37059 0.31503 0.03529 0.02876
4 0.3739 0.31046 0.0375 0.02484
4 0.37868 0.30065 0.03529 0.02353
4 0.37316 0.28824 0.01691 0.02222
4 0.38566 0.27255 0.01544 0.02745
4 0.37721 0.25882 0.01765 0.02353
4 0.35221 0.25556 0.01324 0.02484
4 0.32132 0.25556 0.01471 0.03007
4 0.3364 0.26993 0.02574 0.02745
10 0.26581 0.48039 0.02279 0.02222
1 0.32721 0.34771 0.00588 0.02614
5 0.31765 0.21569 0.01471 0.02353
4 0.30478 0.21046 0.0125 0.02092
4 0.36949 0.24379 0.03162 0.02484
4 0.37537 0.21176 0.01838 0.0183
4 0.37426 0.18758 0.02059 0.01699
4 0.3239 0.20588 0.01397 0.02222
4 0.35294 0.2366 0.02206 0.0183
4 0.36029 0.23137 0.025 0.01569
4 0.35956 0.22157 0.02206 0.01961
0 0.42059 0.18235 0.06471 0.02745
4 0.46324 0.18497 0.01765 0.01961
4 0.48382 0.18497 0.01765 0.01699
4 0.52132 0.2 0.02353 0.01569
10 0.45662 0.20654 0.00882 0.00784
2 0.45625 0.20065 0.00515 0.01438
0 0.50735 0.18497 0.02794 0.02745
10 0.41213 0.38497 0.00662 0.02484
2 0.41176 0.37582 0.00588 0.02484
1 0.38125 0.47059 0.00662 0.0366
1 0.38125 0.45686 0.00809 0.03268
1 0.46838 0.46471 0.00735 0.03268
5 0.47721 0.47843 0.02059 0.04967
4 0.49779 0.21242 0.01471 0.01961
4 0.51397 0.21242 0.01324 0.02222
4 0.50294 0.23268 0.01471 0.02353
4 0.47537 0.21634 0.0125 0.01699
4 0.47721 0.22941 0.01324 0.01961
4 0.47904 0.24314 0.01103 0.0183
4 0.48235 0.25621 0.01471 0.02092
4 0.48456 0.27059 0.01618 0.02092
4 0.49559 0.28105 0.02647 0.02353
4 0.48088 0.29739 0.03088 0.02222
4 0.48603 0.30523 0.03382 0.02222
4 0.48676 0.32092 0.03676 0.02222
10 0.4375 0.24118 0.00441 0.01438
2 0.43713 0.23595 0.00515 0.01699
2 0.52022 0.29608 0.00515 0.01699
10 0.52096 0.26667 0.01397 0.0183
1 0.53125 0.28562 0.00515 0.02222
1 0.52868 0.37386 0.00588 0.02876
1 0.54228 0.34052 0.00515 0.02745
2 0.55 0.33529 0.00735 0.01961
4 0.60625 0.93791 0.10662 0.08758
4 0.63897 0.85163 0.09118 0.09804
4 0.61765 0.79216 0.09706 0.07582
4 0.62721 0.70915 0.08824 0.06405
4 0.59632 0.67582 0.07353 0.06013
4 0.58824 0.63856 0.075 0.05098
4 0.60441 0.60392 0.07059 0.04967
4 0.54559 0.58954 0.06618 0.05229
4 0.53272 0.55752 0.05662 0.04837
4 0.53162 0.5268 0.05294 0.04444
4 0.52574 0.49935 0.04853 0.04706
4 0.52132 0.47059 0.04118 0.0366
4 0.50919 0.45294 0.04926 0.03791
4 0.52279 0.43072 0.05441 0.03529
5 0.50221 0.40523 0.04559 0.04444
10 0.56544 0.42484 0.01765 0.02092
1 0.56838 0.47451 0.00588 0.02614
2 0.56985 0.49346 0.01029 0.02745
7 0.57647 0.46732 0.03529 0.03529
3 0.59228 0.47908 0.01985 0.03007
10 0.60368 0.52026 0.02059 0.02092
10 0.60074 0.5098 0.01765 0.02876
3 0.70588 0.8183 0.03235 0.04183
10 0.70147 0.79346 0.03382 0.03137
4 0.52353 0.40065 0.03235 0.03007
4 0.50257 0.37712 0.04044 0.02745
4 0.49559 0.36536 0.03824 0.03007
4 0.48897 0.35098 0.03529 0.02745
4 0.48971 0.33333 0.03676 0.02092
