2,0.20390625,0.43703703703703706,0.0067708333333333336,0.024074074074074074
10,0.203125,0.44814814814814813,0.007291666666666667,0.02962962962962963
10,0.2825520833333333,0.3537037037037037,0.0067708333333333336,0.024074074074074074
2,0.2833333333333333,0.34675925925925927,0.005208333333333333,0.025
4,0.25078125,0.3148148148148148,0.0140625,0.025925925925925925
1,0.20338541666666668,0.36666666666666664,0.0046875,0.03148148148148148
1,0.1984375,0.3680555555555556,0.004166666666666667,0.028703703703703703
4,0.23854166666666668,0.2449074074074074,0.009375,0.017592592592592594
2,0.21901041666666668,0.27824074074074073,0.0026041666666666665,0.012037037037037037
10,0.21848958333333332,0.2824074074074074,0.0036458333333333334,0.016666666666666666
2,0.27005208333333336,0.2689814814814815,0.0026041666666666665,0.008333333333333333
2,0.2640625,0.24675925925925926,0.0020833333333333333,0.012037037037037037
2,0.25234375,0.24583333333333332,0.0026041666666666665,0.010185185185185186
2,0.2578125,0.23842592592592593,0.0020833333333333333,0.008333333333333333
2,0.22604166666666667,0.20787037037037037,0.0010416666666666667,0.008333333333333333
2,0.24791666666666667,0.21666666666666667,0.0020833333333333333,0.007407407407407408
2,0.246875,0.21435185185185185,0.0020833333333333333,0.006481481481481481
7,0.2708333333333333,0.2740740740740741,0.00625,0.016666666666666666
10,0.253125,0.24768518518518517,0.0020833333333333333,0.008333333333333333
10,0.25807291666666665,0.24212962962962964,0.0026041666666666665,0.008333333333333333
10,0.2638020833333333,0.24814814814814815,0.0026041666666666665,0.011111111111111112
7,0.24713541666666666,0.2212962962962963,0.0046875,0.011111111111111112
3,0.22552083333333334,0.20972222222222223,0.0020833333333333333,0.008333333333333333
4,0.23776041666666667,0.17685185185185184,0.0036458333333333334,0.007407407407407408
0,0.2598958333333333,0.1925925925925926,0.009375,0.022222222222222223
0,0.2421875,0.1361111111111111,0.008333333333333333,0.02962962962962963
0,0.22734375,0.16944444444444445,0.005729166666666666,0.016666666666666666
0,0.24739583333333334,0.17083333333333334,0.003125,0.010185185185185186
0,0.25026041666666665,0.15092592592592594,0.0046875,0.009259259259259259
