0 0.46276 0.33287 0.0849 0.3213
4 0.31901 0.98333 0.03802 0.03333
4 0.27813 0.96528 0.04479 0.06944
4 0.30208 0.85833 0.03438 0.07963
8 0.45026 0.66713 0.01406 0.04352
4 0.34036 0.91852 0.04115 0.09444
4 0.3487 0.83704 0.03698 0.07222
4 0.38203 0.69722 0.02552 0.04815
4 0.34063 0.74722 0.04479 0.06481
5 0.35651 0.65231 0.0224 0.05278
4 0.45443 0.7338 0.02344 0.04907
4 0.40052 0.60417 0.01979 0.03611
2 0.03906 0.96065 0.02083 0.02685
1 0.03099 0.98704 0.0151 0.02593
1 0.15547 0.95417 0.01406 0.04537
1 0.01224 0.89861 0.01198 0.04352
1 0.0375 0.89861 0.0125 0.04167
1 0.07917 0.77685 0.00833 0.03889
1 0.14089 0.68611 0.00781 0.03333
1 0.15026 0.68287 0.00677 0.03426
1 0.19427 0.69491 0.00729 0.0287
1 0.125 0.6588 0.00833 0.03241
1 0.0112 0.68333 0.0099 0.01852
1 0.01536 0.67083 0.0099 0.01944
1 0.03958 0.59676 0.00625 0.0287
1 0.11198 0.60139 0.00625 0.0287
1 0.13516 0.60278 0.00573 0.02407
1 0.15156 0.57685 0.00521 0.01852
1 0.05859 0.56574 0.00677 0.02222
1 0.19792 0.53796 0.00417 0.02037
1 0.1138 0.55185 0.00365 0.02037
1 0.06719 0.91019 0.00937 0.03704
2 0.07161 0.89769 0.00573 0.01759
1 0.08229 0.86389 0.01042 0.03889
1 0.0724 0.86019 0.00521 0.02778
2 0.07708 0.86111 0.00833 0.02778
1 0.08464 0.74352 0.00781 0.03889
2 0.01172 0.75926 0.01198 0.02593
10 0.02786 0.76806 0.01823 0.01944
10 0.02995 0.75648 0.01823 0.01852
2 0.02656 0.74722 0.01146 0.02222
1 0.04818 0.75602 0.01198 0.03981
3 0.04609 0.76343 0.02031 0.02685
2 0.03281 0.73426 0.00729 0.02037
8 0.03776 0.73148 0.02552 0.03519
8 0.04115 0.71991 0.02604 0.03426
8 0.05547 0.71065 0.03177 0.04167
8 0.19531 0.80185 0.03958 0.0463
1 0.16068 0.925 0.00677 0.02778
1 0.16927 0.9162 0.00833 0.04537
10 0.17188 0.90278 0.02292 0.02407
1 0.01823 0.64676 0.00729 0.0213
2 0.07708 0.71019 0.00937 0.02407
1 0.09349 0.70278 0.00573 0.03333
10 0.09479 0.70648 0.01771 0.02222
0 0.09245 0.64861 0.05052 0.06204
2 0.12161 0.61528 0.00573 0.01759
10 0.12318 0.62176 0.0099 0.02685
4 0.07812 0.68935 0.01458 0.01944
1 0.07396 0.60972 0.00521 0.01389
1 0.07448 0.60324 0.00625 0.025
1 0.07604 0.57963 0.00833 0.02593
2 0.0849 0.59491 0.00729 0.0213
10 0.08464 0.60139 0.00781 0.0213
1 0.13047 0.58565 0.00573 0.01574
1 0.13984 0.57176 0.00573 0.025
2 0.15 0.63194 0.01042 0.02685
10 0.14922 0.63704 0.00885 0.02222
0 0.22057 0.40046 0.08906 0.1287
2 0.18802 0.64074 0.00833 0.01852
2 0.19297 0.65694 0.00885 0.01944
2 0.24766 0.70185 0.00469 0.01852
2 0.25339 0.70741 0.00781 0.02778
2 0.20755 0.58657 0.00781 0.01759
2 0.41432 0.68241 0.00677 0.01852
2 0.42161 0.60139 0.00573 0.01944
2 0.46901 0.55509 0.00573 0.01944
2 0.47031 0.63009 0.00729 0.01389
2 0.40573 0.66389 0.00625 0.01667
1 0.25703 0.69676 0.00677 0.0287
10 0.25312 0.71343 0.01771 0.01574
10 0.19401 0.66806 0.00885 0.01759
10 0.18906 0.65278 0.00937 0.01667
1 0.18411 0.59815 0.00781 0.01852
1 0.1901 0.60231 0.00625 0.025
10 0.18646 0.60972 0.00833 0.01759
1 0.14089 0.54583 0.00677 0.02685
1 0.0651 0.54769 0.00833 0.025
1 0.06927 0.55046 0.00417 0.01944
1 0.06875 0.5412 0.00521 0.01944
1 0.06406 0.54722 0.00521 0.01852
2 0.10651 0.5463 0.00469 0.01852
8 0.10547 0.54352 0.00781 0.02593
1 0.1125 0.53102 0.00625 0.01759
10 0.11354 0.53981 0.01354 0.01667
2 0.12318 0.52546 0.00573 0.01759
2 0.14036 0.52269 0.00573 0.01574
1 0.11354 0.5213 0.00521 0.02037
2 0.04349 0.52361 0.00677 0.01759
2 0.04974 0.52222 0.00677 0.01667
8 0.15599 0.5463 0.01302 0.02778
10 0.20885 0.59491 0.00729 0.01759
2 0.32292 0.60509 0.00521 0.01759
1 0.17891 0.54954 0.00677 0.02315
2 0.17448 0.54907 0.00417 0.01296
3 0.175 0.55602 0.00625 0.01389
2 0.17266 0.53611 0.00677 0.01667
10 0.17344 0.53981 0.01354 0.01481
2 0.16094 0.51435 0.00417 0.0213
4 0.15937 0.51852 0.01562 0.01296
2 0.16719 0.50648 0.00313 0.01852
2 0.16432 0.50787 0.00365 0.01944
2 0.18698 0.49028 0.00521 0.01204
8 0.18854 0.48657 0.0125 0.0213
8 0.19453 0.48009 0.02031 0.02685
2 0.21458 0.52917 0.00521 0.01389
8 0.21328 0.51713 0.01406 0.03056
2 0.23724 0.53519 0.00573 0.01667
2 0.23958 0.53241 0.00521 0.01667
1 0.25938 0.54028 0.00729 0.02315
10 0.2276 0.53611 0.00833 0.01667
7 0.31406 0.60694 0.02813 0.0287
8 0.37812 0.56296 0.03125 0.02778
10 0.34063 0.57824 0.01458 0.01759
10 0.32708 0.55139 0.01458 0.01759
8 0.34349 0.56944 0.02135 0.02407
10 0.35182 0.55648 0.01927 0.02222
1 0.39115 0.56389 0.00729 0.02593
10 0.30104 0.77037 0.01771 0.02037
2 0.31354 0.79815 0.00937 0.02222
2 0.31458 0.78704 0.00625 0.02037
8 0.3125 0.76806 0.01562 0.03426
1 0.4013 0.63009 0.00573 0.02685
1 0.40677 0.63241 0.00417 0.02407
2 0.4513 0.50556 0.00469 0.01481
2 0.46641 0.51204 0.00573 0.01481
4 0.50182 0.62407 0.03594 0.05185
2 0.4026 0.57685 0.00625 0.01667
2 0.4 0.57639 0.00313 0.00833
1 0.27344 0.53981 0.00729 0.02037
10 0.41354 0.69398 0.00833 0.02685
10 0.45156 0.5125 0.00625 0.01574
10 0.46667 0.51991 0.00625 0.01389
3 0.40495 0.67454 0.00469 0.0213
3 0.42109 0.61343 0.0026 0.01759
3 0.46875 0.56343 0.00521 0.01574
10 0.47031 0.64444 0.00729 0.01852
2 0.46849 0.66713 0.00677 0.01759
8 0.46927 0.66759 0.0125 0.03704
1 0.02552 0.89954 0.00729 0.03796
2 0.0276 0.89028 0.00625 0.01759
2 0.0638 0.75509 0.00573 0.01759
2 0.06849 0.74722 0.00677 0.02222
10 0.06927 0.75648 0.01458 0.02778
8 0.38255 0.65833 0.01719 0.03333
