0,0.24010416666666667,0.13333333333333333,0.08541666666666667,0.09259259259259259
4,0.28515625,0.35462962962962963,0.030729166666666665,0.05555555555555555
4,0.15677083333333333,0.40185185185185185,0.03125,0.07222222222222222
4,0.24947916666666667,0.25416666666666665,0.017708333333333333,0.026851851851851852
4,0.2625,0.22037037037037038,0.013541666666666667,0.022222222222222223
4,0.14739583333333334,0.2861111111111111,0.01875,0.037037037037037035
4,0.07708333333333334,0.3194444444444444,0.01875,0.037037037037037035
4,0.0953125,0.324537037037037,0.017708333333333333,0.041666666666666664
4,0.18385416666666668,0.24212962962962964,0.016666666666666666,0.025
4,0.1671875,0.24074074074074073,0.013541666666666667,0.020370370370370372
4,0.19609375,0.2037037037037037,0.008854166666666666,0.012962962962962963
2,0.20026041666666666,0.33611111111111114,0.0046875,0.016666666666666666
2,0.19140625,0.275,0.0067708333333333336,0.011111111111111112
2,0.20833333333333334,0.18981481481481483,0.003125,0.007407407407407408
2,0.20598958333333334,0.2712962962962963,0.005729166666666666,0.007407407407407408
2,0.18229166666666666,0.2675925925925926,0.00625,0.009259259259259259
2,0.27317708333333335,0.20185185185185187,0.005729166666666666,0.007407407407407408
2,0.29401041666666666,0.25833333333333336,0.005729166666666666,0.007407407407407408
7,0.20026041666666666,0.3439814814814815,0.013020833333333334,0.028703703703703703
3,0.18203125,0.2773148148148148,0.0067708333333333336,0.013888888888888888
3,0.19088541666666667,0.2847222222222222,0.0067708333333333336,0.013888888888888888
10,0.20651041666666667,0.28055555555555556,0.0067708333333333336,0.012962962962962963
10,0.20807291666666666,0.19444444444444445,0.005729166666666666,0.009259259259259259
10,0.29375,0.2675925925925926,0.007291666666666667,0.011111111111111112
3,0.27317708333333335,0.2064814814814815,0.0046875,0.009259259259259259
2,0.27369791666666665,0.18425925925925926,0.0036458333333333334,0.007407407407407408
3,0.27421875,0.18981481481481483,0.0046875,0.005555555555555556
3,0.11666666666666667,0.33194444444444443,0.015625,0.023148148148148147
5,0.16223958333333333,0.22175925925925927,0.021354166666666667,0.017592592592592594
5,0.16770833333333332,0.21805555555555556,0.022916666666666665,0.017592592592592594
4,0.17109375,0.21064814814814814,0.021354166666666667,0.01574074074074074
4,0.29921875,0.24537037037037038,0.0140625,0.020370370370370372
4,0.2875,0.2152777777777778,0.010416666666666666,0.017592592592592594
4,0.28125,0.20046296296296295,0.010416666666666666,0.01574074074074074
1,0.2872395833333333,0.19768518518518519,0.0026041666666666665,0.012037037037037037
2,0.284375,0.19907407407407407,0.003125,0.011111111111111112
7,0.29296875,0.22870370370370371,0.005729166666666666,0.014814814814814815
10,0.0359375,0.3296296296296296,0.010416666666666666,0.014814814814814815
