1 0.1125 0.40523 0.02794 0.06536
1 0.00993 0.51373 0.01838 0.06013
1 0.19118 0.34771 0.02794 0.0549
1 0.26434 0.29608 0.01985 0.04575
1 0.28125 0.27647 0.01544 0.04314
1 0.29338 0.27647 0.01324 0.04052
1 0.38309 0.18758 0.01029 0.05359
1 0.62279 0.26013 0.01029 0.02614
1 0.62831 0.23922 0.00956 0.05229
1 0.44706 0.53725 0.01471 0.0732
1 0.7625 0.36993 0.01324 0.06536
1 0.73603 0.13856 0.01176 0.04444
1 0.81912 0.9085 0.03676 0.08366
1 0.95074 0.68235 0.03235 0.06013
1 0.94816 0.53529 0.01985 0.06667
1 0.97574 0.3719 0.01765 0.06405
2 0.92353 0.37843 0.01912 0.05882
1 0.93015 0.22549 0.01176 0.05098
1 0.93787 0.21895 0.00662 0.04052
1 0.72132 0.08431 0.00441 0.03529
1 0.84596 0.14444 0.00662 0.03268
1 0.85515 0.14379 0.00882 0.02876
1 0.88235 0.15163 0.01029 0.02876
1 0.88934 0.14967 0.00368 0.03529
1 0.89779 0.1549 0.00735 0.02484
1 0.92316 0.15163 0.00809 0.02876
1 0.67426 0.05686 0.00882 0.04052
1 0.5886 0.05163 0.00956 0.02484
1 0.59963 0.05425 0.00515 0.02745
1 0.6114 0.05556 0.00809 0.03268
1 0.62684 0.05948 0.00809 0.03268
1 0.64596 0.06928 0.00809 0.04183
1 0.65846 0.06732 0.00809 0.03791
1 0.64191 0.04575 0.00735 0.0366
1 0.65699 0.05098 0.00515 0.03399
3 0.68235 0.10784 0.02353 0.03529
3 0.24853 0.12614 0.01324 0.03529
3 0.26066 0.12549 0.01103 0.03399
10 0.91471 0.39085 0.03676 0.05752
10 0.98235 0.15686 0.01618 0.04967
1 0.9364 0.31111 0.01838 0.06275
1 0.95 0.31438 0.00882 0.06144
1 0.95294 0.33072 0.01765 0.06536
