7 0.52537 0.68954 0.02721 0.07712
4 0.49044 0.56928 0.03676 0.0719
4 0.56176 0.54967 0.03971 0.06928
4 0.54632 0.45098 0.03529 0.04967
4 0.5364 0.36405 0.02574 0.04052
4 0.52132 0.27516 0.01765 0.03007
4 0.48088 0.23529 0.01471 0.02614
4 0.41066 0.25098 0.01544 0.02876
4 0.39706 0.29608 0.01912 0.02745
7 0.36434 0.46405 0.03015 0.06536
5 0.78162 0.70261 0.06471 0.1085
5 0.90184 0.91699 0.10515 0.16601
5 0.73566 0.56993 0.03456 0.07582
4 0.69522 0.52614 0.04191 0.06405
5 0.66654 0.45948 0.03309 0.06667
4 0.64338 0.3732 0.05294 0.03007
4 0.18971 0.49346 0.05294 0.06144
4 0.19412 0.45621 0.07206 0.05752
4 0.23015 0.42876 0.03235 0.05752
4 0.24301 0.34902 0.05515 0.02614
4 0.31985 0.30131 0.02206 0.03268
4 0.3375 0.28431 0.01471 0.02745
4 0.32353 0.25686 0.03382 0.02222
4 0.27279 0.28301 0.03235 0.03791
5 0.42647 0.21569 0.02059 0.0183
4 0.43529 0.19477 0.01029 0.0183
4 0.46066 0.17778 0.00809 0.01307
4 0.49485 0.1732 0.00882 0.01438
4 0.48199 0.16144 0.00515 0.00915
4 0.46728 0.15752 0.00662 0.00915
4 0.49522 0.15294 0.00662 0.01046
4 0.48676 0.14248 0.01324 0.01046
4 0.45551 0.14052 0.01544 0.00915
4 0.47279 0.1281 0.00588 0.01046
0 0.48235 0.08693 0.01324 0.01961
0 0.48824 0.1085 0.01324 0.0183
4 0.51287 0.22092 0.01103 0.0183
4 0.61507 0.3451 0.02426 0.03137
4 0.60257 0.32353 0.02132 0.02745
4 0.6011 0.29869 0.0375 0.02484
4 0.57353 0.26078 0.01912 0.02222
4 0.56949 0.24444 0.0125 0.02353
4 0.56103 0.23268 0.01765 0.0183
1 0.60441 0.38105 0.01029 0.03791
4 0.37757 0.22222 0.0125 0.0183
4 0.36176 0.24052 0.01471 0.02092
4 0.35404 0.25163 0.01397 0.02745
4 0.37904 0.2098 0.02132 0.01961
0 0.39926 0.17974 0.01618 0.03007
4 0.47022 0.13791 0.00515 0.00915
4 0.56691 0.21765 0.02353 0.01176
4 0.5636 0.21307 0.02279 0.01569
4 0.54779 0.20131 0.01029 0.01307
4 0.54375 0.19346 0.00956 0.01307
4 0.53971 0.18366 0.00882 0.01438
4 0.53419 0.1719 0.00662 0.01176
0 0.53162 0.16013 0.01029 0.01176
1 0.5875 0.33987 0.00588 0.02092
4 0.5875 0.34771 0.00882 0.0183
4 0.02243 0.73987 0.04485 0.08366
1 0.71654 0.63725 0.01397 0.05359
4 0.71654 0.65163 0.01691 0.05359
10 0.65331 0.52288 0.0125 0.03399
1 0.65368 0.5098 0.01029 0.03399
1 0.6261 0.4366 0.01103 0.02876
10 0.62684 0.44771 0.01103 0.03529
2 0.75441 0.42092 0.01324 0.02614
3 0.83162 0.70261 0.02794 0.03791
1 0.73787 0.44641 0.00662 0.04314
4 0.63713 0.34118 0.03162 0.02614
1 0.68272 0.35752 0.00515 0.03268
2 0.7114 0.36797 0.00515 0.02222
0 0.60809 0.21961 0.01176 0.02614
