1 0.25391 0.43843 0.01719 0.06204
1 0.37865 0.32731 0.0125 0.04722
1 0.33047 0.28102 0.0099 0.04722
1 0.31771 0.2875 0.01042 0.04722
1 0.30833 0.27269 0.01042 0.04722
1 0.29948 0.28287 0.00937 0.04907
1 0.28359 0.27315 0.0099 0.0537
1 0.25677 0.26065 0.01146 0.04537
1 0.27266 0.2 0.00885 0.04444
1 0.09583 0.19722 0.00937 0.04259
1 0.48333 0.27454 0.00937 0.04907
1 0.51198 0.24213 0.00833 0.02315
1 0.5224 0.18843 0.00937 0.04167
1 0.53203 0.19167 0.00781 0.04074
1 0.59427 0.25231 0.00833 0.04352
1 0.63333 0.25093 0.0125 0.0463
1 0.6513 0.25231 0.0151 0.04167
1 0.575 0.32963 0.01146 0.0463
1 0.56589 0.3287 0.01094 0.04444
1 0.56458 0.2662 0.00729 0.025
1 0.5513 0.27269 0.01302 0.04907
1 0.55885 0.25926 0.00937 0.04259
1 0.02839 0.13981 0.01094 0.03333
1 0.10495 0.11667 0.00885 0.03519
1 0.11719 0.1125 0.00729 0.03426
1 0.20234 0.16667 0.01302 0.03333
1 0.2125 0.16204 0.01042 0.03148
1 0.22161 0.17407 0.00573 0.03519
1 0.22135 0.16019 0.00833 0.02778
10 0.20052 0.17315 0.00833 0.02963
10 0.21042 0.17222 0.00833 0.02963
10 0.21953 0.1662 0.01094 0.03056
1 0.36068 0.10417 0.00781 0.03056
1 0.40443 0.07454 0.00573 0.025
1 0.39635 0.07685 0.00417 0.01296
1 0.39036 0.06065 0.00469 0.02685
1 0.50443 0.06019 0.00781 0.02593
1 0.54063 0.06528 0.01042 0.03056
1 0.52083 0.05139 0.00521 0.025
1 0.53151 0.0463 0.00885 0.02593
1 0.54089 0.0412 0.00677 0.02315
1 0.5487 0.03704 0.00677 0.02407
1 0.58984 0.07269 0.00469 0.01204
1 0.64245 0.0963 0.00781 0.03148
1 0.61198 0.07685 0.00833 0.02778
1 0.59792 0.06991 0.00625 0.02685
1 0.58542 0.05046 0.00625 0.025
1 0.01484 0.08611 0.00781 0.02778
1 0.04193 0.07639 0.00781 0.02685
1 0.12161 0.09676 0.00573 0.025
1 0.18698 0.09167 0.00625 0.02593
1 0.20104 0.08565 0.00521 0.025
1 0.20625 0.08519 0.00521 0.02593
1 0.25677 0.07824 0.00729 0.02685
1 0.26198 0.07546 0.00521 0.0287
1 0.23542 0.04954 0.00417 0.025
1 0.28281 0.0625 0.00313 0.02315
1 0.2875 0.06667 0.00313 0.01852
1 0.30391 0.06667 0.00365 0.02037
1 0.32005 0.0713 0.00469 0.02778
1 0.3599 0.06481 0.00417 0.02593
1 0.35677 0.08796 0.00521 0.02407
1 0.35078 0.06019 0.00365 0.02407
1 0.34063 0.05787 0.00417 0.025
1 0.47057 0.04769 0.00573 0.025
1 0.46302 0.0463 0.00417 0.02407
1 0.45443 0.04815 0.00573 0.01852
1 0.44974 0.04537 0.00573 0.01852
1 0.51276 0.0338 0.00573 0.025
1 0.56354 0.03056 0.00521 0.02593
1 0.68672 0.03843 0.00573 0.025
1 0.62891 0.06713 0.00573 0.025
1 0.62422 0.0662 0.00677 0.025
1 0.6112 0.06389 0.00469 0.02222
1 0.60286 0.05926 0.00365 0.02037
1 0.59167 0.04537 0.00521 0.02593
1 0.57865 0.04352 0.00521 0.02407
1 0.51927 0.03056 0.00521 0.02593
1 0.43099 0.0412 0.00365 0.02315
1 0.44297 0.04213 0.00365 0.02315
1 0.41198 0.05417 0.00313 0.0213
1 0.4151 0.05602 0.00313 0.01389
1 0.40599 0.05556 0.00469 0.02407
1 0.32292 0.03472 0.00417 0.02315
1 0.31641 0.03565 0.00469 0.0213
1 0.30469 0.05556 0.00417 0.01852
1 0.30156 0.05463 0.00417 0.02407
1 0.21458 0.09028 0.00521 0.02315
1 0.22917 0.08935 0.00521 0.0213
1 0.19141 0.01435 0.00573 0.01944
1 0.10703 0.07269 0.00677 0.02685
1 0.11536 0.06157 0.00677 0.0213
1 0.12917 0.1037 0.00729 0.02222
1 0.12891 0.08935 0.00469 0.0213
1 0.12578 0.0875 0.00469 0.0213
1 0.14219 0.09815 0.00625 0.03148
1 0.15495 0.10231 0.00573 0.025
1 0.16172 0.10046 0.00469 0.025
1 0.22135 0.04954 0.00417 0.02315
1 0.22839 0.04815 0.00365 0.02407
1 0.28672 0.0625 0.00365 0.02315
1 0.49479 0.03657 0.00417 0.025
1 0.49115 0.02407 0.00417 0.02037
1 0.49427 0.02222 0.00417 0.02037
1 0.49766 0.02778 0.00365 0.02037
1 0.5276 0.03333 0.00521 0.01667
1 0.53125 0.03148 0.00521 0.02407
1 0.64583 0.07222 0.00625 0.02407
1 0.64922 0.22315 0.00573 0.02963
1 0.66198 0.23657 0.00833 0.03981
2 0.61823 0.22176 0.01042 0.03241
2 0.67891 0.22083 0.0099 0.0213
2 0.66797 0.22269 0.01094 0.03796
2 0.68333 0.07685 0.00521 0.01296
2 0.67656 0.07593 0.00417 0.01296
2 0.67266 0.07593 0.00365 0.01481
2 0.66198 0.07407 0.00625 0.01481
2 0.65677 0.07731 0.00417 0.01759
2 0.65286 0.07824 0.00677 0.01574
2 0.64323 0.06528 0.00521 0.01574
2 0.6401 0.06065 0.00833 0.01759
2 0.63516 0.05648 0.00573 0.01667
1 0.62943 0.05694 0.00469 0.02315
1 0.67682 0.06481 0.00677 0.02963
1 0.65573 0.03704 0.00521 0.02222
1 0.61849 0.05324 0.00781 0.0287
1 0.60182 0.04583 0.00469 0.0213
1 0.60833 0.05787 0.00521 0.0287
1 0.59453 0.11852 0.00677 0.02222
10 0.59427 0.12593 0.01562 0.02037
7 0.56224 0.20231 0.03385 0.04907
1 0.42318 0.4125 0.01406 0.05648
1 0.40911 0.41898 0.01406 0.05648
1 0.37422 0.46991 0.01615 0.06389
1 0.38151 0.45231 0.00885 0.05833
5 0.23802 0.01852 0.02708 0.02593
5 0.26328 0.01435 0.02656 0.025
4 0.2862 0.01343 0.02448 0.01574
4 0.31667 0.00926 0.03021 0.01852
4 0.35313 0.00787 0.03021 0.01574
5 0.37318 0.02778 0.02552 0.02407
4 0.35911 0.03796 0.03177 0.02222
4 0.35781 0.04954 0.02396 0.0213
4 0.31771 0.05139 0.02292 0.02315
5 0.27526 0.04491 0.02969 0.03056
7 0.28672 0.05648 0.01719 0.03148
10 0.29688 0.05648 0.00417 0.01667
4 0.21042 0.05833 0.03021 0.02407
4 0.25573 0.06389 0.02292 0.03148
5 0.46016 0.0162 0.02552 0.0213
5 0.44505 0.03519 0.02656 0.02963
5 0.50938 0.02083 0.02292 0.03426
4 0.53672 0.01481 0.0276 0.02222
4 0.56276 0.0088 0.02656 0.01759
4 0.47578 0.02824 0.01927 0.0213
7 0.42057 0.03843 0.02448 0.025
6 0.38568 0.04583 0.02969 0.0213
3 0.04193 0.47685 0.04219 0.05
2 0.01224 0.50741 0.02448 0.05741
10 0.08542 0.11389 0.00833 0.02037
4 0.08932 0.08981 0.03698 0.03148
4 0.02292 0.06806 0.04479 0.02315
4 0.04141 0.04259 0.03594 0.02222
4 0.08333 0.03287 0.01875 0.02315
4 0.11536 0.03056 0.0349 0.02593
4 0.15339 0.04028 0.03073 0.025
4 0.16641 0.02454 0.03281 0.025
4 0.2026 0.01806 0.01771 0.02315
10 0.12474 0.01111 0.0099 0.01111
10 0.14453 0.00741 0.01094 0.01111
10 0.23932 0.08056 0.01094 0.01111
2 0.25 0.08889 0.00417 0.01296
2 0.24531 0.08935 0.00417 0.01389
1 0.23464 0.08935 0.00573 0.01944
2 0.17135 0.10046 0.00625 0.01574
2 0.17682 0.09815 0.00677 0.01481
2 0.18385 0.09815 0.00521 0.01481
2 0.14635 0.10139 0.00729 0.01574
1 0.1263 0.10787 0.00469 0.01574
10 0.11797 0.06852 0.01406 0.01481
10 0.01745 0.02917 0.0099 0.01574
10 0.22526 0.08657 0.0151 0.01204
1 0.27057 0.08241 0.00573 0.01296
1 0.27708 0.08287 0.00521 0.01204
7 0.33281 0.04444 0.01771 0.02963
7 0.3237 0.06296 0.02448 0.02037
1 0.48177 0.00787 0.00417 0.01574
1 0.47422 0.0088 0.00365 0.01759
1 0.47578 0.01111 0.00365 0.01296
