4 0.79118 0.61503 0.05147 0.08235
10 0.7864 0.54706 0.01985 0.02745
4 0.75404 0.49412 0.06103 0.04444
3 0.75735 0.45229 0.01912 0.02092
1 0.72904 0.55229 0.00809 0.04052
1 0.71801 0.55229 0.00956 0.03268
5 0.69706 0.55752 0.02794 0.08235
4 0.67316 0.41765 0.02426 0.04837
10 0.7364 0.37451 0.00662 0.02745
2 0.75037 0.42026 0.00368 0.01699
2 0.74559 0.42418 0.00588 0.02484
7 0.74118 0.4268 0.02794 0.02484
4 0.6489 0.31569 0.01985 0.04837
5 0.66213 0.27908 0.02426 0.05882
4 0.65625 0.24706 0.01691 0.02876
4 0.63566 0.24967 0.01691 0.03137
4 0.63015 0.21699 0.01618 0.02876
4 0.64926 0.21634 0.01618 0.03529
7 0.67794 0.19804 0.01176 0.02222
10 0.68824 0.20131 0.00588 0.0183
4 0.62132 0.17059 0.01765 0.03268
4 0.64044 0.1719 0.01765 0.02484
4 0.66029 0.17255 0.01471 0.02876
4 0.63529 0.14444 0.01324 0.02484
4 0.63934 0.09542 0.01691 0.02614
4 0.66103 0.14967 0.02941 0.03268
4 0.65662 0.12745 0.01765 0.02222
6 0.55478 0.0183 0.01544 0.0366
6 0.55882 0.06275 0.01471 0.04183
4 0.4864 0.0085 0.00956 0.01699
4 0.48824 0.04706 0.01029 0.02092
6 0.51066 0.09608 0.01838 0.08497
4 0.47684 0.07647 0.0125 0.02222
6 0.5625 0.12876 0.01912 0.04575
4 0.56581 0.16209 0.01397 0.02614
6 0.4636 0.17712 0.01838 0.05882
4 0.56691 0.2085 0.01618 0.03007
1 0.46801 0.24902 0.00515 0.02484
4 0.45846 0.24248 0.01838 0.03268
4 0.45221 0.28039 0.01765 0.04052
5 0.44118 0.32418 0.03088 0.0549
2 0.45588 0.33791 0.00441 0.01438
7 0.45441 0.34902 0.01324 0.02876
4 0.57353 0.26275 0.01765 0.03137
4 0.57463 0.29739 0.01691 0.03268
6 0.57978 0.34771 0.02426 0.0732
4 0.55404 0.34706 0.01838 0.03791
4 0.58603 0.4183 0.02353 0.04706
4 0.52684 0.39281 0.02132 0.04575
4 0.49853 0.48301 0.02353 0.06144
4 0.53603 0.53072 0.02353 0.0549
4 0.58897 0.55359 0.03235 0.06405
2 0.46618 0.51046 0.00882 0.02222
10 0.46618 0.52549 0.00588 0.02614
2 0.45699 0.53529 0.00809 0.02745
10 0.45625 0.54641 0.00809 0.02614
6 0.41287 0.5281 0.07132 0.1098
4 0.48897 0.63137 0.02647 0.08105
4 0.55147 0.6902 0.02794 0.07582
4 0.60662 0.65163 0.02941 0.07451
4 0.61691 0.78301 0.03529 0.09673
4 0.48346 0.83922 0.03456 0.11503
4 0.41066 0.74837 0.03456 0.11111
4 0.42426 0.79412 0.01176 0.04575
4 0.38713 0.8719 0.03603 0.11503
4 0.52537 0.93333 0.0375 0.12288
4 0.57941 0.96471 0.03824 0.07059
4 0.32132 0.94444 0.04412 0.11111
7 0.27206 0.97386 0.04853 0.05229
1 0.25662 0.85163 0.01029 0.04837
1 0.25699 0.82876 0.0125 0.04967
4 0.37574 0.70261 0.03235 0.08235
4 0.30515 0.56601 0.03382 0.0915
4 0.01912 0.41699 0.03824 0.0366
6 0.08456 0.41242 0.07941 0.05621
4 0.175 0.41373 0.05147 0.04314
5 0.34007 0.0451 0.01691 0.02222
4 0.42904 0.03922 0.01985 0.02092
4 0.38824 0.18562 0.01765 0.03137
4 0.38125 0.21438 0.01838 0.03137
4 0.40331 0.30131 0.01985 0.04052
5 0.36544 0.28235 0.01618 0.04444
6 0.35735 0.40131 0.07647 0.05229
6 0.35625 0.36863 0.06838 0.04444
6 0.27831 0.40523 0.07868 0.05229
4 0.26213 0.56209 0.03897 0.07843
1 0.28603 0.54314 0.00735 0.03268
4 0.15 0.50458 0.06176 0.03399
1 0.71618 0.4902 0.00735 0.0366
