0 0.44375 0.05185 0.12083 0.0963
7 0.28698 0.85278 0.03854 0.09815
4 0.35885 0.79907 0.03646 0.12778
4 0.38229 0.57963 0.03125 0.08519
4 0.35104 0.50741 0.03125 0.08519
4 0.39948 0.36852 0.02187 0.04815
4 0.4724 0.34352 0.02187 0.03889
5 0.40677 0.26852 0.01562 0.04444
4 0.46719 0.25833 0.01562 0.03148
4 0.43542 0.18611 0.01458 0.02778
4 0.43906 0.13056 0.01146 0.02037
5 0.47917 0.15278 0.01042 0.02407
4 0.38906 0.11204 0.01146 0.02037
4 0.52917 0.12778 0.025 0.01852
4 0.52917 0.10648 0.01042 0.02037
1 0.59948 0.28519 0.00521 0.02593
2 0.41823 0.52778 0.00937 0.03333
10 0.41823 0.53981 0.00937 0.03519
4 0.51146 0.49074 0.02708 0.05926
7 0.55312 0.52315 0.01875 0.05
2 0.55 0.50833 0.00833 0.02037
1 0.77865 0.55463 0.01354 0.03889
1 0.98958 0.59722 0.01458 0.03889
4 0.63021 0.8713 0.05208 0.13148
4 0.58958 0.66944 0.04167 0.09444
4 0.06198 0.6 0.06771 0.06296
6 0.13073 0.61111 0.09688 0.1
2 0.39427 0.2287 0.00521 0.01667
7 0.39479 0.23426 0.00833 0.02037
4 0.8349 0.36111 0.04896 0.03333
4 0.89167 0.31852 0.04167 0.03333
1 0.97031 0.2713 0.00729 0.02778
4 0.98021 0.28796 0.03958 0.03519
0 0.62031 0.21944 0.00729 0.01667
0 0.82865 0.28241 0.00729 0.01667
0 0.575 0.14074 0.01875 0.01852
