4,0.3765625,0.6171296296296296,0.029166666666666667,0.08425925925925926
4,0.4471354166666667,0.47962962962962963,0.0296875,0.07222222222222222
4,0.4395833333333333,0.40555555555555556,0.028125,0.06296296296296296
4,0.43020833333333336,0.34953703703703703,0.028125,0.05277777777777778
4,0.25625,0.47824074074074074,0.06145833333333333,0.06388888888888888
4,0.26328125,0.425462962962963,0.050520833333333334,0.05648148148148148
4,0.2921875,0.3875,0.042708333333333334,0.058333333333333334
4,0.27317708333333335,0.34305555555555556,0.049479166666666664,0.03796296296296296
4,0.29296875,0.26481481481481484,0.03802083333333333,0.037037037037037035
4,0.30520833333333336,0.15462962962962962,0.017708333333333333,0.03148148148148148
4,0.32890625,0.12037037037037036,0.011979166666666667,0.025925925925925925
4,0.36640625,0.09768518518518518,0.0109375,0.019444444444444445
4,0.39088541666666665,0.09861111111111111,0.009895833333333333,0.01574074074074074
4,0.41770833333333335,0.22777777777777777,0.015625,0.027777777777777776
4,0.41432291666666665,0.19722222222222222,0.0171875,0.02962962962962963
4,0.41015625,0.17037037037037037,0.013020833333333334,0.02962962962962963
4,0.40234375,0.13703703703703704,0.011979166666666667,0.024074074074074074
4,0.38723958333333336,0.04398148148148148,0.0203125,0.013888888888888888
4,0.3619791666666667,0.034722222222222224,0.009375,0.01574074074074074
4,0.3390625,0.05324074074074074,0.009375,0.019444444444444445
4,0.29609375,0.2152777777777778,0.030729166666666665,0.03425925925925926
4,0.18411458333333333,0.5199074074074074,0.059895833333333336,0.14722222222222223
4,0.3145833333333333,0.13518518518518519,0.022916666666666665,0.020370370370370372
4,0.31197916666666664,0.11574074074074074,0.0125,0.024074074074074074
4,0.32083333333333336,0.09490740740740741,0.01875,0.019444444444444445
4,0.31666666666666665,0.08333333333333333,0.010416666666666666,0.024074074074074074
4,0.31875,0.05740740740740741,0.021875,0.020370370370370372
4,0.33515625,0.023148148148148147,0.011979166666666667,0.016666666666666666
4,0.32760416666666664,0.029166666666666667,0.008333333333333333,0.01574074074074074
4,0.38723958333333336,0.02962962962962963,0.0171875,0.016666666666666666
4,0.39609375,0.01990740740740741,0.0140625,0.01574074074074074
4,0.30703125,0.034722222222222224,0.0171875,0.01574074074074074
4,0.2955729166666667,0.07546296296296297,0.0203125,0.021296296296296296
4,0.4036458333333333,0.10601851851851851,0.011458333333333333,0.019444444444444445
4,0.4041666666666667,0.12129629629629629,0.011458333333333333,0.022222222222222223
4,0.3958333333333333,0.06805555555555555,0.023958333333333335,0.013888888888888888
4,0.39869791666666665,0.06111111111111111,0.018229166666666668,0.016666666666666666
4,0.40390625,0.052314814814814814,0.0171875,0.019444444444444445
4,0.38333333333333336,0.023148148148148147,0.021875,0.018518518518518517
4,0.38723958333333336,0.00787037037037037,0.011979166666666667,0.012037037037037037
4,0.38177083333333334,0.005555555555555556,0.011458333333333333,0.011111111111111112
5,0.340625,0.009722222222222222,0.017708333333333333,0.013888888888888888
5,0.29244791666666664,0.2361111111111111,0.033854166666666664,0.03333333333333333
5,0.32265625,0.04398148148148148,0.009895833333333333,0.019444444444444445
5,0.40234375,0.013888888888888888,0.019270833333333334,0.014814814814814815
6,0.48541666666666666,0.2740740740740741,0.06354166666666666,0.05740740740740741
6,0.2552083333333333,0.3055555555555556,0.06666666666666667,0.04814814814814815
4,0.6263020833333334,0.6199074074074075,0.059895833333333336,0.06759259259259259
6,0.30807291666666664,0.10416666666666667,0.028645833333333332,0.023148148148148147
1,0.39921875,0.20046296296296295,0.005729166666666666,0.026851851851851852
1,0.4622395833333333,0.19907407407407407,0.0067708333333333336,0.022222222222222223
1,0.3734375,0.011111111111111112,0.003125,0.012962962962962963
1,0.3484375,0.027777777777777776,0.003125,0.009259259259259259
1,0.35,0.04351851851851852,0.004166666666666667,0.012962962962962963
1,0.33567708333333335,0.13425925925925927,0.0036458333333333334,0.018518518518518517
1,0.4395833333333333,0.13425925925925927,0.004166666666666667,0.018518518518518517
1,0.44479166666666664,0.11666666666666667,0.004166666666666667,0.016666666666666666
1,0.49166666666666664,0.6912037037037037,0.011458333333333333,0.03425925925925926
10,0.23072916666666668,0.4949074074074074,0.016666666666666666,0.03611111111111111
10,0.2559895833333333,0.39444444444444443,0.015104166666666667,0.03148148148148148
10,0.4393229166666667,0.1388888888888889,0.009895833333333333,0.011111111111111112
10,0.4390625,0.15925925925925927,0.0125,0.012962962962962963
10,0.43359375,0.19537037037037036,0.0140625,0.012962962962962963
10,0.3502604166666667,0.04675925925925926,0.0036458333333333334,0.010185185185185186
0,0.43385416666666665,0.11296296296296296,0.014583333333333334,0.014814814814814815
10,0.42890625,0.09675925925925925,0.008854166666666666,0.012037037037037037
4,0.409375,0.09166666666666666,0.022916666666666665,0.022222222222222223
1,0.38697916666666665,0.08703703703703704,0.003125,0.016666666666666666
3,0.43645833333333334,0.17916666666666667,0.011458333333333333,0.012037037037037037
3,0.43723958333333335,0.17175925925925925,0.013020833333333334,0.013888888888888888
10,0.47317708333333336,0.21712962962962962,0.009895833333333333,0.01574074074074074
4,0.41041666666666665,0.047685185185185185,0.01875,0.012037037037037037
4,0.41041666666666665,0.043055555555555555,0.01875,0.012037037037037037
4,0.3572916666666667,0.005092592592592593,0.007291666666666667,0.010185185185185186
4,0.3028645833333333,0.058333333333333334,0.016145833333333335,0.014814814814814815
7,0.5244791666666667,0.5324074074074074,0.03854166666666667,0.03518518518518519
10,0.50703125,0.3861111111111111,0.008854166666666666,0.02962962962962963
1,0.5609375,0.6944444444444444,0.0125,0.027777777777777776
3,0.4356770833333333,0.20324074074074075,0.011979166666666667,0.013888888888888888
