0 0.51615 0.03565 0.12083 0.0713
5 0.29245 0.55278 0.02969 0.1
4 0.38464 0.5875 0.02969 0.08611
4 0.43672 0.63796 0.0349 0.09444
4 0.30599 0.44028 0.0276 0.06574
4 0.3724 0.43333 0.025 0.05741
4 0.40182 0.3713 0.02344 0.04815
5 0.37214 0.34954 0.02031 0.04722
4 0.33385 0.30417 0.01979 0.04907
4 0.30182 0.25417 0.0224 0.04537
4 0.31927 0.22824 0.01562 0.03241
4 0.33932 0.21389 0.0151 0.02963
4 0.2349 0.33565 0.04375 0.05093
4 0.46797 0.30417 0.04219 0.03241
4 0.40521 0.2875 0.03646 0.03241
4 0.41458 0.26389 0.02604 0.03148
4 0.3612 0.20417 0.01406 0.03056
4 0.37682 0.21574 0.01406 0.02593
4 0.39557 0.22454 0.01615 0.0287
4 0.38255 0.18704 0.01406 0.02778
4 0.32188 0.17824 0.01354 0.0287
4 0.34219 0.16944 0.01354 0.02593
4 0.34089 0.13565 0.01198 0.02315
4 0.32448 0.12546 0.01146 0.0213
6 0.36172 0.13796 0.02031 0.07593
11 0.3737 0.10463 0.01823 0.0463
4 0.38802 0.09074 0.00937 0.01667
4 0.34661 0.10185 0.0099 0.02037
9 0.32839 0.09398 0.0151 0.04167
4 0.34349 0.08611 0.0099 0.01852
4 0.36484 0.08009 0.00885 0.01574
1 0.31719 0.1 0.00313 0.01667
2 0.38021 0.07176 0.00313 0.01019
10 0.38021 0.07593 0.00313 0.01296
10 0.37786 0.04537 0.0026 0.00926
2 0.37786 0.04213 0.0026 0.01019
4 0.33073 0.06667 0.00833 0.01481
6 0.34792 0.06343 0.01146 0.03241
4 0.36302 0.06481 0.00833 0.01481
4 0.37474 0.06481 0.00885 0.01481
4 0.33125 0.04769 0.00833 0.01574
5 0.3362 0.0375 0.00677 0.01759
4 0.36406 0.05324 0.00833 0.01389
4 0.37109 0.04444 0.00781 0.01296
5 0.38203 0.04028 0.00573 0.01389
4 0.3612 0.04306 0.00677 0.01204
4 0.34583 0.03565 0.00729 0.01574
4 0.36146 0.03519 0.00729 0.01111
4 0.37057 0.03241 0.00677 0.01296
4 0.37995 0.02824 0.00573 0.01019
4 0.37682 0.01991 0.00573 0.01019
4 0.36823 0.02361 0.00729 0.01019
4 0.3599 0.02685 0.00729 0.01296
4 0.3612 0.01759 0.00573 0.00926
4 0.36146 0.01204 0.00625 0.00926
4 0.3487 0.02778 0.00677 0.01296
4 0.3388 0.02685 0.00677 0.01481
5 0.60495 0.52917 0.0526 0.06944
4 0.5625 0.41343 0.06042 0.04537
4 0.69167 0.41944 0.03333 0.04259
4 0.62917 0.37546 0.04896 0.03796
4 0.61589 0.34722 0.04427 0.03704
4 0.59661 0.32407 0.0474 0.04074
4 0.60729 0.29815 0.03958 0.03148
4 0.5388 0.31204 0.0401 0.03333
4 0.67109 0.33981 0.04635 0.03889
4 0.65651 0.31806 0.04323 0.03426
4 0.69141 0.28565 0.03385 0.03426
4 0.69505 0.30741 0.02656 0.03519
1 0.68021 0.24954 0.00833 0.025
4 0.02031 0.48889 0.04063 0.0463
4 0.01823 0.53657 0.03646 0.04722
5 0.02057 0.58102 0.04115 0.06204
1 0.20312 0.31296 0.00937 0.03333
1 0.59323 0.69167 0.01146 0.03333
2 0.69453 0.54722 0.01094 0.02963
2 0.70078 0.54352 0.00885 0.02778
10 0.69792 0.55139 0.02083 0.03056
1 0.43776 0.2375 0.00365 0.025
1 0.44948 0.25093 0.00625 0.02593
1 0.45911 0.25231 0.00573 0.025
1 0.46484 0.2537 0.00469 0.02593
4 0.55208 0.10324 0.02292 0.01759
4 0.5526 0.09769 0.02292 0.01759
4 0.5862 0.0588 0.01823 0.01204
4 0.58802 0.05556 0.01667 0.01296
4 0.02578 0.07778 0.01927 0.01852
4 0.03906 0.0662 0.02292 0.01574
4 0.05495 0.05694 0.01198 0.01389
4 0.06563 0.06019 0.01458 0.01667
4 0.09661 0.0787 0.01823 0.01852
4 0.09505 0.0625 0.01302 0.01759
4 0.10964 0.06204 0.01094 0.01667
4 0.11276 0.0463 0.02135 0.01667
4 0.13099 0.08102 0.01406 0.01944
4 0.15 0.0787 0.01458 0.01852
4 0.16693 0.07824 0.01302 0.01944
4 0.18047 0.07778 0.01094 0.01852
4 0.19323 0.08056 0.01354 0.01852
6 0.16901 0.05139 0.0276 0.02315
4 0.21615 0.05139 0.00937 0.01574
2 0.51276 0.28287 0.00677 0.02685
10 0.51172 0.28565 0.01406 0.01944
4 0.6638 0.13009 0.02448 0.01944
4 0.67917 0.1412 0.02708 0.02315
4 0.60417 0.12731 0.02292 0.01759
