4 0.04714 0.36019 0.03281 0.05741
4 0.21953 0.49259 0.02552 0.07037
4 0.38542 0.46065 0.02604 0.06389
4 0.51562 0.46157 0.05312 0.04537
4 0.33776 0.31296 0.01927 0.04259
4 0.25234 0.02454 0.0099 0.01574
4 0.44792 0.37407 0.05312 0.04074
4 0.42396 0.14074 0.03542 0.02407
4 0.3862 0.14028 0.03177 0.025
4 0.38385 0.10787 0.02292 0.01759
7 0.38698 0.00556 0.00417 0.01111
6 0.26693 0.00787 0.01094 0.01574
6 0.13724 0.1037 0.0276 0.06852
1 0.09297 0.05046 0.00573 0.01759
2 0.28385 0.31111 0.00625 0.01852
2 0.35964 0.30556 0.00573 0.02037
2 0.59766 0.53843 0.00677 0.0213
2 0.31797 0.10787 0.00469 0.01574
1 0.33203 0.04815 0.00365 0.01667
1 0.33255 0.09028 0.00365 0.01759
1 0.33542 0.0912 0.00313 0.01759
1 0.32917 0.04815 0.00313 0.01667
1 0.34167 0.08935 0.00417 0.01759
1 0.46458 0.21528 0.00625 0.01944
5 0.19661 0.24259 0.01927 0.04815
6 0.46354 0.32222 0.07292 0.05741
3 0.35938 0.31065 0.00625 0.02315
10 0.28385 0.31574 0.00625 0.02222
10 0.31771 0.11296 0.00417 0.01667
