0 0.54779 0.06928 0.12647 0.10196
4 0.60809 0.9098 0.05441 0.12549
4 0.59559 0.76993 0.04559 0.10196
4 0.42132 0.85556 0.06176 0.16078
4 0.47574 0.69281 0.03971 0.09673
4 0.41801 0.57386 0.04044 0.08627
4 0.54485 0.50131 0.05 0.06144
4 0.28493 0.74444 0.06544 0.11373
4 0.15809 0.66928 0.07794 0.08366
4 0.12096 0.73856 0.10809 0.09412
4 0.07647 0.80131 0.11912 0.09935
4 0.05368 0.88301 0.10735 0.09804
4 0.1364 0.40523 0.05956 0.04183
4 0.175 0.44444 0.06471 0.04967
4 0.08125 0.47647 0.06544 0.04314
4 0.0761 0.37255 0.05368 0.03399
5 0.15331 0.37059 0.05809 0.04575
4 0.14816 0.34314 0.05074 0.03268
4 0.19412 0.34379 0.01912 0.03399
4 0.23088 0.34837 0.03824 0.03268
4 0.22096 0.37647 0.05368 0.0366
4 0.30037 0.33725 0.03015 0.03399
5 0.33419 0.31699 0.03015 0.05621
5 0.35551 0.3281 0.02426 0.03922
8 0.29191 0.6281 0.03676 0.07712
4 0.95846 0.78889 0.05074 0.09542
4 0.87574 0.4451 0.04706 0.03791
4 0.8761 0.42222 0.05515 0.0366
9 0.66029 0.30327 0.03235 0.07059
4 0.63566 0.29281 0.01691 0.02353
4 0.59191 0.27516 0.01618 0.02484
4 0.59632 0.24314 0.01176 0.0183
4 0.59706 0.20458 0.01176 0.01699
4 0.60404 0.16863 0.00956 0.01307
4 0.57794 0.1902 0.01029 0.01699
5 0.5625 0.18889 0.00882 0.01961
4 0.57574 0.1719 0.00882 0.01438
4 0.55919 0.15882 0.00809 0.01176
4 0.54154 0.16078 0.00809 0.01307
4 0.52721 0.19804 0.01029 0.01699
4 0.52426 0.17059 0.00882 0.01438
4 0.52978 0.14706 0.00662 0.01176
4 0.54228 0.14967 0.00809 0.01176
4 0.57978 0.22745 0.01691 0.0183
4 0.51654 0.23856 0.0125 0.02222
4 0.50147 0.3 0.01471 0.02745
4 0.50074 0.3268 0.01765 0.0366
5 0.53272 0.34575 0.01985 0.04314
4 0.54191 0.37451 0.02794 0.05359
4 0.55846 0.41176 0.02721 0.04444
4 0.44228 0.31111 0.01985 0.03137
4 0.48125 0.2817 0.01544 0.02745
4 0.45809 0.24967 0.01618 0.02353
4 0.44228 0.22026 0.02574 0.02222
4 0.46434 0.22222 0.02426 0.02353
4 0.47831 0.20654 0.01103 0.0183
7 0.28235 0.36275 0.03088 0.02222
7 0.72096 0.37647 0.03897 0.03137
2 0.71397 0.36797 0.00735 0.02745
2 0.71691 0.48235 0.01029 0.03399
10 0.71691 0.48889 0.01029 0.03137
1 0.78051 0.45163 0.00956 0.03791
1 0.79007 0.4549 0.00662 0.03137
1 0.79669 0.4549 0.00662 0.03399
1 0.80184 0.45948 0.00662 0.02745
2 0.70588 0.62157 0.01029 0.03791
10 0.70441 0.63203 0.02059 0.03791
2 0.77206 0.87647 0.01765 0.05098
10 0.77096 0.88824 0.02426 0.06667
2 0.83346 0.72026 0.01985 0.04967
10 0.83382 0.72941 0.02206 0.04444
1 0.68566 0.30392 0.00515 0.02484
2 0.83566 0.40196 0.00809 0.03007
10 0.83235 0.40784 0.01618 0.02092
2 0.32537 0.60915 0.0125 0.03922
3 0.32647 0.62157 0.01176 0.03529
1 0.41801 0.3183 0.00515 0.02222
1 0.42206 0.31765 0.00588 0.02876
1 0.46397 0.25752 0.00441 0.02092
1 0.46912 0.25686 0.00441 0.02222
10 0.41397 0.26928 0.00882 0.01569
2 0.11213 0.48627 0.01103 0.02353
2 0.17279 0.5 0.01324 0.03268
10 0.175 0.5098 0.01765 0.02876
10 0.1136 0.49673 0.02132 0.02614
2 0.16654 0.44967 0.00956 0.02614
2 0.17574 0.46209 0.01029 0.03268
7 0.17243 0.46732 0.03897 0.02745
1 0.09265 0.38562 0.00882 0.03137
2 0.2261 0.38301 0.00809 0.02876
10 0.22647 0.38824 0.02059 0.02092
1 0.27426 0.34314 0.00588 0.02484
1 0.27904 0.34444 0.00515 0.02484
4 0.46765 0.23007 0.01029 0.0183
2 0.49669 0.26078 0.00515 0.01699
10 0.49706 0.26601 0.00441 0.01699
9 0.50919 0.17778 0.01838 0.0366
4 0.49154 0.20915 0.01103 0.0183
5 0.62096 0.16405 0.01985 0.01438
5 0.62279 0.16797 0.01765 0.01438
5 0.62647 0.18627 0.01912 0.01699
4 0.63493 0.18954 0.01838 0.01307
6 0.6375 0.20196 0.02206 0.01961
4 0.62132 0.20654 0.01176 0.01569
4 0.63235 0.22353 0.01471 0.0183
5 0.6386 0.23725 0.01103 0.02484
11 0.59816 0.1451 0.00956 0.0183
2 0.53199 0.5268 0.0125 0.02614
7 0.53309 0.54575 0.01471 0.03529
5 0.68382 0.26928 0.02794 0.02876
5 0.65662 0.22288 0.01029 0.02484
1 0.475 0.23529 0.00441 0.02092
1 0.47868 0.23595 0.00441 0.01961
1 0.47978 0.23268 0.00368 0.02092
1 0.5011 0.20719 0.00368 0.01699
1 0.50441 0.20523 0.00441 0.0183
1 0.5136 0.20261 0.00515 0.01569
4 0.46213 0.19085 0.01985 0.01307
4 0.46765 0.18758 0.01912 0.01438
4 0.4761 0.18431 0.01838 0.01569
4 0.48971 0.17712 0.01912 0.01699
4 0.49191 0.18431 0.01029 0.01569
5 0.46949 0.17451 0.01691 0.01438
5 0.48088 0.16471 0.01618 0.01569
4 0.49044 0.15686 0.01618 0.01569
4 0.53162 0.1366 0.00588 0.01176
4 0.56103 0.1366 0.00588 0.00915
4 0.54228 0.13072 0.00662 0.01046
4 0.55735 0.12876 0.00588 0.00915
2 0.0614 0.59281 0.01691 0.03529
2 0.06618 0.58824 0.01471 0.03922
