0 0.70404 0.28301 0.10074 0.0719
4 0.12169 0.81176 0.06838 0.13072
4 0.69007 0.90065 0.05956 0.13595
4 0.65404 0.71438 0.04779 0.0902
4 0.64191 0.6268 0.03971 0.07451
4 0.76434 0.57843 0.04779 0.07974
4 0.29228 0.47124 0.04191 0.05098
4 0.10735 0.4268 0.04412 0.04837
4 0.15368 0.50458 0.04412 0.05752
4 0.28346 0.23922 0.01838 0.02353
4 0.4886 0.26797 0.01544 0.02876
4 0.43346 0.37516 0.01691 0.0366
4 0.54522 0.54379 0.03015 0.0549
4 0.6114 0.47059 0.02426 0.04183
4 0.59926 0.4085 0.025 0.03791
4 0.5875 0.36471 0.01912 0.03399
4 0.56324 0.34902 0.01912 0.02876
4 0.54118 0.26667 0.02059 0.02353
5 0.50809 0.29673 0.01765 0.03922
5 0.61765 0.51373 0.02794 0.06013
4 0.44449 0.33203 0.01691 0.03137
4 0.4489 0.30065 0.01544 0.02353
4 0.45221 0.2817 0.01029 0.02745
4 0.57132 0.27451 0.01324 0.02353
4 0.57353 0.28954 0.02059 0.02484
0 0.7125 0.38039 0.08382 0.11242
5 0.80368 0.3817 0.02647 0.04706
6 0.94375 0.88758 0.1125 0.22222
6 0.28015 0.36797 0.07206 0.04575
6 0.34706 0.35033 0.03824 0.08105
7 0.17794 0.47386 0.03529 0.02745
4 0.20809 0.43072 0.04265 0.05098
4 0.29265 0.31961 0.02059 0.03791
6 0.3489 0.21569 0.05956 0.04183
4 0.38382 0.21242 0.02059 0.02745
2 0.28125 0.55229 0.00956 0.03268
10 0.28676 0.56993 0.01029 0.03137
3 0.60515 0.71307 0.01029 0.03268
3 0.59596 0.58235 0.00809 0.01961
2 0.60588 0.69346 0.01176 0.04575
2 0.59522 0.56405 0.00368 0.02745
10 0.94154 0.50654 0.01838 0.03529
10 0.91434 0.49542 0.01397 0.03922
7 0.81324 0.5098 0.04412 0.03399
10 0.24963 0.28889 0.01985 0.01307
10 0.19522 0.33791 0.01103 0.01961
10 0.20404 0.3366 0.0125 0.02222
10 0.26875 0.26863 0.01544 0.01961
10 0.27059 0.28824 0.01471 0.01699
5 0.34449 0.17647 0.01544 0.0183
5 0.39191 0.1732 0.01029 0.01699
5 0.38934 0.13137 0.00956 0.01438
4 0.40147 0.15294 0.00735 0.01046
4 0.40662 0.13922 0.00882 0.01438
4 0.49154 0.1732 0.00662 0.01699
4 0.50184 0.1915 0.00956 0.01438
4 0.50625 0.21699 0.00809 0.0183
4 0.55919 0.2549 0.00809 0.02876
4 0.56176 0.2281 0.01618 0.01438
4 0.55919 0.2085 0.01103 0.01699
4 0.55257 0.18235 0.00809 0.02222
4 0.54816 0.15752 0.00809 0.01699
4 0.50662 0.16275 0.01029 0.01438
4 0.52831 0.18301 0.00956 0.01569
4 0.52868 0.16405 0.01029 0.01176
4 0.52243 0.14183 0.00515 0.01438
4 0.54081 0.18627 0.00809 0.00915
2 0.47831 0.21961 0.00515 0.02353
4 0.31985 0.2085 0.02353 0.01961
2 0.17279 0.37386 0.00735 0.02614
1 0.12537 0.5085 0.0125 0.05229
0 0.5136 0.08235 0.04044 0.08366
1 0.35551 0.20065 0.00515 0.02222
1 0.4011 0.26667 0.00809 0.03137
1 0.36507 0.16405 0.00515 0.02222
1 0.36691 0.1732 0.00294 0.01438
1 0.37243 0.17516 0.00368 0.02092
4 0.42463 0.21176 0.00956 0.02876
4 0.43309 0.18627 0.01029 0.02222
4 0.44191 0.16863 0.01029 0.02092
4 0.44853 0.15294 0.00735 0.0183
0 0.44522 0.11046 0.06103 0.04575
6 0.60368 0.17451 0.01029 0.02745
4 0.61471 0.20392 0.01471 0.0183
4 0.59044 0.17582 0.00882 0.01699
