4 0.21328 0.60509 0.05365 0.11574
10 0.22214 0.51759 0.02448 0.04074
4 0.24583 0.48889 0.05 0.07037
4 0.24661 0.41065 0.02656 0.06019
4 0.28125 0.42269 0.02813 0.0713
6 0.24375 0.35972 0.06146 0.04352
4 0.26771 0.32593 0.04479 0.05
4 0.26562 0.28657 0.02292 0.04907
4 0.22604 0.26389 0.04375 0.03148
1 0.25208 0.22454 0.00625 0.02685
4 0.24219 0.20972 0.03854 0.02685
4 0.2763 0.20556 0.03385 0.02963
5 0.28385 0.17546 0.01667 0.03796
4 0.29089 0.16343 0.02656 0.025
4 0.25677 0.15324 0.03229 0.02685
4 0.29297 0.14444 0.0151 0.02407
4 0.29323 0.1287 0.01354 0.02222
2 0.3263 0.14491 0.00469 0.01389
7 0.3263 0.14907 0.00677 0.02222
4 0.30547 0.11806 0.01927 0.0213
4 0.30755 0.09815 0.02031 0.02037
4 0.31406 0.08935 0.02187 0.02315
4 0.30599 0.08102 0.01823 0.01944
4 0.30729 0.07269 0.02187 0.01759
1 0.31901 0.07454 0.00365 0.01204
5 0.31016 0.05463 0.02031 0.01852
10 0.30885 0.06157 0.00833 0.00648
4 0.31042 0.03704 0.00833 0.00926
4 0.3125 0.05046 0.02292 0.01389
4 0.31458 0.0463 0.01875 0.01481
4 0.32344 0.04074 0.01146 0.01667
4 0.31562 0.03241 0.01875 0.01481
4 0.29531 0.02315 0.01771 0.01667
0 0.30885 0.00741 0.01979 0.01296
4 0.32604 0.02222 0.00937 0.01481
4 0.33385 0.03102 0.01042 0.01759
4 0.33854 0.01065 0.00833 0.01389
4 0.33958 0.02222 0.00833 0.01481
4 0.37135 0.00648 0.00729 0.01111
4 0.37812 0.01019 0.01667 0.01296
4 0.38828 0.00463 0.01094 0.00926
4 0.39844 0.00417 0.00937 0.00833
5 0.37161 0.01759 0.01198 0.01667
4 0.37682 0.025 0.0224 0.01111
4 0.3776 0.02963 0.02083 0.01481
4 0.37292 0.03287 0.01979 0.01574
4 0.35599 0.02963 0.0099 0.01481
4 0.37448 0.03981 0.01458 0.01667
4 0.37917 0.04954 0.00937 0.01574
4 0.35156 0.06111 0.01042 0.01852
4 0.375 0.0588 0.01771 0.01574
4 0.37526 0.06759 0.0224 0.01852
4 0.3763 0.07824 0.02031 0.01759
4 0.38203 0.08472 0.01927 0.0213
4 0.3987 0.08565 0.01927 0.01759
5 0.40443 0.09306 0.02656 0.02315
10 0.4112 0.10278 0.0099 0.01481
4 0.39427 0.10324 0.01979 0.01574
4 0.39531 0.11019 0.025 0.01852
5 0.38568 0.1162 0.02448 0.02315
4 0.37474 0.12269 0.02865 0.02685
4 0.38385 0.13194 0.025 0.0213
4 0.38854 0.14306 0.02396 0.0213
4 0.38568 0.16574 0.03177 0.02593
4 0.33776 0.11343 0.01302 0.02315
1 0.38203 0.27222 0.00677 0.03148
2 0.32266 0.4787 0.0099 0.03519
10 0.32318 0.49213 0.00781 0.04167
1 0.28177 0.69907 0.0125 0.01852
4 0.4763 0.65926 0.0401 0.09815
3 0.54583 0.6963 0.03229 0.02407
3 0.54271 0.6662 0.03021 0.03611
10 0.53594 0.59306 0.03021 0.04167
1 0.5026 0.55926 0.01146 0.05
1 0.51276 0.56065 0.01094 0.04352
10 0.52031 0.48843 0.01667 0.03426
10 0.52161 0.47407 0.01406 0.03333
1 0.41641 0.49537 0.00781 0.03889
1 0.4237 0.49954 0.0099 0.03981
4 0.44115 0.48519 0.03021 0.07407
4 0.43672 0.4162 0.0276 0.06019
1 0.52057 0.40787 0.00677 0.03241
10 0.50417 0.4 0.00729 0.03148
10 0.48646 0.38657 0.01771 0.02685
10 0.50339 0.3787 0.00781 0.02778
10 0.48203 0.36528 0.01198 0.03056
10 0.4875 0.35972 0.01667 0.025
10 0.49141 0.35324 0.01094 0.02685
10 0.47448 0.32407 0.01875 0.02037
4 0.42943 0.35509 0.02552 0.04907
4 0.4026 0.33148 0.02187 0.04444
4 0.4362 0.31204 0.04635 0.05185
4 0.40729 0.2588 0.03542 0.04167
4 0.40625 0.23426 0.04167 0.02963
4 0.41198 0.2162 0.03958 0.03056
4 0.42214 0.20602 0.03906 0.02685
1 0.42057 0.18472 0.00469 0.01944
4 0.41745 0.18241 0.03177 0.02593
4 0.425 0.17361 0.02917 0.02315
4 0.41979 0.16481 0.03333 0.02407
2 0.42214 0.14861 0.00573 0.01204
1 0.41823 0.14167 0.00313 0.02037
3 0.41849 0.11898 0.01198 0.01574
1 0.41354 0.07778 0.00417 0.01296
2 0.39297 0.07361 0.00365 0.01204
2 0.4 0.07361 0.00313 0.01019
0 0.3987 0.04074 0.0099 0.01852
5 0.28151 0.01065 0.01302 0.01759
