4 0.28307 0.4787 0.04323 0.09815
4 0.19844 0.45694 0.03958 0.08981
4 0.19505 0.57269 0.04219 0.11944
4 0.57578 0.66435 0.08177 0.08796
4 0.2151 0.6838 0.04896 0.04907
4 0.4875 0.45093 0.0625 0.09259
4 0.38698 0.35694 0.03958 0.05648
4 0.34531 0.29074 0.03542 0.0463
4 0.15495 0.23009 0.0401 0.04167
4 0.20781 0.10417 0.01771 0.02315
4 0.22135 0.0713 0.01667 0.02222
4 0.3612 0.22917 0.03385 0.03981
4 0.35208 0.21528 0.0375 0.03056
1 0.57656 0.5963 0.0125 0.0463
2 0.35677 0.41111 0.01146 0.02778
10 0.35599 0.42083 0.01719 0.03611
2 0.04557 0.55741 0.01406 0.03519
10 0.0849 0.45509 0.03021 0.03241
10 0.07031 0.44306 0.02917 0.03426
10 0.29583 0.13241 0.01667 0.01852
8 0.13958 0.20046 0.03125 0.03426
4 0.13932 0.18472 0.04531 0.03056
4 0.13255 0.15926 0.03698 0.03889
4 0.12109 0.09676 0.01719 0.0287
4 0.11016 0.11481 0.03073 0.02778
4 0.14818 0.03843 0.01302 0.025
4 0.10911 0.03519 0.01094 0.02037
2 0.05365 0.27824 0.00833 0.0213
7 0.27526 0.12083 0.01406 0.02685
3 0.26693 0.08704 0.01094 0.01481
1 0.25703 0.09028 0.00365 0.0213
1 0.23594 0.06065 0.00417 0.01944
1 0.23984 0.05833 0.00365 0.01852
1 0.19974 0.05324 0.00365 0.01944
1 0.20365 0.04491 0.00313 0.01944
4 0.1987 0.02593 0.01406 0.02037
4 0.18385 0.01111 0.01042 0.01852
7 0.07526 0.38333 0.04844 0.04259
3 0.22943 0.02824 0.00885 0.01019
3 0.22422 0.01991 0.00677 0.01204
3 0.23333 0.04306 0.00937 0.01204
3 0.26094 0.07269 0.01146 0.01204
