0 0.84816 0.09477 0.06691 0.04837
11 0.17868 0.53007 0.14559 0.15556
11 0.93382 0.48431 0.13235 0.1817
11 0.96434 0.37974 0.07132 0.08497
6 0.91912 0.27059 0.13529 0.07582
4 0.91544 0.4085 0.05588 0.04575
4 0.84007 0.38366 0.04485 0.03791
4 0.85368 0.36667 0.02794 0.03529
4 0.83456 0.30196 0.01912 0.02876
4 0.74228 0.28366 0.02132 0.02876
4 0.63603 0.34706 0.04412 0.04052
6 0.58456 0.38235 0.07941 0.06667
11 0.50441 0.33595 0.05 0.04706
11 0.55294 0.31373 0.03824 0.06275
11 0.52243 0.31242 0.03456 0.06275
11 0.57868 0.29804 0.07059 0.06797
11 0.59265 0.27908 0.07647 0.06667
4 0.40699 0.36013 0.04779 0.03529
4 0.36985 0.36928 0.05147 0.04314
4 0.29926 0.33007 0.04706 0.04314
11 0.69412 0.28562 0.03676 0.06144
11 0.70956 0.26536 0.02941 0.05752
11 0.72537 0.24444 0.02574 0.05229
11 0.7375 0.22876 0.02059 0.04706
11 0.75294 0.21046 0.02647 0.04444
11 0.77426 0.18693 0.01765 0.03399
11 0.78272 0.17908 0.01397 0.03137
6 0.80882 0.23856 0.02059 0.03791
6 0.80294 0.1817 0.01912 0.04183
9 0.97757 0.23203 0.04485 0.04052
11 0.88934 0.33268 0.05809 0.09804
11 0.86213 0.17647 0.02132 0.04444
6 0.92243 0.13791 0.07721 0.02745
7 0.8614 0.21503 0.01103 0.01961
6 0.97059 0.1719 0.05882 0.03268
6 0.95184 0.16471 0.06838 0.03399
11 0.46838 0.29869 0.07353 0.08497
11 0.44412 0.2902 0.06471 0.08366
5 0.49779 0.23399 0.02941 0.04183
5 0.47757 0.24771 0.01544 0.03007
2 0.69154 0.37908 0.01103 0.03399
10 0.69191 0.38758 0.02059 0.02745
1 0.76985 0.2902 0.00588 0.02876
1 0.77647 0.29216 0.00588 0.02745
2 0.76654 0.31111 0.00515 0.02614
10 0.76728 0.3183 0.01397 0.02222
6 0.77243 0.1366 0.05074 0.02484
6 0.7364 0.14902 0.08456 0.02876
4 0.78934 0.15294 0.01691 0.01307
5 0.73088 0.18431 0.01029 0.02092
4 0.68713 0.17516 0.02132 0.01569
4 0.67022 0.16471 0.00956 0.01569
4 0.68088 0.16601 0.01618 0.01307
4 0.70478 0.16013 0.01838 0.01438
4 0.70074 0.16732 0.01029 0.01307
4 0.55993 0.26013 0.03309 0.02353
5 0.56985 0.24902 0.03235 0.02484
5 0.58125 0.23856 0.03162 0.02484
1 0.33162 0.30196 0.00735 0.02876
1 0.36691 0.25686 0.00441 0.02222
1 0.37022 0.25817 0.00368 0.01961
5 0.28787 0.27255 0.03162 0.03268
6 0.31801 0.25948 0.05515 0.03791
4 0.20699 0.25817 0.03309 0.03007
4 0.25882 0.27059 0.02794 0.02353
4 0.24154 0.26536 0.02868 0.02876
4 0.22978 0.26013 0.03015 0.02876
4 0.18713 0.25229 0.02868 0.02876
5 0.17243 0.24771 0.02868 0.03268
5 0.20662 0.21765 0.03235 0.02484
4 0.09743 0.20131 0.02574 0.02092
4 0.04228 0.21373 0.03162 0.01961
4 0.01691 0.21438 0.03088 0.02092
5 0.05993 0.21765 0.02721 0.02222
1 0.84669 0.28824 0.00515 0.02484
4 0.5625 0.21307 0.02353 0.02092
4 0.5875 0.20327 0.01618 0.02222
4 0.70515 0.18301 0.01618 0.01307
6 0.87316 0.13007 0.01103 0.01961
6 0.82721 0.13268 0.01176 0.01961
