4 0.41641 0.91898 0.11094 0.16204
0 0.60104 0.5713 0.02917 0.02407
4 0.4612 0.80509 0.0724 0.1213
4 0.47187 0.73426 0.05833 0.07963
4 0.50104 0.64769 0.05104 0.05833
1 0.55391 0.80046 0.0276 0.08241
10 0.55339 0.82778 0.03073 0.07778
1 0.66667 0.89676 0.025 0.10093
3 0.66563 0.92639 0.03229 0.10093
1 0.6125 0.76065 0.01771 0.07685
3 0.60964 0.78009 0.02135 0.0713
1 0.66276 0.7963 0.02448 0.08333
3 0.66328 0.81157 0.02448 0.06204
1 0.65365 0.73796 0.01875 0.05556
10 0.65339 0.75648 0.01823 0.05556
1 0.65625 0.69583 0.01458 0.04537
3 0.65391 0.71806 0.01823 0.03796
1 0.5638 0.68194 0.01406 0.04167
10 0.56354 0.70046 0.01771 0.05648
1 0.3599 0.76713 0.01875 0.08426
3 0.35755 0.80046 0.01927 0.06759
1 0.31771 0.75185 0.01562 0.0963
1 0.28542 0.75046 0.01979 0.09722
1 0.45937 0.65278 0.01458 0.05
3 0.46094 0.66528 0.03021 0.03426
3 0.43099 0.68009 0.01094 0.03796
1 0.43698 0.64352 0.01146 0.04259
3 0.43958 0.65509 0.02187 0.02685
1 0.46641 0.63657 0.0099 0.04352
1 0.43594 0.63241 0.01458 0.03333
3 0.43464 0.64398 0.02552 0.02315
1 0.58776 0.6412 0.01198 0.04537
10 0.58646 0.64954 0.02604 0.03056
1 0.63151 0.6463 0.01406 0.03519
10 0.62969 0.65694 0.02708 0.03241
1 0.63724 0.6375 0.01094 0.03611
10 0.63776 0.65046 0.02135 0.03241
1 0.60234 0.625 0.00781 0.03333
3 0.60339 0.63426 0.00885 0.03519
5 0.60833 0.60602 0.02187 0.04167
4 0.54818 0.6088 0.02448 0.03611
0 0.52969 0.55972 0.02708 0.03241
5 0.56458 0.59769 0.01771 0.03056
4 0.55625 0.5838 0.01458 0.0213
1 0.52917 0.5963 0.00729 0.03704
3 0.51562 0.58935 0.01354 0.01759
10 0.47448 0.59028 0.00729 0.03241
0 0.49219 0.59861 0.01354 0.04167
3 0.71276 0.84815 0.01823 0.08519
1 0.76953 0.85 0.03281 0.12778
1 0.72813 0.73981 0.01875 0.09074
5 0.38438 0.6088 0.05625 0.05278
