1 0.16985 0.29739 0.00588 0.02484
10 0.03456 0.33987 0.00735 0.01569
2 0.03456 0.33268 0.00588 0.02222
1 0.6989 0.31176 0.00515 0.02222
1 0.63676 0.30523 0.00441 0.01961
1 0.63382 0.29085 0.00294 0.01699
1 0.78309 0.26667 0.00441 0.0183
1 0.66029 0.23725 0.00294 0.01176
1 0.65699 0.23595 0.00368 0.00915
1 0.61176 0.29412 0.00294 0.0183
1 0.57868 0.28954 0.00294 0.01961
1 0.56838 0.29739 0.00441 0.01699
1 0.59081 0.29085 0.00368 0.01699
1 0.59228 0.29085 0.00368 0.01699
1 0.77353 0.26144 0.00441 0.01569
1 0.77794 0.26078 0.00441 0.01438
4 0.72243 0.22941 0.01838 0.01176
4 0.68713 0.22222 0.01691 0.01046
9 0.86691 0.21699 0.02794 0.0183
9 0.66765 0.19869 0.03088 0.01569
9 0.66213 0.19542 0.03162 0.01699
9 0.65662 0.19739 0.03088 0.01569
9 0.64632 0.19346 0.03088 0.01569
9 0.6364 0.1915 0.03162 0.01699
9 0.62868 0.19216 0.03088 0.01569
9 0.62316 0.18758 0.03162 0.01699
9 0.7375 0.19804 0.03088 0.01699
9 0.71875 0.19477 0.03162 0.01569
9 0.71213 0.19346 0.03162 0.01569
9 0.70294 0.19281 0.03088 0.01699
9 0.69412 0.19216 0.03088 0.01569
9 0.6864 0.18954 0.03162 0.01569
9 0.67684 0.19935 0.03162 0.01699
9 0.85147 0.21373 0.025 0.01699
9 0.84044 0.21242 0.025 0.01699
9 0.83088 0.2098 0.025 0.01699
9 0.81691 0.2085 0.02059 0.01699
4 0.81985 0.25752 0.01912 0.01046
4 0.88272 0.28954 0.01691 0.01438
5 0.83824 0.26601 0.02059 0.01699
5 0.85735 0.27255 0.01029 0.01961
5 0.87463 0.27255 0.01985 0.01699
5 0.87794 0.27712 0.02059 0.01569
0 0.77647 0.19281 0.03971 0.01961
9 0.80551 0.20784 0.01544 0.0183
0 0.92868 0.20196 0.08971 0.01176
0 0.84338 0.1902 0.08971 0.01176
1 0.9136 0.33072 0.00662 0.02614
1 0.64449 0.23595 0.00368 0.01176
1 0.96544 0.33725 0.00588 0.02353
1 0.9239 0.29869 0.00515 0.01699
1 0.91949 0.29739 0.00515 0.01699
1 0.91029 0.28431 0.00441 0.01699
1 0.9011 0.28431 0.00515 0.01699
1 0.91875 0.26471 0.00368 0.01176
1 0.92463 0.26275 0.00368 0.0183
1 0.96544 0.26405 0.00294 0.01307
1 0.97059 0.2634 0.00441 0.01438
0 0.63419 0.23399 0.0125 0.01569
4 0.93162 0.24641 0.01324 0.00915
4 0.91544 0.24575 0.01324 0.01046
