4 0.32839 0.1963 0.00573 0.01296
4 0.33516 0.19213 0.00365 0.01019
4 0.40573 0.1287 0.00417 0.00926
4 0.42552 0.18843 0.00833 0.01574
4 0.43698 0.20509 0.00729 0.01574
6 0.32552 0.17315 0.00729 0.02593
6 0.33698 0.30463 0.01042 0.05556
6 0.34687 0.31852 0.00937 0.02593
6 0.35833 0.2875 0.00937 0.04167
6 0.36458 0.34491 0.01146 0.03981
6 0.36823 0.39815 0.01458 0.07222
6 0.45911 0.28935 0.0099 0.025
4 0.32891 0.21713 0.00573 0.01389
4 0.33594 0.20833 0.00521 0.01481
4 0.33333 0.23194 0.00417 0.01759
4 0.33385 0.25556 0.00521 0.01481
4 0.34167 0.22176 0.00521 0.01759
4 0.34193 0.23981 0.00573 0.01296
4 0.34714 0.26157 0.00573 0.0213
4 0.34531 0.28009 0.00625 0.01389
4 0.34818 0.3 0.00469 0.01852
4 0.34401 0.34259 0.00365 0.01296
4 0.34453 0.36065 0.00677 0.01759
4 0.35339 0.35046 0.00573 0.0213
4 0.35313 0.37269 0.00625 0.01944
4 0.35599 0.39769 0.00573 0.02315
4 0.34818 0.40602 0.00677 0.02315
4 0.35547 0.42315 0.00677 0.02407
4 0.35521 0.45787 0.00937 0.025
4 0.39375 0.6838 0.01354 0.03241
4 0.24583 0.63889 0.01875 0.02963
4 0.49974 0.68194 0.01198 0.03056
4 0.56328 0.54352 0.01302 0.02963
4 0.54844 0.48935 0.0125 0.02315
4 0.52318 0.45972 0.01094 0.0287
4 0.37917 0.20417 0.00625 0.01389
4 0.34193 0.1662 0.00573 0.01389
4 0.37526 0.15972 0.00573 0.01204
4 0.36719 0.51019 0.00729 0.02593
4 0.37656 0.50231 0.01042 0.025
4 0.3862 0.52176 0.0099 0.02685
1 0.38333 0.50417 0.00417 0.01019
9 0.38047 0.57361 0.03073 0.0713
4 0.35573 0.31667 0.00625 0.02037
4 0.33568 0.17454 0.00781 0.01574
4 0.33177 0.16204 0.00729 0.01296
4 0.32422 0.15556 0.00573 0.01296
4 0.33021 0.14907 0.00625 0.00926
4 0.32865 0.13704 0.00625 0.01111
4 0.32109 0.1412 0.00573 0.01204
4 0.32682 0.12222 0.00573 0.01667
4 0.33229 0.10926 0.00729 0.01296
4 0.31719 0.11713 0.00625 0.01019
4 0.31927 0.10417 0.00521 0.01204
4 0.32422 0.09074 0.00469 0.00926
4 0.3138 0.09537 0.00573 0.01111
4 0.31536 0.08287 0.00469 0.01019
4 0.32188 0.07778 0.00521 0.01111
4 0.31562 0.06204 0.00417 0.00926
4 0.31458 0.07269 0.00417 0.00833
4 0.31146 0.04676 0.00521 0.01204
4 0.31615 0.04352 0.00521 0.00926
4 0.30781 0.03426 0.00417 0.00926
4 0.31432 0.03287 0.00469 0.01019
4 0.33906 0.01157 0.00625 0.00833
4 0.32786 0.11389 0.00469 0.00926
4 0.30599 0.02361 0.00365 0.00833
4 0.31224 0.02315 0.00469 0.00926
4 0.31771 0.0125 0.00417 0.00833
4 0.31224 0.01019 0.00469 0.00926
4 0.30755 0.0037 0.00469 0.00741
