4 0.11397 0.91176 0.10735 0.17647
4 0.35478 0.9183 0.09338 0.1634
4 0.49412 0.93399 0.10441 0.13203
4 0.6364 0.93791 0.10368 0.12418
4 0.93272 0.91765 0.13456 0.16209
1 0.05478 0.69412 0.03015 0.09935
1 0.05882 0.63856 0.025 0.0902
2 0.42426 0.50588 0.01471 0.0732
2 0.42904 0.47843 0.01397 0.07059
1 0.48676 0.55098 0.02059 0.07451
1 0.49779 0.53333 0.01029 0.07582
1 0.47279 0.41373 0.01176 0.06144
2 0.4261 0.3634 0.01544 0.06013
2 0.44007 0.34967 0.01691 0.05359
2 0.44779 0.34183 0.01471 0.05359
1 0.95404 0.4549 0.02132 0.06797
1 0.97831 0.45752 0.02132 0.06536
1 0.90699 0.2 0.01103 0.03922
1 0.94375 0.18693 0.01103 0.03922
1 0.79779 0.14706 0.01029 0.04314
2 0.7864 0.14183 0.00809 0.03268
10 0.7864 0.14902 0.01103 0.02353
2 0.93199 0.18105 0.0125 0.03529
2 0.92721 0.19085 0.00882 0.03922
2 0.56985 0.04771 0.00735 0.02222
1 0.55956 0.06013 0.00588 0.03137
1 0.4625 0.04379 0.00588 0.02745
1 0.38456 0.05359 0.00588 0.02876
2 0.24301 0.02549 0.00662 0.02745
2 0.1511 0.02157 0.00662 0.02484
2 0.15368 0.0183 0.00588 0.02353
1 0.14118 0.02876 0.00735 0.02614
1 0.0489 0.04444 0.00809 0.03137
2 0.06765 0.03856 0.00735 0.01699
0 0.87353 0.03529 0.14706 0.06536
