4 0.10037 0.87712 0.10368 0.16471
4 0.51618 0.79085 0.05441 0.15425
4 0.50147 0.95686 0.06176 0.08627
4 0.82757 0.62353 0.07721 0.13072
4 0.38897 0.10458 0.01618 0.02353
9 0.28529 0.33922 0.075 0.15817
9 0.37132 0.25621 0.05 0.11765
4 0.71691 0.22941 0.05735 0.03529
4 0.7114 0.19869 0.05515 0.0366
4 0.69706 0.16993 0.05294 0.04183
10 0.80625 0.33333 0.0375 0.0366
1 0.75956 0.31961 0.01029 0.04575
1 0.76838 0.31438 0.00882 0.03268
6 0.37868 0.4085 0.11176 0.09542
4 0.04081 0.23072 0.06544 0.03268
4 0.0511 0.2085 0.06103 0.03007
4 0.14963 0.12418 0.04779 0.02876
4 0.15625 0.10915 0.04926 0.02745
0 0.27132 0.02549 0.05735 0.04837
0 0.21801 0.05098 0.04632 0.04967
