10 0.12109 0.38519 0.01615 0.02593
10 0.3237 0.43148 0.0151 0.0463
3 0.37474 0.52407 0.0151 0.04444
6 0.22396 0.37037 0.12917 0.11852
5 0.29453 0.36944 0.05781 0.06481
4 0.4026 0.36991 0.06354 0.05278
4 0.50234 0.36157 0.0599 0.04722
4 0.34297 0.30509 0.05156 0.03981
3 0.28906 0.26991 0.01771 0.025
3 0.24297 0.26296 0.01823 0.02037
3 0.20391 0.25648 0.0151 0.01852
3 0.32578 0.24769 0.0099 0.02315
3 0.36615 0.2713 0.01146 0.02593
1 0.43698 0.28194 0.00937 0.03426
3 0.4474 0.20463 0.00729 0.02222
4 0.54089 0.12176 0.01719 0.025
4 0.50859 0.14815 0.01823 0.03148
4 0.57161 0.19444 0.0224 0.03148
4 0.60078 0.24583 0.0276 0.04167
4 0.56432 0.10556 0.0151 0.02407
4 0.50443 0.10046 0.01406 0.0213
4 0.5151 0.0713 0.0125 0.01667
4 0.52786 0.09167 0.01302 0.01667
4 0.54271 0.08565 0.01354 0.01759
0 0.65859 0.02407 0.0974 0.04815
4 0.49297 0.04907 0.0099 0.01481
5 0.5901 0.47083 0.04479 0.10093
3 0.10182 0.24213 0.0151 0.02315
2 0.50156 0.20185 0.00729 0.01852
3 0.50234 0.21111 0.00781 0.01667
0 0.45339 0.16898 0.01094 0.04537
9 0.47786 0.16574 0.02656 0.07593
5 0.4599 0.11852 0.01458 0.04074
1 0.59557 0.10556 0.00573 0.02222
4 0.52474 0.05324 0.01198 0.01389
4 0.48125 0.01806 0.00833 0.01389
6 0.50703 0.04074 0.01302 0.02778
6 0.48047 0.05463 0.01198 0.02222
4 0.47187 0.04352 0.00833 0.01296
4 0.47057 0.03333 0.00781 0.01296
4 0.52891 0.04907 0.00781 0.01296
4 0.51745 0.03519 0.00781 0.01296
4 0.46432 0.00833 0.01406 0.01667
1 0.25833 0.44491 0.00937 0.04167
1 0.27917 0.43009 0.00937 0.04167
1 0.28776 0.45972 0.01094 0.04537
1 0.29844 0.45741 0.01042 0.04444
1 0.29193 0.45139 0.00885 0.04167
1 0.33281 0.44167 0.01042 0.04444
1 0.42083 0.50417 0.01146 0.04907
1 0.41406 0.4963 0.01042 0.04815
11 0.35234 0.54074 0.1099 0.12037
4 0.56693 0.05046 0.0224 0.01389
10 0.61615 0.67593 0.025 0.05185
2 0.61693 0.66667 0.01719 0.04815
