4 0.47969 0.68333 0.03021 0.05
5 0.46667 0.63472 0.02813 0.05648
4 0.43932 0.56296 0.02135 0.03148
4 0.35625 0.57593 0.01979 0.0463
4 0.47448 0.49861 0.01875 0.03056
5 0.46823 0.47454 0.01354 0.0287
6 0.38307 0.50231 0.01615 0.03241
4 0.31302 0.51852 0.01667 0.03333
4 0.34922 0.46991 0.01302 0.025
4 0.31406 0.49028 0.01458 0.02685
4 0.32109 0.44398 0.0151 0.02315
10 0.34036 0.44815 0.00469 0.01481
2 0.34063 0.44352 0.00521 0.01296
10 0.32552 0.41065 0.00417 0.01389
10 0.35313 0.41713 0.00521 0.01389
10 0.35156 0.38148 0.00521 0.01111
10 0.3638 0.38241 0.00573 0.00926
10 0.37891 0.39306 0.00469 0.01204
10 0.37057 0.38287 0.00469 0.01204
10 0.36797 0.37824 0.00573 0.00833
10 0.37604 0.375 0.00625 0.00741
10 0.39661 0.36852 0.00781 0.01111
2 0.32526 0.40509 0.00469 0.00833
2 0.35286 0.41204 0.00573 0.01111
2 0.35156 0.37731 0.00521 0.01019
2 0.36432 0.37963 0.00469 0.00741
2 0.36771 0.37454 0.00417 0.01019
2 0.37031 0.38056 0.00417 0.00926
2 0.37839 0.38843 0.00469 0.00833
2 0.37578 0.36944 0.00469 0.01111
2 0.39661 0.36481 0.00365 0.00926
4 0.37344 0.35787 0.01562 0.01389
2 0.37578 0.35046 0.00365 0.01019
4 0.33698 0.39907 0.0125 0.01852
1 0.43906 0.42454 0.00417 0.01389
5 0.49922 0.41481 0.01406 0.01852
5 0.49245 0.39398 0.01302 0.01759
4 0.47135 0.39444 0.01354 0.01667
1 0.5013 0.39861 0.00573 0.01389
4 0.50729 0.39398 0.0125 0.01389
4 0.48047 0.38287 0.02031 0.01574
1 0.44141 0.38981 0.00365 0.01481
4 0.43906 0.35926 0.01771 0.01296
4 0.44792 0.35741 0.0125 0.01111
4 0.46693 0.36343 0.01719 0.01204
4 0.46901 0.35972 0.01823 0.01019
4 0.49505 0.36528 0.02031 0.01204
5 0.49141 0.35926 0.01927 0.01481
4 0.4974 0.33657 0.0125 0.01204
9 0.47292 0.33935 0.02083 0.01574
4 0.43047 0.33889 0.0151 0.01111
4 0.43906 0.325 0.01458 0.01111
4 0.43464 0.32315 0.01198 0.01111
4 0.41589 0.3338 0.0151 0.01204
4 0.4138 0.33056 0.01406 0.01111
4 0.2151 0.68704 0.02917 0.04259
4 0.22318 0.64352 0.02552 0.05
4 0.23359 0.58935 0.02031 0.03611
10 0.2401 0.56852 0.01458 0.01852
4 0.25781 0.52083 0.02708 0.0287
5 0.27448 0.46343 0.01354 0.02685
4 0.25417 0.4412 0.02396 0.01944
4 0.25599 0.43009 0.0276 0.01944
4 0.25755 0.41991 0.0276 0.01759
4 0.26224 0.41389 0.02552 0.01667
4 0.26745 0.40556 0.0151 0.01481
4 0.25755 0.39491 0.0224 0.01759
5 0.2474 0.38426 0.02292 0.02407
5 0.25234 0.38333 0.01719 0.02037
3 0.19557 0.60139 0.01302 0.02315
2 0.1362 0.65231 0.01094 0.025
0 0.1388 0.62361 0.01719 0.03241
1 0.16146 0.625 0.00729 0.02593
10 0.17578 0.60602 0.01719 0.0287
6 0.23828 0.35463 0.02135 0.02037
9 0.24036 0.33889 0.02865 0.02222
4 0.32188 0.31204 0.00625 0.01111
4 0.29245 0.37963 0.01719 0.01481
3 0.27578 0.37315 0.00677 0.01111
2 0.27552 0.36944 0.00313 0.01296
1 0.30365 0.3412 0.00417 0.01389
5 0.38854 0.31343 0.01042 0.01019
4 0.34505 0.2787 0.00573 0.00926
4 0.34844 0.26343 0.00417 0.00833
4 0.37734 0.3037 0.00885 0.01111
4 0.3737 0.29213 0.0099 0.00833
0 0.36458 0.25741 0.02813 0.05926
0 0.32135 0.26528 0.03229 0.0713
6 0.34297 0.24537 0.00781 0.01111
