4 0.04505 0.45787 0.08281 0.0713
4 0.14219 0.40972 0.04167 0.05833
1 0.15729 0.40972 0.00937 0.03796
1 0.10911 0.4037 0.00885 0.03889
0 0.0901 0.39491 0.03021 0.04537
1 0.08125 0.33889 0.00833 0.02778
1 0.00599 0.68009 0.01094 0.05093
4 0.17161 0.29398 0.0349 0.03241
4 0.2776 0.18657 0.01146 0.01759
1 0.27292 0.17454 0.00208 0.01389
4 0.28594 0.17222 0.0125 0.01852
4 0.29844 0.15278 0.00937 0.01481
4 0.27656 0.16019 0.01667 0.01667
4 0.29063 0.14907 0.00937 0.01296
4 0.31146 0.12778 0.00625 0.00926
4 0.31901 0.12824 0.00677 0.01019
4 0.31849 0.11898 0.00573 0.00833
4 0.32292 0.11296 0.00521 0.00926
4 0.33125 0.09954 0.00521 0.00648
5 0.3349 0.09306 0.00417 0.00648
0 0.36719 0.06019 0.02396 0.04074
0 0.39401 0.08009 0.01302 0.02685
0 0.40911 0.1088 0.0099 0.0287
1 0.40208 0.11157 0.00208 0.01019
1 0.41484 0.1338 0.01094 0.01759
1 0.41641 0.14954 0.0026 0.01204
5 0.43776 0.18148 0.00885 0.01667
5 0.43802 0.17593 0.01458 0.01667
0 0.42865 0.1662 0.00729 0.0287
2 0.42135 0.16343 0.00208 0.01019
3 0.42109 0.16806 0.0026 0.00833
4 0.44062 0.1963 0.01562 0.01852
4 0.44635 0.21481 0.01354 0.01852
4 0.45703 0.22037 0.01719 0.02037
1 0.45208 0.225 0.00313 0.01852
2 0.4349 0.21574 0.00417 0.01481
10 0.4349 0.21944 0.00417 0.01111
4 0.4849 0.28009 0.03229 0.02315
4 0.48333 0.3 0.02187 0.02778
1 0.53854 0.31667 0.00417 0.02593
2 0.54401 0.31481 0.00573 0.02778
3 0.54583 0.31944 0.00833 0.01667
10 0.5224 0.31296 0.01562 0.01667
10 0.53229 0.27824 0.00833 0.01574
4 0.51693 0.34815 0.04531 0.02963
4 0.50964 0.37685 0.03073 0.03889
4 0.53828 0.42037 0.03802 0.06481
4 0.56458 0.47778 0.04479 0.07593
4 0.64245 0.48519 0.06302 0.05
4 0.62526 0.45694 0.07135 0.03981
4 0.66406 0.67917 0.06458 0.05833
4 0.44297 0.45694 0.02969 0.05278
5 0.35885 0.4713 0.02917 0.07778
5 0.38359 0.33426 0.04219 0.0463
1 0.43984 0.37269 0.00573 0.03241
1 0.43776 0.36713 0.00573 0.03056
4 0.30443 0.29259 0.01927 0.03333
5 0.33229 0.27454 0.01562 0.03981
10 0.30182 0.23102 0.00469 0.01389
2 0.30156 0.22685 0.00417 0.01481
1 0.30807 0.21713 0.00573 0.01944
10 0.30938 0.21944 0.00313 0.01481
4 0.3651 0.24537 0.01562 0.02407
4 0.39219 0.24537 0.01458 0.02222
4 0.40443 0.21991 0.01198 0.01944
4 0.39687 0.18565 0.01146 0.01574
4 0.36849 0.19352 0.01094 0.01667
5 0.34766 0.17361 0.0099 0.0213
4 0.33047 0.15602 0.00885 0.01389
4 0.36953 0.17731 0.00885 0.01389
4 0.37083 0.1662 0.00937 0.01574
4 0.37161 0.15509 0.00781 0.01204
4 0.35078 0.15139 0.00885 0.01389
4 0.33307 0.14861 0.00885 0.01574
4 0.33776 0.13611 0.01302 0.00926
4 0.35026 0.13565 0.00677 0.01019
4 0.35521 0.14398 0.00729 0.01204
4 0.36979 0.1463 0.00833 0.01111
4 0.37135 0.13565 0.00729 0.01019
1 0.3625 0.1463 0.00208 0.01296
2 0.38802 0.17685 0.00313 0.01111
3 0.38802 0.18194 0.00313 0.00833
4 0.39505 0.16296 0.00885 0.01667
2 0.38229 0.14259 0.00208 0.00741
3 0.38203 0.14676 0.00156 0.00648
2 0.37969 0.13611 0.00208 0.00741
3 0.37943 0.14028 0.00156 0.00648
4 0.40078 0.15185 0.01823 0.01111
4 0.39167 0.14676 0.00833 0.01019
4 0.3888 0.1375 0.00677 0.01019
4 0.37031 0.11944 0.00625 0.01111
4 0.35547 0.11944 0.00573 0.00741
4 0.35833 0.11111 0.00521 0.01111
2 0.34271 0.11574 0.00208 0.00556
3 0.34297 0.11898 0.0026 0.00463
4 0.34661 0.1088 0.00573 0.00833
10 0.35208 0.11019 0.00208 0.00556
2 0.35234 0.10787 0.0026 0.00648
4 0.35807 0.09491 0.00469 0.00833
4 0.37214 0.10046 0.00469 0.00648
0 0.36823 0.08889 0.03229 0.01111
4 0.68984 0.54074 0.03698 0.0537
7 0.11146 0.3463 0.01771 0.02593
1 0.52734 0.2838 0.00469 0.025
10 0.45339 0.19583 0.00885 0.01019
4 0.38516 0.10556 0.00573 0.00741
2 0.38099 0.10741 0.00156 0.00556
10 0.38073 0.10972 0.00208 0.00463
