4 0.15404 0.93856 0.02132 0.0732
4 0.07757 0.86667 0.04191 0.03399
4 0.09375 0.8268 0.04044 0.03268
4 0.12647 0.79869 0.04412 0.03137
4 0.33051 0.92484 0.01985 0.0719
4 0.33272 0.69869 0.01691 0.06405
4 0.33456 0.6183 0.01471 0.04706
1 0.31765 0.66144 0.00588 0.01307
4 0.37353 0.65033 0.01471 0.06667
4 0.37243 0.56667 0.01691 0.06667
1 0.33419 0.56536 0.00809 0.01176
1 0.38676 0.8183 0.00882 0.02092
4 0.18934 0.54837 0.03603 0.02745
4 0.22096 0.45294 0.01985 0.06405
4 0.3011 0.40588 0.01838 0.06144
1 0.26654 0.4366 0.00662 0.0183
4 0.04559 0.54444 0.03676 0.03268
4 0.04412 0.45621 0.03088 0.02614
4 0.08015 0.38235 0.02059 0.06667
1 0.06029 0.40392 0.00735 0.00784
1 0.03787 0.41699 0.00809 0.00784
1 0.03603 0.41046 0.00882 0.00784
1 0.0386 0.40065 0.00956 0.00915
1 0.04081 0.3915 0.00956 0.00915
1 0.0489 0.39542 0.00809 0.00915
6 0.14669 0.33203 0.01691 0.04444
4 0.44596 0.9098 0.01838 0.07059
5 0.54301 0.97386 0.01397 0.05229
4 0.51213 0.81242 0.01691 0.0719
4 0.53824 0.79477 0.01765 0.06797
4 0.45184 0.76928 0.01691 0.06667
4 0.48088 0.73137 0.01618 0.06405
10 0.43235 0.81961 0.00882 0.02614
2 0.43235 0.82157 0.00882 0.01438
4 0.61875 0.66275 0.01838 0.06797
4 0.45 0.65621 0.01618 0.06797
4 0.48162 0.56863 0.01765 0.06797
10 0.55699 0.62549 0.00662 0.02222
2 0.55699 0.62745 0.00662 0.01569
5 0.625 0.55229 0.02794 0.05098
4 0.62721 0.4902 0.03529 0.05752
4 0.5364 0.49412 0.01544 0.06013
4 0.47684 0.42026 0.01838 0.06667
4 0.44706 0.40784 0.01765 0.0732
4 0.37426 0.40784 0.01912 0.06536
4 0.47831 0.29608 0.01838 0.06928
4 0.37316 0.27124 0.01397 0.05882
4 0.48051 0.20065 0.01544 0.06144
4 0.44743 0.15163 0.01397 0.06536
4 0.33272 0.06601 0.02132 0.06144
4 0.37316 0.03529 0.01544 0.06275
4 0.47059 0.04771 0.01765 0.06405
4 0.53787 0.04444 0.01544 0.06013
4 0.50956 0.02222 0.01471 0.04444
1 0.32647 0.19085 0.00441 0.01569
1 0.38824 0.0634 0.00588 0.01699
1 0.38235 0.06078 0.00441 0.01438
1 0.60882 0.01634 0.00588 0.03007
10 0.61507 0.03268 0.00515 0.03137
2 0.61507 0.03203 0.00515 0.01961
4 0.77096 0.93268 0.03603 0.03007
4 0.65846 0.87059 0.03162 0.06013
4 0.71324 0.79673 0.03824 0.03268
4 0.77537 0.80915 0.04044 0.03399
5 0.93713 0.79608 0.03456 0.03137
4 0.93676 0.75686 0.03971 0.03137
4 0.93934 0.71634 0.03897 0.03399
5 0.94706 0.68235 0.03382 0.02876
4 0.82353 0.64706 0.04118 0.03137
4 0.82132 0.60654 0.04265 0.02876
5 0.82574 0.57386 0.03235 0.02353
4 0.94596 0.56275 0.03897 0.03007
4 0.83015 0.53333 0.03235 0.03922
5 0.83162 0.49412 0.03088 0.02614
4 0.87941 0.47124 0.01912 0.06667
4 0.93934 0.48758 0.03897 0.0366
4 0.94007 0.44902 0.0375 0.03268
4 0.96544 0.13595 0.02353 0.07059
4 0.94118 0.1451 0.03382 0.06275
