0 0.51849 0.30324 0.06094 0.16019
0 0.83073 0.37639 0.13333 0.12315
0 0.9349 0.53935 0.06563 0.0787
0 0.45885 0.43056 0.03958 0.07593
0 0.62422 0.38102 0.0276 0.04722
7 0.80677 0.81528 0.03229 0.06019
4 0.65391 0.97685 0.04635 0.0463
4 0.64453 0.91667 0.04219 0.08704
1 0.89401 0.67685 0.00885 0.04444
1 0.92578 0.71065 0.01094 0.04352
1 0.91224 0.73241 0.01094 0.03889
1 0.91563 0.71157 0.00937 0.04722
7 0.81849 0.66481 0.0474 0.04074
1 0.81328 0.63194 0.00885 0.03796
8 0.82708 0.6213 0.02187 0.0537
10 0.86745 0.58194 0.0151 0.01944
1 0.90938 0.60231 0.00729 0.03796
1 0.92969 0.63009 0.00937 0.0287
1 0.93255 0.62685 0.00677 0.03519
1 0.92656 0.61481 0.0125 0.02778
1 0.94375 0.61296 0.00729 0.02778
1 0.93594 0.6037 0.00937 0.03148
10 0.94401 0.60602 0.00885 0.025
2 0.9474 0.60417 0.00521 0.02315
2 0.94531 0.6 0.00729 0.02963
10 0.95937 0.60648 0.0125 0.02963
2 0.95833 0.60417 0.01146 0.0287
2 0.88516 0.60231 0.00573 0.01944
2 0.87917 0.60278 0.00417 0.01667
8 0.58776 0.92778 0.01094 0.05556
1 0.58672 0.91574 0.01406 0.04259
10 0.57943 0.80139 0.01198 0.03981
2 0.57917 0.7963 0.00729 0.03148
2 0.57969 0.78935 0.01042 0.04537
2 0.57943 0.79028 0.01406 0.04167
4 0.54063 0.74259 0.03229 0.08333
4 0.50208 0.64954 0.02604 0.06019
4 0.4625 0.57083 0.02083 0.04537
10 0.4737 0.6162 0.01094 0.02685
2 0.47266 0.61019 0.00781 0.02963
1 0.48255 0.42685 0.00469 0.02407
10 0.46667 0.53287 0.01146 0.0213
2 0.46719 0.5287 0.00729 0.02963
10 0.5599 0.65648 0.00833 0.03148
2 0.56094 0.64676 0.00833 0.03241
3 0.48724 0.43565 0.00365 0.01759
2 0.4875 0.43056 0.00417 0.02037
4 0.56797 0.5287 0.01823 0.03333
4 0.55 0.42269 0.01562 0.0287
4 0.54193 0.41019 0.01927 0.02407
10 0.49818 0.41759 0.00781 0.01852
2 0.49792 0.41157 0.00625 0.01944
2 0.52474 0.40741 0.00469 0.01667
10 0.52474 0.4125 0.00469 0.01759
10 0.5151 0.41528 0.00625 0.01574
2 0.5151 0.41111 0.00625 0.01667
10 0.49375 0.47315 0.00521 0.02037
2 0.49401 0.46667 0.00469 0.01852
2 0.50156 0.43472 0.00625 0.01944
10 0.50208 0.43981 0.00521 0.01852
10 0.50964 0.42407 0.00677 0.01481
2 0.51016 0.41944 0.00573 0.01852
10 0.52682 0.44352 0.00573 0.01852
2 0.52734 0.4375 0.00469 0.01759
3 0.53203 0.50602 0.00573 0.02315
2 0.53255 0.49861 0.00573 0.02315
10 0.54479 0.50509 0.00521 0.02315
2 0.54505 0.49954 0.00573 0.0213
10 0.53828 0.49028 0.00781 0.0213
2 0.53906 0.4838 0.00521 0.0213
10 0.49089 0.51713 0.01094 0.0287
2 0.49193 0.51343 0.00781 0.02315
2 0.49036 0.51019 0.00781 0.02222
2 0.48047 0.52917 0.00469 0.0213
10 0.48047 0.53704 0.00365 0.01852
10 0.54297 0.56759 0.01406 0.02778
2 0.54453 0.56157 0.00781 0.02315
10 0.49505 0.59074 0.00781 0.02593
2 0.4974 0.58519 0.01042 0.03148
2 0.49349 0.58333 0.00885 0.03333
10 0.49609 0.56898 0.00885 0.02315
2 0.49714 0.56157 0.00677 0.025
10 0.48438 0.55324 0.00729 0.02685
2 0.48438 0.54815 0.00521 0.02593
10 0.55 0.61713 0.01146 0.03426
2 0.5513 0.61991 0.00469 0.01759
2 0.55052 0.61296 0.00729 0.02778
2 0.55026 0.61157 0.0099 0.03056
