0 0.16066 0.03333 0.05221 0.06667
0 0.01324 0.03725 0.025 0.07451
4 0.87757 0.28693 0.05662 0.04837
4 0.82684 0.29346 0.06838 0.05098
4 0.67978 0.32484 0.06691 0.04837
4 0.76544 0.33987 0.06471 0.04706
4 0.84926 0.34706 0.06324 0.04837
1 0.76066 0.36405 0.00956 0.04575
4 0.7625 0.3915 0.07353 0.06144
1 0.65882 0.3817 0.01176 0.04706
10 0.67794 0.35359 0.01471 0.03268
4 0.67721 0.41438 0.07206 0.06013
4 0.6375 0.63922 0.10147 0.09673
4 0.85037 0.48758 0.08015 0.06797
4 0.79522 0.5366 0.06985 0.11634
10 0.78309 0.57516 0.025 0.04967
4 0.70625 0.54183 0.08897 0.07451
10 0.68713 0.52549 0.02721 0.04706
5 0.59228 0.43007 0.06985 0.07843
1 0.53051 0.62092 0.01103 0.06797
4 0.46176 0.46601 0.09118 0.06928
9 0.43235 0.53595 0.17206 0.15425
3 0.73456 0.9634 0.01765 0.07059
1 0.69191 0.86013 0.02647 0.07843
7 0.71728 0.8719 0.06838 0.08889
7 0.46103 0.88235 0.04706 0.0549
3 0.40074 0.86797 0.04265 0.06275
10 0.39522 0.85752 0.03897 0.0732
1 0.28787 0.8451 0.01544 0.0719
7 0.34853 0.75163 0.05882 0.10458
10 0.33088 0.66601 0.03824 0.04837
2 0.32904 0.64967 0.02132 0.04967
2 0.25735 0.41242 0.01471 0.02484
1 0.27574 0.4085 0.00882 0.04575
1 0.27904 0.40327 0.00662 0.04575
10 0.23603 0.53464 0.03088 0.04183
2 0.23566 0.5268 0.01544 0.05752
4 0.13713 0.59935 0.10956 0.08758
4 0.02132 0.50261 0.04265 0.08497
10 0.02647 0.44641 0.01765 0.04314
2 0.02647 0.43529 0.01471 0.04967
10 0.05147 0.63987 0.02941 0.04575
2 0.0511 0.62614 0.01985 0.0549
2 0.04118 0.6268 0.01471 0.05098
10 0.2989 0.49804 0.03309 0.03922
2 0.29816 0.4915 0.01544 0.05229
10 0.27721 0.4902 0.03676 0.0366
2 0.2886 0.47386 0.00956 0.04314
2 0.28309 0.48105 0.00735 0.0366
2 0.2761 0.48366 0.01397 0.06013
1 0.08346 0.31046 0.01544 0.04314
1 0.09963 0.31242 0.01103 0.04444
10 0.12353 0.44118 0.02794 0.03529
2 0.12279 0.43791 0.01324 0.04967
10 0.06213 0.37124 0.01397 0.03399
2 0.05993 0.36601 0.01103 0.04183
1 0.1864 0.12484 0.00662 0.02484
1 0.20368 0.15686 0.00735 0.03137
1 0.20956 0.15359 0.00588 0.03529
4 0.04081 0.29477 0.03309 0.05359
10 0.00404 0.32222 0.00809 0.03268
2 0.00294 0.30784 0.00588 0.03529
4 0.07169 0.22941 0.02868 0.04052
4 0.0114 0.18954 0.02279 0.04183
1 0.09338 0.19935 0.00735 0.04052
1 0.10551 0.21046 0.00662 0.03399
1 0.11066 0.21307 0.00515 0.02876
1 0.13493 0.20654 0.00662 0.03399
7 0.12022 0.31242 0.01691 0.04706
2 0.11765 0.30654 0.01029 0.04052
1 0.1614 0.21503 0.00809 0.04052
1 0.16838 0.21373 0.00882 0.03791
10 0.00441 0.1183 0.00882 0.02222
2 0.00441 0.11307 0.00735 0.01961
4 0.02132 0.12157 0.02353 0.03399
4 0.03015 0.09542 0.02059 0.02876
5 0.03787 0.06732 0.01985 0.04314
0 0.175 0.13987 0.01471 0.03922
10 0.18529 0.17516 0.01912 0.02092
10 0.18382 0.15948 0.01471 0.02353
1 0.18309 0.20784 0.00441 0.03137
4 0.05074 0.0366 0.01618 0.02353
4 0.07353 0.14771 0.02353 0.0366
4 0.10331 0.14314 0.01838 0.03268
4 0.09228 0.11895 0.02426 0.02614
4 0.06912 0.09085 0.02059 0.02484
4 0.07206 0.07255 0.01765 0.02484
4 0.07206 0.05882 0.01765 0.02353
4 0.06838 0.11046 0.02206 0.03529
5 0.09853 0.06209 0.01471 0.03007
9 0.08529 0.03268 0.02794 0.04706
1 0.11213 0.05098 0.00368 0.02092
1 0.11397 0.05294 0.00441 0.01699
4 0.12169 0.04118 0.01544 0.02484
1 0.11801 0.03072 0.00515 0.02484
4 0.15735 0.14967 0.03824 0.03268
