0 0.4651 0.20278 0.06146 0.09259
0 0.51276 0.26157 0.01823 0.03426
0 0.52943 0.33472 0.04635 0.08056
0 0.62839 0.68426 0.04115 0.06296
4 0.47891 0.86111 0.0401 0.10741
6 0.55547 0.87222 0.06406 0.23704
1 0.61693 0.86065 0.0151 0.05278
1 0.61875 0.88935 0.00937 0.04167
1 0.59062 0.67083 0.00937 0.025
1 0.5901 0.68009 0.00937 0.03056
1 0.52995 0.6 0.00781 0.03148
1 0.52422 0.59583 0.01094 0.02685
10 0.52812 0.60741 0.02813 0.02963
1 0.49688 0.57593 0.00937 0.02222
3 0.4974 0.58935 0.0125 0.025
1 0.47057 0.4875 0.00885 0.03426
1 0.45417 0.48287 0.00729 0.0287
1 0.3974 0.48287 0.01146 0.03056
1 0.39531 0.52731 0.00937 0.03426
4 0.4349 0.44954 0.01771 0.03796
4 0.40521 0.45741 0.01875 0.04444
4 0.46484 0.4375 0.01615 0.03426
4 0.46901 0.4 0.0151 0.03148
4 0.50547 0.42176 0.01615 0.025
4 0.55885 0.42315 0.01458 0.03148
10 0.56328 0.56852 0.00885 0.02778
10 0.5862 0.55 0.01198 0.02963
4 0.57318 0.46991 0.0151 0.03611
4 0.72109 0.65926 0.06302 0.05185
4 0.70911 0.76019 0.05052 0.08704
0 0.65078 0.51481 0.0901 0.10556
4 0.35234 0.54537 0.03073 0.05556
4 0.46094 0.27269 0.0125 0.0213
0 0.41276 0.32222 0.06615 0.08148
0 0.25182 0.60417 0.11823 0.08796
