1 0.36042 0.71019 0.05 0.22407
1 0.42969 0.56667 0.02813 0.17407
1 0.64375 0.63333 0.05833 0.17407
1 0.86823 0.58704 0.06771 0.2
1 0.7875 0.53704 0.0375 0.1963
1 0.68229 0.51944 0.04167 0.16852
1 0.54688 0.55833 0.04167 0.15741
1 0.48698 0.49259 0.05312 0.15926
1 0.5125 0.4787 0.05 0.16111
1 0.61562 0.46944 0.03542 0.15
1 0.71719 0.37593 0.02813 0.13704
1 0.01823 0.53148 0.03646 0.13704
1 0.37344 0.34259 0.03229 0.12222
3 0.43125 0.3787 0.03958 0.08333
2 0.51719 0.33981 0.03021 0.06852
2 0.55052 0.3537 0.02604 0.07037
1 0.59062 0.31667 0.02083 0.11481
1 0.62344 0.2963 0.01979 0.12222
1 0.64479 0.31111 0.025 0.10741
2 0.64479 0.28704 0.01458 0.05185
2 0.04427 0.36389 0.03438 0.06481
1 0.13073 0.36296 0.01771 0.07037
2 0.80781 0.28519 0.02187 0.09259
2 0.82969 0.27963 0.02813 0.08889
1 0.92604 0.29352 0.03542 0.10556
1 0.97396 0.32593 0.03125 0.12222
2 0.90573 0.27685 0.02813 0.0537
1 0.97917 0.28981 0.02292 0.10185
1 0.95417 0.1787 0.01667 0.07222
2 0.92552 0.19074 0.01771 0.03333
2 0.90104 0.18519 0.02083 0.03704
1 0.80156 0.19074 0.01562 0.05556
1 0.81354 0.17593 0.01042 0.05185
1 0.68229 0.23519 0.025 0.08519
2 0.72448 0.24259 0.02813 0.05556
2 0.71042 0.24537 0.01667 0.03889
1 0.63438 0.19444 0.01875 0.07407
1 0.60208 0.15 0.0125 0.07037
1 0.67448 0.15 0.01146 0.05185
1 0.73229 0.13704 0.0125 0.05926
2 0.74792 0.13333 0.01458 0.03333
1 0.70729 0.1213 0.01042 0.04259
1 0.69219 0.11111 0.01354 0.05185
1 0.46406 0.16944 0.01979 0.06481
1 0.55469 0.10185 0.00729 0.04074
1 0.53073 0.08981 0.00729 0.03519
1 0.39219 0.12315 0.01354 0.0537
1 0.35365 0.09815 0.01146 0.04444
1 0.27865 0.1463 0.00937 0.03704
1 0.26615 0.14074 0.01771 0.05185
1 0.26615 0.12685 0.01146 0.0537
1 0.24896 0.14444 0.00833 0.03333
1 0.18438 0.13981 0.0125 0.04259
1 0.13281 0.15741 0.01562 0.05926
1 0.13229 0.11389 0.01042 0.0463
2 0.08021 0.13056 0.01042 0.02778
2 0.06042 0.13333 0.01458 0.02222
2 0.09375 0.125 0.00833 0.02407
1 0.09427 0.10463 0.01562 0.05
1 0.64531 0.06204 0.00937 0.0463
10 0.57812 0.06759 0.02292 0.03519
10 0.60729 0.07963 0.01458 0.02593
10 0.61302 0.07593 0.01562 0.02593
10 0.63698 0.07778 0.02396 0.02963
10 0.64375 0.08519 0.025 0.02963
10 0.64896 0.08704 0.02917 0.02963
10 0.66198 0.09074 0.02187 0.03333
10 0.6724 0.09259 0.03021 0.03333
10 0.70573 0.10185 0.02604 0.04074
10 0.69635 0.10278 0.02604 0.03148
10 0.71771 0.11204 0.02708 0.03148
10 0.76875 0.11944 0.03542 0.03889
10 0.8276 0.13796 0.01979 0.03889
10 0.81094 0.13426 0.01979 0.03519
10 0.79688 0.125 0.02708 0.03148
10 0.84948 0.13611 0.02187 0.03519
10 0.87292 0.14074 0.025 0.05185
10 0.88854 0.15278 0.025 0.03889
10 0.90885 0.15833 0.01979 0.03148
10 0.9125 0.14167 0.01875 0.0463
10 0.93646 0.11481 0.02292 0.03704
10 0.98854 0.17037 0.02083 0.03704
3 0.97552 0.16759 0.02813 0.03889
1 0.73958 0.11574 0.01042 0.0463
1 0.74479 0.09815 0.00625 0.03333
