5 0.71094 0.9537 0.09583 0.09259
5 0.81875 0.95463 0.12812 0.09074
4 0.89115 0.97037 0.09792 0.05926
4 0.63958 0.83333 0.07604 0.10741
4 0.70417 0.8213 0.08854 0.11667
4 0.73958 0.75833 0.07187 0.08333
4 0.45208 0.67593 0.04896 0.07037
4 0.57188 0.69907 0.05937 0.07593
4 0.6224 0.69167 0.06667 0.08704
4 0.64271 0.63056 0.05521 0.06481
4 0.51719 0.58889 0.04583 0.05926
4 0.57656 0.60556 0.04583 0.05556
4 0.46432 0.55463 0.03594 0.05
4 0.39818 0.51759 0.03281 0.0463
4 0.47422 0.5 0.0401 0.04815
4 0.56328 0.51389 0.04115 0.04444
4 0.50286 0.48426 0.03281 0.04074
4 0.5 0.42685 0.02917 0.03519
4 0.43776 0.43472 0.02865 0.03241
4 0.45443 0.40324 0.0276 0.03056
4 0.41927 0.39583 0.02604 0.0287
4 0.39141 0.40139 0.02656 0.03426
9 0.46354 0.34213 0.04896 0.07685
4 0.43073 0.36157 0.02292 0.03056
5 0.39792 0.32963 0.03333 0.06296
4 0.4375 0.30741 0.01875 0.02778
4 0.37891 0.30417 0.01615 0.02315
4 0.39818 0.29676 0.01615 0.01944
4 0.41432 0.28565 0.01615 0.01944
4 0.39948 0.25463 0.01354 0.02037
4 0.42812 0.25046 0.01458 0.01759
4 0.38047 0.26065 0.01302 0.01944
4 0.35859 0.26065 0.01198 0.01759
4 0.34453 0.22917 0.0099 0.01574
4 0.36589 0.3375 0.01823 0.025
4 0.33984 0.3375 0.01823 0.025
4 0.35859 0.3125 0.01615 0.0213
4 0.32839 0.31389 0.01615 0.02222
4 0.35078 0.29444 0.01719 0.02407
4 0.325 0.29537 0.01667 0.02037
4 0.32292 0.28472 0.01458 0.01759
4 0.31849 0.27222 0.01406 0.01852
4 0.31615 0.25972 0.0125 0.01759
4 0.31328 0.24954 0.01198 0.01389
4 0.31068 0.24167 0.01094 0.01667
4 0.30911 0.23056 0.01094 0.01667
4 0.30677 0.22361 0.00833 0.01574
4 0.34167 0.27963 0.01458 0.02037
4 0.33828 0.26852 0.01302 0.01667
4 0.33594 0.25741 0.01354 0.01667
4 0.33359 0.24722 0.01198 0.01481
4 0.33073 0.23796 0.0125 0.01481
9 0.32708 0.22593 0.00937 0.01852
4 0.3388 0.21296 0.0099 0.01481
4 0.33672 0.19954 0.0099 0.01204
9 0.36615 0.22454 0.02083 0.03981
9 0.35469 0.20185 0.01875 0.03519
9 0.37292 0.20046 0.01875 0.03241
4 0.32604 0.18796 0.00937 0.01111
4 0.32318 0.17731 0.00781 0.01019
4 0.33646 0.17407 0.00729 0.00926
4 0.35052 0.17731 0.00833 0.01019
4 0.34297 0.16759 0.00573 0.00926
4 0.33125 0.15972 0.00625 0.01019
5 0.3638 0.16481 0.00677 0.01111
4 0.32995 0.1537 0.00573 0.00926
4 0.34036 0.15417 0.00573 0.00833
4 0.34219 0.14815 0.00625 0.00741
4 0.33464 0.14306 0.00469 0.00833
4 0.32552 0.14537 0.00625 0.00741
4 0.32734 0.13796 0.00573 0.00741
4 0.32708 0.13102 0.00521 0.00648
4 0.33646 0.13472 0.00521 0.00833
4 0.34375 0.14074 0.00521 0.00741
4 0.34609 0.13611 0.00573 0.00741
4 0.35807 0.13611 0.00469 0.00556
4 0.33646 0.1287 0.00521 0.00556
4 0.33802 0.12222 0.00521 0.00556
9 0.33958 0.11157 0.00625 0.01204
4 0.41667 0.14028 0.00625 0.01019
4 0.44062 0.18981 0.01875 0.01111
4 0.42526 0.18611 0.01615 0.01111
4 0.41745 0.18056 0.01615 0.00926
4 0.41693 0.17546 0.02031 0.01019
5 0.41432 0.17269 0.01719 0.01019
4 0.41068 0.16713 0.01823 0.00833
4 0.41016 0.16343 0.01615 0.00648
4 0.40859 0.16111 0.01719 0.00741
4 0.40547 0.15648 0.01615 0.00926
4 0.40469 0.15046 0.01667 0.00648
4 0.40208 0.14954 0.01458 0.01019
4 0.39661 0.1463 0.01406 0.00741
4 0.3974 0.14352 0.01562 0.00741
5 0.39505 0.13935 0.01406 0.01019
4 0.49766 0.18056 0.00677 0.01111
4 0.49635 0.1912 0.00833 0.01204
4 0.50885 0.18009 0.00729 0.01204
4 0.51875 0.19028 0.00729 0.01019
4 0.93464 0.24398 0.02344 0.01759
4 0.90938 0.23657 0.01979 0.01944
4 0.30859 0.58704 0.03385 0.07222
4 0.2612 0.55 0.02969 0.06111
4 0.28125 0.39954 0.01979 0.03796
4 0.23411 0.4287 0.02031 0.04259
4 0.26406 0.31806 0.01667 0.02685
4 0.21432 0.2912 0.0151 0.025
4 0.19687 0.28519 0.01458 0.01296
4 0.27057 0.29167 0.01302 0.02222
4 0.26797 0.26991 0.01198 0.01944
9 0.24297 0.24769 0.01823 0.04907
4 0.26562 0.24444 0.01042 0.01852
4 0.27839 0.23194 0.0099 0.01759
4 0.25391 0.22315 0.0099 0.01667
4 0.21615 0.21667 0.0125 0.01296
4 0.23359 0.21204 0.00885 0.01481
4 0.25911 0.2037 0.0099 0.01481
4 0.28307 0.20093 0.0099 0.01667
4 0.27031 0.1912 0.01146 0.01204
4 0.25026 0.18704 0.01615 0.03333
4 0.25781 0.18287 0.00729 0.01204
4 0.2862 0.1838 0.00885 0.01204
4 0.27396 0.17917 0.00833 0.01019
4 0.28776 0.17685 0.00677 0.01111
4 0.28672 0.16759 0.00781 0.01296
4 0.27578 0.1713 0.00677 0.00926
4 0.26094 0.17222 0.00937 0.01111
4 0.24036 0.17222 0.01302 0.01111
4 0.22396 0.17639 0.01771 0.01019
4 0.26693 0.16481 0.00677 0.01111
4 0.25104 0.16713 0.00833 0.01019
4 0.25547 0.16296 0.00677 0.00926
4 0.25911 0.15787 0.00677 0.00833
5 0.26589 0.14769 0.01094 0.00833
4 0.27161 0.15833 0.00677 0.00926
4 0.27839 0.16435 0.00781 0.01019
4 0.2737 0.15278 0.00573 0.00741
4 0.27734 0.14907 0.00677 0.00926
4 0.28281 0.15556 0.00625 0.00926
4 0.29063 0.16111 0.00833 0.01111
4 0.29922 0.16435 0.00781 0.01019
4 0.30182 0.16111 0.00677 0.00926
4 0.29401 0.15556 0.00677 0.00926
4 0.28568 0.15 0.00573 0.00926
4 0.27995 0.1463 0.00573 0.00741
4 0.28203 0.14259 0.00573 0.00741
4 0.27135 0.14537 0.00417 0.00741
9 0.2849 0.13287 0.01042 0.01759
4 0.28932 0.14537 0.00573 0.00741
4 0.29583 0.15 0.00625 0.00741
4 0.30339 0.15648 0.00677 0.00926
4 0.30417 0.15324 0.00625 0.00833
4 0.30651 0.15 0.00677 0.00926
4 0.30833 0.14676 0.00625 0.01019
4 0.3099 0.14444 0.00521 0.00926
4 0.29818 0.14398 0.00677 0.00833
4 0.29167 0.13981 0.00521 0.00741
4 0.29479 0.13611 0.00521 0.00741
4 0.29193 0.12778 0.00469 0.00741
4 0.30156 0.14028 0.00521 0.00833
4 0.30755 0.13657 0.00677 0.00648
5 0.31406 0.13241 0.00521 0.00926
4 0.29661 0.13056 0.00469 0.00926
4 0.29505 0.12222 0.00469 0.00741
4 0.29375 0.11852 0.00417 0.00556
4 0.29896 0.11667 0.00521 0.00741
4 0.29922 0.12824 0.00469 0.00833
4 0.3026 0.12269 0.00417 0.00648
9 0.30026 0.11019 0.00781 0.01296
0 0.31562 0.11204 0.01979 0.02593
5 0.26875 0.12963 0.01562 0.01296
5 0.2737 0.1287 0.01406 0.01296
4 0.25156 0.11111 0.00833 0.00741
4 0.20729 0.14676 0.01458 0.00833
4 0.24714 0.14213 0.00677 0.00833
4 0.09557 0.16343 0.01406 0.00833
4 0.10911 0.16667 0.01719 0.01111
4 0.13255 0.16852 0.01927 0.01111
4 0.10755 0.18194 0.01823 0.01204
4 0.13594 0.18519 0.01771 0.01296
4 0.13776 0.18148 0.01615 0.01111
4 0.14974 0.17037 0.01615 0.01111
4 0.06042 0.16667 0.01562 0.00926
4 0.06146 0.17778 0.02187 0.01296
2 0.93984 0.59074 0.0151 0.02593
1 0.91615 0.6287 0.01146 0.05
1 0.91458 0.61991 0.0125 0.04352
3 0.84453 0.63241 0.01198 0.02963
3 0.98125 0.62731 0.01979 0.03796
3 0.98776 0.66019 0.01719 0.02593
3 0.92943 0.63472 0.01302 0.02315
3 0.95208 0.65972 0.0125 0.03796
3 0.96745 0.67315 0.01198 0.03519
3 0.92474 0.65741 0.01406 0.02222
3 0.93854 0.66852 0.01562 0.02222
3 0.98724 0.69583 0.00885 0.03981
3 0.97813 0.68194 0.00833 0.03981
3 0.97839 0.69815 0.00781 0.03704
3 0.96901 0.68519 0.00781 0.04259
2 0.56406 0.40185 0.00417 0.02037
3 0.56276 0.41435 0.00573 0.0213
2 0.54063 0.3625 0.00521 0.01759
3 0.54063 0.37269 0.00521 0.01759
2 0.53594 0.34907 0.00313 0.01852
3 0.53516 0.35926 0.00573 0.01667
2 0.50885 0.32546 0.00417 0.01944
2 0.50313 0.31667 0.00417 0.01481
2 0.49453 0.31296 0.00469 0.01296
2 0.48828 0.31759 0.00469 0.01296
2 0.48594 0.3088 0.00417 0.01204
10 0.50859 0.33241 0.00573 0.01481
10 0.50286 0.32407 0.00677 0.01296
10 0.49375 0.31898 0.00521 0.01389
10 0.48464 0.31296 0.00573 0.01296
2 0.46198 0.2662 0.00313 0.01574
10 0.46198 0.275 0.00521 0.01296
2 0.45312 0.2588 0.00417 0.01204
3 0.45339 0.26713 0.00469 0.01019
2 0.45885 0.24861 0.00313 0.01204
2 0.4526 0.25185 0.00417 0.01111
2 0.45286 0.24769 0.00365 0.01019
2 0.45599 0.23981 0.00365 0.01111
1 0.43542 0.2537 0.00208 0.01852
1 0.44844 0.21759 0.00313 0.01481
1 0.43281 0.16343 0.00208 0.01204
1 0.48958 0.17593 0.00208 0.01296
1 0.49974 0.175 0.0026 0.01296
1 0.47786 0.17639 0.0026 0.01019
1 0.46615 0.16806 0.00208 0.01204
1 0.4513 0.21713 0.00156 0.01389
1 0.45312 0.21667 0.00208 0.01481
1 0.45599 0.21759 0.00156 0.01481
1 0.45885 0.21759 0.00208 0.01481
1 0.46224 0.2162 0.0026 0.01759
1 0.44714 0.20694 0.0026 0.01574
1 0.45156 0.21019 0.00208 0.01111
1 0.45885 0.21065 0.00208 0.01019
1 0.46146 0.1912 0.00208 0.01389
1 0.44089 0.18148 0.00156 0.00926
1 0.42526 0.16806 0.00156 0.01019
1 0.41536 0.21991 0.0026 0.01574
1 0.44948 0.19861 0.00208 0.01204
2 0.48151 0.19861 0.00365 0.01389
1 0.91458 0.20231 0.00208 0.01389
1 0.50313 0.17685 0.00208 0.01111
1 0.47109 0.19861 0.00156 0.01204
2 0.45677 0.18843 0.00208 0.01019
1 0.45286 0.19722 0.00156 0.01111
1 0.45339 0.18935 0.0026 0.01019
2 0.40651 0.22269 0.0026 0.01019
3 0.40651 0.23148 0.0026 0.00556
2 0.40208 0.22546 0.00313 0.01204
10 0.40182 0.23148 0.00365 0.00741
2 0.3875 0.17269 0.00208 0.01019
3 0.3875 0.17963 0.00208 0.00556
2 0.38464 0.18519 0.0026 0.00741
3 0.38464 0.19213 0.0026 0.00463
1 0.38359 0.16944 0.00156 0.01111
2 0.37812 0.18009 0.00208 0.00648
1 0.37578 0.17824 0.00156 0.00833
3 0.37865 0.18565 0.00417 0.00463
1 0.39687 0.18704 0.00208 0.01111
2 0.39766 0.18981 0.00156 0.00741
3 0.39792 0.19676 0.00208 0.00463
1 0.37005 0.16574 0.00156 0.00926
2 0.35911 0.15787 0.00156 0.00833
3 0.35911 0.16204 0.0026 0.0037
2 0.35573 0.16019 0.00208 0.00741
10 0.35547 0.16435 0.0026 0.00648
1 0.39036 0.16481 0.00156 0.01296
2 0.38568 0.15741 0.00156 0.00556
3 0.38568 0.16204 0.00156 0.00556
2 0.3862 0.15278 0.00156 0.00556
3 0.38594 0.15556 0.00208 0.0037
2 0.35651 0.1463 0.00156 0.00556
2 0.35417 0.14444 0.00104 0.00556
10 0.35391 0.14815 0.00156 0.0037
10 0.35651 0.14954 0.0026 0.00278
1 0.41224 0.19028 0.00156 0.00833
1 0.40365 0.19259 0.00208 0.01111
1 0.40677 0.19259 0.00104 0.01111
4 0.4026 0.18843 0.01354 0.01204
4 0.39792 0.18148 0.00833 0.01296
1 0.32448 0.2125 0.00208 0.01019
2 0.30755 0.17176 0.0026 0.00833
3 0.30729 0.17731 0.00313 0.00463
2 0.3026 0.17222 0.00208 0.00926
3 0.30312 0.17685 0.00313 0.00556
2 0.2224 0.18056 0.00313 0.00926
2 0.22526 0.1787 0.0026 0.00926
3 0.22552 0.18704 0.00313 0.00926
3 0.22292 0.18565 0.00208 0.00463
1 0.18932 0.15833 0.00156 0.01111
1 0.21953 0.13611 0.0026 0.00926
1 0.22266 0.13611 0.00156 0.01111
1 0.23568 0.12361 0.00156 0.00833
2 0.22682 0.16389 0.00365 0.00926
3 0.22734 0.16759 0.0026 0.00556
1 0.16875 0.16204 0.00208 0.00741
1 0.16667 0.16157 0.00208 0.00833
1 0.1513 0.18611 0.0026 0.01111
1 0.11406 0.19583 0.00313 0.01574
1 0.10391 0.21435 0.00365 0.01759
1 0.10703 0.18889 0.0026 0.01481
1 0.05729 0.18935 0.00313 0.01574
1 0.06536 0.18796 0.00365 0.01296
1 0.15286 0.16389 0.0026 0.00741
1 0.15859 0.16296 0.0026 0.00741
