4 0.49401 0.65324 0.0474 0.11019
4 0.44792 0.59815 0.04063 0.10185
4 0.4987 0.55648 0.0776 0.10741
4 0.44688 0.43843 0.05312 0.0787
4 0.44349 0.38704 0.06094 0.04444
4 0.45104 0.35602 0.05625 0.04722
4 0.46328 0.33472 0.05573 0.04352
4 0.45547 0.28981 0.04844 0.03333
4 0.46484 0.27685 0.04115 0.03333
4 0.45677 0.2588 0.04375 0.03241
4 0.41042 0.26019 0.04271 0.04074
4 0.41484 0.22176 0.03281 0.03796
4 0.40703 0.20602 0.03177 0.03426
4 0.39583 0.18843 0.0375 0.04167
4 0.40885 0.18009 0.03021 0.03056
4 0.42135 0.17037 0.03229 0.02407
4 0.41927 0.16111 0.02813 0.02593
5 0.43307 0.14444 0.03177 0.02778
4 0.42474 0.13472 0.02344 0.02315
4 0.40365 0.13194 0.02396 0.0213
4 0.39531 0.12639 0.02396 0.03241
4 0.39453 0.10509 0.02656 0.0213
4 0.39375 0.09259 0.02083 0.02222
4 0.39896 0.0787 0.0125 0.02222
4 0.39297 0.06944 0.01615 0.02037
4 0.38828 0.05741 0.01823 0.02037
4 0.39844 0.05509 0.02187 0.01944
4 0.39922 0.05463 0.02031 0.02407
4 0.36797 0.08148 0.01406 0.02222
4 0.35547 0.05463 0.01094 0.02222
4 0.35339 0.03704 0.01198 0.01852
4 0.36719 0.03426 0.00833 0.01481
4 0.38021 0.03194 0.01146 0.01389
4 0.33646 0.04306 0.0125 0.01944
4 0.34974 0.07963 0.01302 0.02407
4 0.33255 0.06944 0.01302 0.02593
5 0.31771 0.0912 0.02708 0.025
6 0.18255 0.67546 0.10781 0.06574
4 0.23333 0.59306 0.08021 0.11389
4 0.23438 0.49259 0.03854 0.0963
4 0.18411 0.44676 0.05781 0.05463
2 0.31953 0.57685 0.01719 0.03333
7 0.31979 0.58056 0.02083 0.07778
10 0.56328 0.59074 0.03177 0.03704
10 0.59635 0.66157 0.02604 0.05463
10 0.59141 0.67778 0.02969 0.05556
10 0.58203 0.68194 0.02135 0.05278
4 0.19062 0.35694 0.05729 0.04537
4 0.21276 0.33333 0.0526 0.05185
4 0.2625 0.32824 0.04688 0.04722
4 0.2763 0.27731 0.02552 0.06944
4 0.24323 0.23611 0.04063 0.04074
1 0.39792 0.31944 0.00937 0.03704
1 0.50547 0.36343 0.02031 0.01944
1 0.50339 0.35509 0.02135 0.02315
1 0.45964 0.29815 0.00677 0.03333
1 0.45365 0.22222 0.00625 0.02963
10 0.4513 0.18472 0.0151 0.01944
10 0.45078 0.18426 0.01406 0.01481
10 0.45182 0.17963 0.01198 0.01852
10 0.44141 0.15926 0.01198 0.01667
10 0.43984 0.15741 0.01198 0.01667
2 0.42552 0.11852 0.00521 0.01111
2 0.41797 0.11806 0.00573 0.01574
2 0.4349 0.10093 0.00729 0.01296
1 0.43385 0.10139 0.00208 0.00833
10 0.4349 0.0963 0.00521 0.01296
2 0.41927 0.07407 0.00521 0.01296
2 0.42604 0.07083 0.00313 0.00833
2 0.42292 0.07269 0.00313 0.01019
2 0.42344 0.07083 0.00417 0.01204
10 0.41797 0.0537 0.00781 0.00926
1 0.4112 0.05093 0.00469 0.01667
5 0.38828 0.04074 0.01094 0.01667
4 0.39115 0.03519 0.01146 0.01296
4 0.39766 0.02917 0.01927 0.01389
4 0.38906 0.02269 0.00833 0.01574
4 0.39219 0.01806 0.01042 0.01204
5 0.40859 0.01898 0.01198 0.01944
4 0.41979 0.01713 0.01146 0.01574
5 0.40286 0.00741 0.01719 0.01481
4 0.39193 0.00602 0.01719 0.01204
7 0.36589 0.00602 0.01302 0.01204
2 0.3638 0.00463 0.00469 0.00926
4 0.27995 0.01111 0.00885 0.01481
5 0.28359 0.03241 0.01823 0.02222
5 0.31562 0.01806 0.01771 0.01759
4 0.32604 0.02454 0.01042 0.01759
4 0.31641 0.02593 0.02031 0.01296
4 0.31406 0.03009 0.02187 0.01389
4 0.31042 0.03611 0.01979 0.01667
4 0.32214 0.04676 0.01719 0.0213
4 0.32292 0.05694 0.02292 0.01759
4 0.31719 0.06713 0.0125 0.01944
4 0.32266 0.07685 0.01927 0.01852
4 0.32031 0.08102 0.025 0.02315
4 0.30104 0.04537 0.02292 0.02037
10 0.31484 0.09583 0.00885 0.01389
1 0.37005 0.04491 0.0026 0.01574
2 0.32604 0.11852 0.00521 0.01852
10 0.32552 0.12037 0.00833 0.00926
4 0.31354 0.11343 0.02708 0.01944
4 0.30885 0.12407 0.02604 0.02593
4 0.31953 0.13565 0.0276 0.025
4 0.31068 0.15046 0.02552 0.03056
2 0.29089 0.13287 0.00365 0.01574
2 0.28229 0.13194 0.00729 0.01389
4 0.30729 0.18148 0.02813 0.03148
4 0.29167 0.19907 0.01771 0.03333
4 0.28958 0.22407 0.02292 0.04259
4 0.28568 0.25509 0.03594 0.03981
