4,0.05963541666666667,0.4361111111111111,0.0609375,0.07777777777777778
4,0.15833333333333333,0.1736111111111111,0.021875,0.0712962962962963
4,0.30885416666666665,0.34629629629629627,0.022916666666666665,0.07222222222222222
4,0.3453125,0.033796296296296297,0.01875,0.04351851851851852
4,0.37057291666666664,0.03009259259259259,0.022395833333333334,0.049074074074074076
4,0.39453125,0.03333333333333333,0.0203125,0.046296296296296294
4,0.35911458333333335,0.3402777777777778,0.0359375,0.049074074074074076
7,0.415625,0.17037037037037037,0.015625,0.04814814814814815
7,0.26953125,0.20555555555555555,0.011979166666666667,0.046296296296296294
7,0.12135416666666667,0.4324074074074074,0.027083333333333334,0.09814814814814815
7,0.013020833333333334,0.3375,0.026041666666666668,0.026851851851851852
1,0.061197916666666664,0.2523148148148148,0.011979166666666667,0.025
7,0.2947916666666667,0.016666666666666666,0.014583333333333334,0.03333333333333333
4,0.17369791666666667,0.013425925925925926,0.016145833333333335,0.025
11,0.3106770833333333,0.2625,0.018229166666666668,0.062037037037037036
1,0.11588541666666667,0.45185185185185184,0.016145833333333335,0.022222222222222223
