5 0.20182 0.67083 0.05052 0.075
4 0.46953 0.6713 0.0474 0.07407
4 0.58984 0.68102 0.09427 0.05463
1 0.47135 0.48796 0.01354 0.04815
7 0.16589 0.54398 0.06302 0.05463
4 0.15911 0.46481 0.07344 0.0537
4 0.17865 0.42963 0.06563 0.05556
4 0.15 0.32639 0.05625 0.03981
4 0.14089 0.28704 0.04948 0.03519
7 0.27995 0.33426 0.0151 0.03519
0 0.35026 0.0162 0.06094 0.03241
5 0.42396 0.21481 0.01771 0.03704
7 0.54036 0.43796 0.01927 0.04815
3 0.53906 0.42269 0.025 0.02315
7 0.51146 0.35509 0.03438 0.02685
4 0.4849 0.3213 0.05104 0.03889
1 0.43776 0.28519 0.00677 0.02778
1 0.4224 0.26713 0.00521 0.025
0 0.4474 0.22454 0.02083 0.03241
7 0.48099 0.2963 0.03073 0.01852
4 0.41068 0.17222 0.02135 0.02407
6 0.40182 0.1213 0.01406 0.02778
4 0.43854 0.16852 0.02917 0.01852
1 0.46146 0.18935 0.00313 0.01759
1 0.45052 0.19213 0.00417 0.0213
1 0.39349 0.08796 0.00365 0.01296
1 0.39036 0.0875 0.0026 0.01389
1 0.38828 0.09907 0.00365 0.01481
0 0.37474 0.0463 0.00469 0.00926
6 0.34661 0.11389 0.01302 0.02963
4 0.34401 0.20463 0.0151 0.02963
1 0.31198 0.18889 0.00417 0.02222
4 0.30729 0.16852 0.01562 0.02963
4 0.33047 0.05602 0.00677 0.01019
4 0.33229 0.04583 0.00625 0.01019
4 0.27083 0.11435 0.02292 0.01574
4 0.24609 0.11204 0.02344 0.01667
4 0.23906 0.25139 0.04479 0.0287
10 0.21276 0.17685 0.01302 0.01481
10 0.19844 0.18704 0.01667 0.01852
