1 0.225 0.67593 0.03333 0.1037
1 0.35208 0.60463 0.02292 0.10185
1 0.40781 0.5787 0.02396 0.10926
1 0.55365 0.60926 0.02396 0.09259
1 0.72917 0.81019 0.02292 0.09444
1 0.81979 0.83889 0.03542 0.10741
1 0.1026 0.43148 0.02813 0.08519
1 0.11875 0.43333 0.03542 0.08519
1 0.11302 0.40278 0.02187 0.05741
1 0.14479 0.34167 0.02292 0.07593
1 0.13646 0.33611 0.01667 0.07593
1 0.10677 0.12407 0.01771 0.05556
1 0.18385 0.1287 0.01979 0.0537
1 0.2776 0.18796 0.01562 0.06111
1 0.2026 0.09815 0.01562 0.05556
1 0.22604 0.05185 0.01042 0.04074
1 0.16146 0.06481 0.01042 0.04444
1 0.11354 0.03611 0.01042 0.0463
1 0.32708 0.31852 0.01875 0.07037
1 0.31667 0.46296 0.01875 0.08519
1 0.28281 0.47685 0.01771 0.07963
1 0.37604 0.43056 0.01667 0.07222
1 0.47396 0.5037 0.02292 0.08889
1 0.53594 0.44167 0.01771 0.08333
1 0.63854 0.32963 0.01458 0.08148
1 0.59062 0.2463 0.01042 0.06296
1 0.58125 0.26389 0.01042 0.06481
1 0.56771 0.27315 0.01667 0.06852
1 0.46146 0.35741 0.01458 0.07037
1 0.48333 0.33796 0.01042 0.07222
1 0.51146 0.21019 0.01667 0.06111
1 0.52396 0.14352 0.01042 0.06111
1 0.58542 0.10278 0.01042 0.05
1 0.59323 0.11574 0.00729 0.02778
1 0.40625 0.2787 0.01458 0.06852
3 0.39896 0.1287 0.025 0.03519
7 0.39167 0.13333 0.02708 0.04074
1 0.2901 0.10833 0.01146 0.05
1 0.29635 0.11852 0.00937 0.03333
1 0.65781 0.49444 0.02187 0.08148
1 0.67292 0.48241 0.01875 0.08333
1 0.69115 0.41574 0.02604 0.07222
1 0.71458 0.45926 0.03333 0.07407
1 0.77604 0.39815 0.02292 0.07778
1 0.80312 0.42963 0.02292 0.08148
1 0.82135 0.41204 0.02604 0.07222
1 0.89167 0.41481 0.02917 0.08148
1 0.97969 0.51389 0.03646 0.09074
1 0.6651 0.31111 0.01354 0.07778
1 0.75156 0.09815 0.01146 0.05185
1 0.72292 0.08241 0.01042 0.04259
1 0.4776 0.02037 0.01146 0.04074
0 0.05312 0.03519 0.10625 0.07037
0 0.1375 0.06852 0.03125 0.09259
0 0.20469 0.01481 0.04896 0.02963
0 0.28177 0.04074 0.09896 0.08148
0 0.61458 0.03796 0.175 0.07593
1 0.71406 0.03241 0.01146 0.04259
1 0.72135 0.03148 0.00937 0.04074
0 0.37031 0.03704 0.07604 0.07407
0 0.43802 0.03333 0.06146 0.06667
1 0.41354 0.07593 0.00833 0.04815
1 0.33854 0.09352 0.0125 0.0537
1 0.11458 0.17407 0.0125 0.05556
1 0.1224 0.17037 0.01771 0.05556
1 0.68802 0.17037 0.00937 0.05556
1 0.69479 0.16204 0.01042 0.05741
