4 0.44635 0.22315 0.00729 0.01296
1 0.26328 0.45741 0.00781 0.03148
1 0.27396 0.44398 0.00521 0.0287
1 0.26927 0.44167 0.00521 0.02963
1 0.27734 0.43704 0.00365 0.03333
1 0.28073 0.42778 0.00417 0.02963
1 0.28437 0.42176 0.00313 0.02315
1 0.26641 0.43657 0.00365 0.03056
2 0.20729 0.42083 0.00833 0.02315
3 0.20729 0.43194 0.00833 0.01759
3 0.20104 0.42315 0.00729 0.01481
1 0.20052 0.41574 0.00417 0.01481
1 0.55495 0.43287 0.00469 0.02315
1 0.56224 0.44028 0.00365 0.0213
1 0.56927 0.44537 0.00313 0.02222
1 0.5849 0.48519 0.00417 0.02407
1 0.58906 0.48426 0.00521 0.02778
1 0.57995 0.47315 0.00365 0.02037
1 0.58021 0.46574 0.00417 0.02222
1 0.57865 0.45972 0.00417 0.0213
2 0.57786 0.44537 0.00573 0.02037
2 0.5763 0.44352 0.00469 0.02037
4 0.37526 0.17778 0.00469 0.00741
0 0.39714 0.17315 0.0224 0.01852
4 0.40964 0.18472 0.00469 0.00648
4 0.41458 0.18796 0.00417 0.00741
4 0.41302 0.18194 0.00417 0.00648
4 0.41901 0.18519 0.00573 0.00556
4 0.41953 0.19074 0.00573 0.00741
4 0.42552 0.19398 0.00521 0.00648
6 0.43411 0.19861 0.01094 0.01019
4 0.44609 0.20185 0.00573 0.00741
4 0.45182 0.20139 0.00677 0.00833
9 0.46745 0.19861 0.01198 0.01389
5 0.46328 0.20139 0.00469 0.00833
4 0.46276 0.23102 0.00677 0.01019
4 0.47083 0.23519 0.00729 0.01111
4 0.49401 0.23148 0.00885 0.01111
4 0.49766 0.24444 0.00781 0.01296
9 0.50677 0.24954 0.01146 0.03241
4 0.48177 0.24028 0.00729 0.01204
4 0.48177 0.25046 0.00729 0.01204
2 0.48906 0.24676 0.00208 0.01389
3 0.48932 0.25 0.00469 0.00741
4 0.46641 0.24815 0.00781 0.01296
4 0.46432 0.26019 0.00677 0.01296
4 0.46536 0.27685 0.00885 0.01667
4 0.46302 0.29907 0.01042 0.01852
4 0.47995 0.25602 0.00677 0.01204
5 0.47891 0.2625 0.00781 0.01389
4 0.47995 0.27176 0.00781 0.01204
4 0.48073 0.27963 0.00833 0.01296
4 0.48047 0.2912 0.00885 0.01574
0 0.51979 0.25602 0.01458 0.02315
1 0.49688 0.26019 0.00208 0.01111
5 0.49427 0.26898 0.00833 0.01759
4 0.49766 0.29259 0.01094 0.01852
4 0.49167 0.31065 0.01042 0.01759
4 0.48099 0.33704 0.01198 0.02222
4 0.4625 0.32639 0.01146 0.01944
4 0.45703 0.35509 0.01406 0.01944
4 0.52031 0.35139 0.01458 0.02315
9 0.51172 0.36991 0.02865 0.04722
2 0.52448 0.42546 0.00521 0.01759
10 0.52422 0.43241 0.00573 0.01667
4 0.50651 0.44259 0.01927 0.03148
4 0.46927 0.45324 0.01875 0.03426
4 0.44297 0.43148 0.01615 0.03704
4 0.5151 0.50463 0.02083 0.03889
4 0.52604 0.58889 0.03125 0.05926
4 0.53724 0.68935 0.03802 0.06944
4 0.47839 0.64259 0.02969 0.06481
4 0.43646 0.58519 0.02917 0.05556
4 0.47786 0.81944 0.03906 0.09259
4 0.55495 0.85463 0.04531 0.10556
4 0.40521 0.90139 0.05104 0.12685
1 0.5474 0.36944 0.00625 0.03148
1 0.42109 0.37269 0.00677 0.0287
1 0.60651 0.38796 0.01094 0.03704
1 0.6099 0.38519 0.0125 0.03889
1 0.62214 0.375 0.00573 0.03519
1 0.62396 0.36806 0.00625 0.03241
1 0.62292 0.36528 0.00521 0.03426
1 0.62448 0.3625 0.00521 0.03241
1 0.59661 0.35231 0.00365 0.02315
1 0.63958 0.37917 0.00625 0.02315
1 0.6513 0.37407 0.00573 0.03333
1 0.65703 0.3713 0.00677 0.03519
1 0.64792 0.3662 0.00729 0.03796
1 0.63203 0.31065 0.00365 0.0213
1 0.63724 0.31204 0.00365 0.02037
1 0.625 0.28426 0.00313 0.01667
1 0.63021 0.28194 0.00313 0.01759
3 0.61953 0.55833 0.00885 0.03519
1 0.66224 0.68657 0.01094 0.05648
3 0.69219 0.73657 0.02187 0.03056
3 0.69375 0.76065 0.02604 0.03611
3 0.68359 0.7838 0.03281 0.03981
1 0.78281 0.74954 0.00833 0.04352
2 0.79609 0.72824 0.00677 0.03981
3 0.79323 0.74537 0.00937 0.04259
1 0.80339 0.75185 0.00885 0.05556
1 0.80833 0.73472 0.00833 0.04537
2 0.81875 0.72269 0.01042 0.03426
10 0.81693 0.74213 0.01406 0.03426
4 0.41224 0.19954 0.00573 0.00833
1 0.38333 0.2088 0.00313 0.01204
1 0.35443 0.20741 0.0026 0.01296
1 0.35651 0.20694 0.0026 0.01204
1 0.36849 0.20556 0.0026 0.01296
1 0.32786 0.21204 0.0026 0.01481
2 0.34479 0.25787 0.00313 0.01019
3 0.34479 0.26389 0.00417 0.00741
1 0.36875 0.2625 0.00208 0.01389
1 0.36823 0.26157 0.00208 0.01204
1 0.37057 0.25741 0.0026 0.01481
1 0.34271 0.30185 0.00417 0.02037
1 0.33542 0.31019 0.00417 0.02037
1 0.33203 0.29861 0.00365 0.01759
2 0.33047 0.30694 0.00365 0.01204
3 0.33047 0.31389 0.00365 0.00926
4 0.03464 0.91157 0.06927 0.13426
5 0.12474 0.875 0.07969 0.16481
4 0.24635 0.78148 0.05417 0.10185
9 0.2987 0.79537 0.10469 0.2963
4 0.19635 0.67037 0.05521 0.07963
4 0.2474 0.66019 0.04271 0.07407
4 0.32188 0.61991 0.04271 0.06574
4 0.33307 0.55324 0.03281 0.05278
4 0.30833 0.52083 0.03021 0.04537
4 0.27266 0.50463 0.02969 0.0463
4 0.35599 0.49444 0.02448 0.04444
4 0.36615 0.45833 0.02292 0.03889
4 0.40885 0.41898 0.01771 0.03611
4 0.37891 0.41111 0.02135 0.03704
4 0.33281 0.43565 0.02292 0.03426
9 0.31719 0.40139 0.02813 0.05463
9 0.56615 0.50278 0.04792 0.12037
1 0.36615 0.37083 0.00625 0.03056
1 0.35938 0.36019 0.00625 0.03519
1 0.31302 0.35926 0.00729 0.03519
1 0.30052 0.36019 0.00833 0.03519
1 0.26589 0.36852 0.00677 0.02963
1 0.23203 0.37083 0.00573 0.02685
1 0.1276 0.63981 0.00937 0.04815
1 0.08359 0.64491 0.00885 0.05093
1 0.08099 0.63426 0.00781 0.05
1 0.0651 0.64259 0.01146 0.05741
1 0.01771 0.64907 0.01042 0.05
1 0.01276 0.63056 0.01094 0.04815
3 0.14427 0.61574 0.00937 0.02963
3 0.15859 0.58935 0.00885 0.03056
3 0.18151 0.58889 0.00885 0.04074
1 0.12578 0.5713 0.00781 0.0463
10 0.14974 0.56852 0.01302 0.01852
3 0.15495 0.56343 0.0151 0.025
3 0.16172 0.55463 0.01094 0.03148
1 0.07318 0.56852 0.00885 0.0463
2 0.05547 0.56944 0.01094 0.03333
3 0.05625 0.58194 0.01771 0.03241
2 0.05547 0.55093 0.01094 0.02963
3 0.05547 0.56806 0.01615 0.0213
1 0.01927 0.53889 0.01042 0.04444
1 0.03021 0.53843 0.01354 0.04167
1 0.04531 0.54028 0.00729 0.03796
1 0.06198 0.51713 0.00833 0.03796
1 0.06953 0.51852 0.0099 0.03519
1 0.13984 0.4875 0.00677 0.04352
1 0.14609 0.48519 0.00885 0.04444
1 0.16276 0.39907 0.00677 0.04259
1 0.16927 0.39769 0.00937 0.04352
1 0.13255 0.41806 0.0099 0.03981
1 0.02109 0.47685 0.00781 0.03519
4 0.04063 0.48472 0.04271 0.03611
4 0.07552 0.48333 0.04896 0.05741
4 0.06406 0.44676 0.05208 0.03796
1 0.10573 0.43287 0.00521 0.03056
1 0.10703 0.42778 0.00573 0.02778
1 0.11536 0.43287 0.00677 0.03056
1 0.22396 0.34352 0.00417 0.01667
1 0.22708 0.34444 0.00417 0.02037
1 0.23542 0.34491 0.00521 0.0213
1 0.2401 0.34676 0.00521 0.025
1 0.25234 0.33333 0.00677 0.02222
1 0.28646 0.34444 0.00417 0.01667
1 0.2901 0.34722 0.00417 0.02037
1 0.32396 0.32454 0.00417 0.0213
2 0.31589 0.31204 0.00365 0.01296
3 0.31562 0.32037 0.00521 0.01111
2 0.31068 0.30231 0.00365 0.01019
3 0.31068 0.30972 0.0026 0.01019
2 0.32474 0.30417 0.00365 0.01204
3 0.32422 0.3125 0.00365 0.00833
2 0.32214 0.29907 0.0026 0.01296
3 0.32188 0.30694 0.00313 0.01019
1 0.2888 0.32778 0.00469 0.02037
1 0.27734 0.32176 0.00573 0.0213
1 0.27161 0.31991 0.00573 0.0213
1 0.26172 0.31574 0.00469 0.02037
1 0.24635 0.29907 0.00417 0.01852
1 0.23359 0.29861 0.00365 0.01389
1 0.23568 0.29861 0.00365 0.01574
1 0.23307 0.31898 0.00365 0.01944
1 0.23099 0.32083 0.00469 0.0213
1 0.22656 0.32407 0.00521 0.02222
1 0.22083 0.32407 0.00417 0.02222
5 0.34766 0.23981 0.0099 0.01852
4 0.33802 0.35231 0.01562 0.0213
4 0.35391 0.3588 0.01094 0.02315
4 0.37786 0.35972 0.01406 0.02315
4 0.37604 0.34352 0.01667 0.02222
4 0.40807 0.3375 0.01302 0.02315
4 0.3875 0.32778 0.01562 0.02222
4 0.39583 0.31389 0.0125 0.01852
4 0.38385 0.29722 0.0125 0.01852
4 0.39948 0.30324 0.01042 0.01944
4 0.41953 0.29907 0.01094 0.01667
4 0.42682 0.28056 0.0099 0.01667
4 0.44427 0.26343 0.00937 0.01389
4 0.42995 0.26481 0.00885 0.01481
4 0.43281 0.25463 0.00729 0.01481
5 0.4362 0.24491 0.00781 0.01389
9 0.43724 0.23704 0.0099 0.01852
4 0.40365 0.29491 0.01042 0.01574
4 0.40833 0.28565 0.00937 0.01574
9 0.39245 0.275 0.01823 0.03519
4 0.4125 0.27222 0.00833 0.01296
4 0.4151 0.26389 0.00833 0.01481
4 0.41927 0.25417 0.00833 0.01389
4 0.42161 0.24676 0.00781 0.01204
5 0.42526 0.24028 0.00677 0.01574
4 0.42318 0.2338 0.00677 0.01019
4 0.41875 0.2287 0.00729 0.01111
5 0.42422 0.22361 0.00781 0.01389
9 0.40313 0.25093 0.01354 0.03148
4 0.40964 0.24722 0.00781 0.01111
4 0.41198 0.23843 0.00729 0.01204
4 0.41068 0.2338 0.00677 0.00833
4 0.41016 0.22963 0.00781 0.01296
0 0.38958 0.24676 0.0125 0.01944
2 0.30391 0.27917 0.00365 0.01204
3 0.30391 0.28657 0.00469 0.01019
4 0.31016 0.27315 0.00365 0.01667
1 0.32057 0.28148 0.00365 0.01852
1 0.31823 0.27546 0.00313 0.01759
1 0.31641 0.27731 0.00365 0.01389
