4 0.33464 0.47546 0.03177 0.07685
4 0.33151 0.36528 0.0224 0.04722
4 0.33437 0.29722 0.01875 0.04259
4 0.33437 0.25833 0.01354 0.03333
4 0.33229 0.23704 0.01458 0.02778
4 0.31198 0.20926 0.01146 0.01852
4 0.3724 0.2037 0.01146 0.01667
5 0.33333 0.14676 0.00729 0.01204
4 0.34375 0.13704 0.00521 0.00926
4 0.34219 0.12407 0.00313 0.00556
4 0.33229 0.12222 0.00521 0.00556
4 0.35286 0.16481 0.00781 0.01296
4 0.34193 0.11435 0.00365 0.00648
0 0.33073 0.0912 0.01979 0.03426
4 0.31458 0.13981 0.00521 0.00926
4 0.31745 0.12917 0.00781 0.00648
4 0.31823 0.11944 0.00417 0.00741
4 0.32526 0.11991 0.00469 0.00648
5 0.33125 0.2037 0.00937 0.02037
4 0.33099 0.22037 0.01198 0.01667
4 0.32214 0.14815 0.00573 0.00926
9 0.31797 0.16435 0.01198 0.0287
4 0.43203 0.19491 0.01406 0.01574
4 0.49219 0.29815 0.02292 0.03148
4 0.44974 0.23889 0.01615 0.02222
5 0.43776 0.22176 0.00885 0.01759
7 0.39375 0.27824 0.01354 0.03056
8 0.40885 0.30185 0.01458 0.03704
1 0.39349 0.27361 0.00781 0.0213
1 0.39531 0.27546 0.00417 0.01389
5 0.55417 0.38611 0.0375 0.0537
1 0.43438 0.31528 0.00521 0.02315
10 0.43385 0.32454 0.00625 0.0213
1 0.53255 0.33102 0.00677 0.0287
1 0.57266 0.38194 0.00469 0.0287
1 0.57604 0.37037 0.00417 0.03148
1 0.57083 0.35833 0.00521 0.02963
1 0.56979 0.35046 0.00521 0.025
1 0.55573 0.36019 0.00521 0.02407
1 0.56198 0.34907 0.00521 0.02407
1 0.54063 0.32593 0.00521 0.02407
2 0.54427 0.33843 0.00937 0.01944
1 0.37422 0.18056 0.00365 0.00926
1 0.37474 0.18194 0.00365 0.01019
10 0.37448 0.18519 0.00313 0.00926
3 0.35156 0.14074 0.00417 0.00556
3 0.35677 0.14074 0.00208 0.0037
3 0.35391 0.13519 0.00365 0.0037
1 0.3513 0.13704 0.00156 0.00741
1 0.35677 0.13843 0.00208 0.00463
5 0.10547 0.40926 0.0651 0.06852
4 0.21328 0.29907 0.0276 0.03148
4 0.22604 0.25972 0.01979 0.03056
4 0.23984 0.24259 0.01615 0.02222
4 0.24557 0.23241 0.01615 0.02222
4 0.24036 0.21898 0.02552 0.01759
4 0.25781 0.20694 0.01354 0.01759
4 0.25833 0.19259 0.01667 0.01852
7 0.16849 0.35278 0.02656 0.03148
7 0.11146 0.33935 0.02813 0.04352
7 0.14896 0.29722 0.03438 0.03519
8 0.03151 0.44722 0.0276 0.05556
10 0.08333 0.37083 0.02292 0.02685
10 0.06719 0.3662 0.01875 0.0213
10 0.03854 0.36204 0.01979 0.02222
10 0.04818 0.39444 0.01302 0.03148
10 0.05339 0.3463 0.01302 0.03148
10 0.09271 0.31806 0.01458 0.02315
10 0.06589 0.31435 0.01198 0.01944
10 0.07474 0.31111 0.01302 0.01852
10 0.07734 0.30509 0.01406 0.01944
10 0.01615 0.37685 0.01146 0.03148
10 0.14609 0.20694 0.00781 0.01389
10 0.13411 0.21991 0.00781 0.01389
10 0.01146 0.33889 0.01042 0.02963
10 0.00391 0.40093 0.00781 0.03333
10 0.00703 0.36806 0.0099 0.0287
3 0.04063 0.41435 0.01979 0.03056
10 0.03828 0.4 0.01302 0.03148
0 0.10885 0.26852 0.02813 0.01667
0 0.09062 0.28611 0.02813 0.01667
0 0.07474 0.26852 0.02865 0.01667
0 0.05365 0.28796 0.02813 0.01667
0 0.03021 0.30556 0.02813 0.01667
0 0.03255 0.32546 0.02656 0.01574
0 0.05391 0.3125 0.00885 0.02685
3 0.12474 0.23194 0.0099 0.01204
3 0.12031 0.24954 0.0125 0.01389
10 0.12682 0.225 0.01094 0.01296
10 0.19219 0.26667 0.00937 0.01852
1 0.18411 0.32269 0.00573 0.03241
1 0.16901 0.31759 0.00469 0.02963
1 0.17057 0.3162 0.00469 0.0287
1 0.17682 0.31204 0.00781 0.02593
1 0.15599 0.3463 0.00781 0.03148
1 0.10911 0.2963 0.00677 0.02407
1 0.17214 0.24259 0.00469 0.02037
1 0.17969 0.23657 0.00417 0.01574
1 0.1776 0.24769 0.00417 0.01574
1 0.17604 0.22731 0.00521 0.01574
3 0.09609 0.46528 0.01927 0.03241
10 0.15599 0.4287 0.01406 0.03333
10 0.16042 0.38889 0.01562 0.02593
1 0.15964 0.38333 0.0099 0.02778
1 0.15547 0.41667 0.0099 0.02778
1 0.09479 0.45093 0.01042 0.03889
2 0.00391 0.29259 0.00781 0.02037
10 0.06615 0.34907 0.00937 0.01852
1 0.21875 0.275 0.00521 0.02407
1 0.22578 0.27315 0.00469 0.02407
10 0.22995 0.30741 0.00781 0.01481
1 0.22917 0.30046 0.00417 0.01759
5 0.41068 0.66435 0.0776 0.08611
1 0.63568 0.53287 0.01302 0.05833
1 0.67422 0.53287 0.0099 0.05278
1 0.66276 0.53241 0.01198 0.05
1 0.62917 0.33657 0.00521 0.03241
1 0.62526 0.33102 0.00573 0.03241
1 0.67865 0.34398 0.00521 0.02685
1 0.70573 0.35231 0.00521 0.0287
1 0.62031 0.36065 0.00521 0.0213
3 0.68307 0.48657 0.03281 0.03796
3 0.63802 0.36019 0.00833 0.02778
10 0.61927 0.42083 0.01458 0.03241
10 0.69193 0.40648 0.01198 0.02778
10 0.70182 0.38426 0.00885 0.02778
10 0.61589 0.3787 0.01198 0.02778
1 0.6862 0.47731 0.01406 0.04167
