0 0.4099 0.04676 0.13958 0.04352
1 0.17682 0.27407 0.02448 0.09259
1 0.18542 0.21574 0.01771 0.06852
1 0.23776 0.19259 0.01615 0.05741
2 0.34609 0.18102 0.00885 0.025
2 0.29036 0.15833 0.00677 0.03148
2 0.28776 0.15648 0.01302 0.04074
10 0.28854 0.16759 0.00729 0.02778
2 0.31719 0.16157 0.0125 0.04352
10 0.31823 0.16991 0.00729 0.03241
2 0.33203 0.14861 0.00885 0.04352
10 0.33151 0.16065 0.01927 0.0287
2 0.3401 0.11204 0.00625 0.02037
2 0.34089 0.10833 0.00781 0.02222
1 0.36693 0.09491 0.00677 0.025
2 0.39271 0.125 0.00833 0.01852
10 0.37474 0.12176 0.00885 0.0287
8 0.34766 0.08009 0.01719 0.0213
1 0.40547 0.1625 0.00885 0.03611
1 0.41146 0.16435 0.00729 0.03241
1 0.41432 0.16065 0.00781 0.03241
1 0.34687 0.13519 0.00729 0.03148
2 0.34219 0.14676 0.00833 0.03056
10 0.34167 0.15833 0.01354 0.02222
10 0.36406 0.13194 0.01562 0.02315
10 0.35964 0.13843 0.01615 0.025
1 0.37708 0.0963 0.00521 0.02407
1 0.37292 0.09491 0.00625 0.025
1 0.40599 0.11065 0.00573 0.02685
1 0.38594 0.10185 0.00521 0.02407
1 0.38438 0.10231 0.00417 0.02315
1 0.41198 0.08194 0.00417 0.01759
1 0.40547 0.08148 0.00573 0.02037
1 0.41172 0.1375 0.00469 0.01944
1 0.41953 0.13565 0.00469 0.025
1 0.43125 0.1537 0.00729 0.02593
2 0.41771 0.11667 0.00729 0.01667
1 0.42448 0.12176 0.00521 0.01944
1 0.42552 0.13843 0.00521 0.0213
1 0.43646 0.1287 0.00625 0.02593
1 0.43021 0.12546 0.00521 0.01944
1 0.42995 0.1125 0.00573 0.0213
1 0.43516 0.10602 0.00469 0.01759
1 0.44036 0.10278 0.00469 0.01852
10 0.32526 0.10093 0.01094 0.02222
10 0.31641 0.10648 0.0151 0.02037
2 0.39479 0.14259 0.01042 0.02407
