1 0.24375 0.67908 0.01691 0.05359
1 0.19375 0.88105 0.02132 0.05752
4 0.30956 0.96013 0.07059 0.07974
10 0.02426 0.97386 0.04853 0.05229
1 0.40368 0.9268 0.01471 0.04183
3 0.40404 0.94379 0.04485 0.04967
1 0.7864 0.93529 0.01838 0.05098
1 0.79706 0.94641 0.02206 0.0549
2 0.80515 0.91634 0.02353 0.03399
1 0.83015 0.84379 0.03088 0.04575
1 0.8511 0.86209 0.01985 0.04314
1 0.83309 0.8817 0.02206 0.04052
1 0.9364 0.56275 0.01838 0.04052
2 0.98419 0.41895 0.02426 0.03791
10 0.97941 0.42157 0.04118 0.04052
1 0.82353 0.40458 0.01618 0.05359
1 0.82978 0.4 0.01838 0.04967
5 0.87243 0.31634 0.09485 0.08366
1 0.92059 0.20261 0.01912 0.04706
1 0.68162 0.22876 0.01029 0.04706
3 0.68529 0.23268 0.01765 0.04967
4 0.74375 0.24706 0.08309 0.08889
2 0.25478 0.45425 0.00956 0.03529
2 0.25368 0.45817 0.01912 0.05882
10 0.25515 0.45882 0.02941 0.0366
2 0.14007 0.40392 0.01691 0.03922
7 0.13787 0.4085 0.04044 0.04052
2 0.20368 0.2183 0.01618 0.04444
2 0.30221 0.28039 0.01324 0.04052
2 0.31544 0.27843 0.01324 0.03137
10 0.20368 0.22614 0.03235 0.03399
7 0.30772 0.28431 0.04044 0.04837
4 0.03934 0.3268 0.07868 0.08627
4 0.1261 0.17778 0.08603 0.06536
4 0.04118 0.14379 0.08235 0.07059
1 0.10551 0.11569 0.01397 0.05098
7 0.09044 0.07908 0.02059 0.06144
3 0.20368 0.10654 0.01471 0.04052
10 0.21507 0.11765 0.01103 0.04183
10 0.22868 0.11307 0.01029 0.04837
4 0.25993 0.10784 0.04338 0.08235
4 0.31507 0.0719 0.04926 0.08366
2 0.63676 0.09346 0.01029 0.03791
1 0.65625 0.1085 0.01397 0.03399
1 0.66654 0.09804 0.00956 0.04706
10 0.66103 0.10392 0.01029 0.04052
10 0.74963 0.16601 0.03015 0.03399
10 0.75625 0.06275 0.02426 0.03399
10 0.78603 0.07974 0.01176 0.04183
1 0.75551 0.09412 0.0125 0.04444
1 0.77059 0.07059 0.01029 0.03137
1 0.82022 0.02418 0.01103 0.04314
1 0.79265 0.07255 0.01029 0.04575
1 0.80919 0.17516 0.0125 0.04444
1 0.82059 0.17124 0.01471 0.03922
2 0.81287 0.16993 0.0125 0.02876
4 0.56949 0.32549 0.04044 0.11765
