1 0.50651 0.56019 0.00781 0.04444
1 0.5625 0.6162 0.01146 0.04352
1 0.53125 0.60185 0.01458 0.04259
1 0.55104 0.60833 0.00833 0.03889
9 0.24948 0.57546 0.08021 0.20093
4 0.31823 0.58704 0.03125 0.09815
4 0.37448 0.53843 0.02813 0.075
4 0.28984 0.39213 0.0224 0.05648
4 0.33516 0.42685 0.02448 0.06667
4 0.43151 0.48102 0.03073 0.05833
5 0.3724 0.42731 0.02396 0.05648
4 0.39974 0.41574 0.0224 0.0537
4 0.41276 0.35463 0.02031 0.04259
4 0.37995 0.32176 0.01823 0.03796
4 0.40208 0.27639 0.01562 0.03056
4 0.32943 0.34074 0.02031 0.05185
4 0.30521 0.28981 0.01771 0.03889
4 0.31276 0.20833 0.0151 0.03148
4 0.40026 0.17639 0.01302 0.02315
4 0.34271 0.13102 0.01146 0.025
4 0.34297 0.17083 0.01198 0.025
4 0.32526 0.13148 0.01198 0.02593
4 0.34609 0.1088 0.0099 0.01759
4 0.3638 0.0963 0.00885 0.01667
4 0.37526 0.08565 0.00885 0.01574
4 0.36302 0.08009 0.00937 0.01389
4 0.38646 0.06806 0.00729 0.01389
4 0.37266 0.0713 0.00885 0.01296
4 0.36016 0.05231 0.00781 0.01204
4 0.36172 0.06574 0.00781 0.01296
4 0.34922 0.04306 0.00781 0.01204
4 0.36302 0.025 0.00729 0.00926
4 0.36745 0.03426 0.00677 0.01111
4 0.34323 0.0125 0.00625 0.01019
4 0.34609 0.02454 0.00677 0.01204
4 0.36094 0.04167 0.00729 0.01296
4 0.37005 0.05185 0.00781 0.01111
4 0.37812 0.04583 0.00729 0.01204
4 0.38177 0.05602 0.00729 0.01389
4 0.36562 0.11204 0.01042 0.01667
4 0.38333 0.18611 0.01458 0.02407
4 0.38776 0.21852 0.01615 0.02778
4 0.60651 0.12546 0.01823 0.01759
4 0.61901 0.12454 0.01719 0.01574
4 0.58281 0.12546 0.01562 0.01759
4 0.59557 0.12546 0.01406 0.01944
4 0.56979 0.12593 0.01875 0.01667
4 0.59635 0.09907 0.01562 0.01852
4 0.5862 0.10093 0.01406 0.01667
0 0.55833 0.10046 0.02396 0.01944
4 0.61198 0.10046 0.01562 0.01574
4 0.62474 0.1 0.01406 0.01481
4 0.6388 0.09676 0.01927 0.01944
4 0.65651 0.10972 0.0224 0.01574
4 0.65521 0.11528 0.02292 0.01759
4 0.58646 0.07269 0.01146 0.01574
4 0.59531 0.07269 0.01146 0.01574
4 0.5763 0.07269 0.01198 0.01574
4 0.56641 0.0713 0.01406 0.01667
4 0.55755 0.07222 0.01198 0.01667
4 0.55208 0.08056 0.02187 0.01481
4 0.62422 0.08796 0.01302 0.00926
4 0.6151 0.08981 0.01458 0.01296
4 0.60495 0.09028 0.01302 0.01389
4 0.59297 0.08981 0.0151 0.01296
4 0.58255 0.08935 0.01406 0.01019
0 0.55755 0.03657 0.11094 0.03981
0 0.62187 0.06713 0.02813 0.01759
0 0.65052 0.07546 0.02708 0.01204
0 0.67969 0.09537 0.01979 0.01481
0 0.66042 0.08981 0.01771 0.01296
0 0.57005 0.05972 0.03594 0.00463
4 0.51719 0.06528 0.01458 0.01019
0 0.53906 0.06574 0.02187 0.00926
5 0.46094 0.025 0.00937 0.01296
4 0.46016 0.00509 0.00573 0.00833
4 0.46667 0.00556 0.00729 0.00926
4 0.49479 0.00509 0.00833 0.01019
4 0.50651 0.00463 0.00885 0.00926
4 0.51406 0.00463 0.00729 0.00926
4 0.52031 0.00556 0.00625 0.00926
4 0.52708 0.00556 0.00729 0.00926
4 0.53438 0.00556 0.00729 0.00926
4 0.49115 0.03472 0.01146 0.01204
4 0.44323 0.6088 0.04271 0.08426
5 0.33151 0.2162 0.01406 0.03981
5 0.35182 0.03148 0.00677 0.01667
5 0.35208 0.00787 0.00625 0.01389
5 0.38958 0.08843 0.00833 0.01944
5 0.38464 0.24167 0.0151 0.03333
5 0.32266 0.1713 0.01302 0.03333
4 0.34245 0.00463 0.00573 0.00926
4 0.33411 0.02361 0.00781 0.01204
4 0.33229 0.03241 0.00729 0.00926
4 0.37526 0.01481 0.01406 0.00926
4 0.36354 0.01806 0.00729 0.01019
4 0.36901 0.01065 0.01406 0.01019
4 0.36458 0.00417 0.00729 0.00833
4 0.35599 0.0037 0.00469 0.00741
9 0.37891 0.03102 0.0099 0.02685
6 0.3362 0.0662 0.01719 0.04167
6 0.32656 0.09583 0.01458 0.03981
6 0.36979 0.14213 0.01979 0.05278
6 0.36328 0.21435 0.02344 0.10833
6 0.33724 0.25 0.0224 0.07222
4 0.3776 0.68009 0.03333 0.05648
6 0.22839 0.07685 0.01302 0.03519
1 0.22448 0.1 0.00313 0.01667
4 0.03672 0.10185 0.02865 0.02037
4 0.02422 0.13056 0.01823 0.02222
4 0.04323 0.16435 0.02187 0.02685
4 0.07135 0.15926 0.02187 0.02778
4 0.09531 0.15833 0.02083 0.02593
4 0.11302 0.15787 0.01771 0.02685
4 0.13073 0.16111 0.02187 0.02778
6 0.10807 0.11157 0.03698 0.0287
4 0.00703 0.13148 0.01406 0.02222
4 0.00495 0.16019 0.0099 0.02222
4 0.17266 0.11065 0.01302 0.01944
2 0.3112 0.13704 0.0026 0.01667
3 0.31068 0.14213 0.0026 0.01204
1 0.29922 0.10139 0.0026 0.01574
0 0.31016 0.09722 0.0099 0.01296
1 0.4013 0.1 0.0026 0.01481
2 0.38307 0.08889 0.00365 0.01296
2 0.36745 0.05833 0.0026 0.01111
2 0.37292 0.05694 0.00313 0.01019
10 0.38307 0.09259 0.00365 0.01111
10 0.36693 0.06157 0.0026 0.00833
10 0.3724 0.05972 0.00313 0.00833
10 0.37188 0.04167 0.00208 0.00741
10 0.37214 0.02778 0.0026 0.00741
2 0.37214 0.02407 0.00156 0.00741
2 0.37161 0.03981 0.0026 0.00926
1 0.33802 0.02037 0.00208 0.01111
