1 0.35365 0.67824 0.01042 0.03796
1 0.37474 0.6412 0.01927 0.03796
1 0.36927 0.59352 0.00729 0.02037
1 0.37578 0.5838 0.00885 0.03241
1 0.40833 0.65231 0.0125 0.04352
4 0.46484 0.66065 0.06615 0.09537
2 0.45339 0.67176 0.0151 0.0287
4 0.50938 0.59769 0.06667 0.10463
1 0.51094 0.40417 0.00937 0.03426
5 0.41016 0.3588 0.05156 0.07315
1 0.5737 0.65972 0.0151 0.03611
1 0.61146 0.64306 0.02187 0.03241
10 0.65677 0.53287 0.01875 0.03981
10 0.56927 0.52824 0.025 0.04167
1 0.67214 0.42731 0.01198 0.0287
10 0.56823 0.32083 0.01562 0.03426
2 0.56953 0.31389 0.01094 0.02407
10 0.6638 0.3537 0.0099 0.03148
1 0.66667 0.34815 0.00937 0.03889
10 0.62005 0.25833 0.0151 0.02963
2 0.62135 0.25463 0.00937 0.02222
4 0.2888 0.40972 0.02656 0.08611
4 0.33854 0.3412 0.04896 0.075
4 0.39219 0.28704 0.05417 0.07407
5 0.44115 0.22269 0.04063 0.06944
4 0.49609 0.16157 0.04219 0.05833
4 0.47786 0.1125 0.03906 0.05278
4 0.52812 0.06296 0.03646 0.05
4 0.56875 0.02176 0.03542 0.04352
10 0.45 0.10509 0.01354 0.03056
10 0.47734 0.04444 0.01198 0.02593
2 0.4513 0.09815 0.00677 0.02778
2 0.47891 0.03657 0.00573 0.02685
1 0.43698 0.05972 0.00833 0.02685
1 0.44297 0.05556 0.00573 0.02593
1 0.3862 0.10278 0.00885 0.03148
5 0.42135 0.05139 0.0375 0.05648
1 0.40859 0.04028 0.00469 0.02685
5 0.3888 0.13472 0.04948 0.08056
5 0.38646 0.20648 0.03958 0.06667
4 0.36823 0.09167 0.04167 0.0537
5 0.32917 0.18796 0.05417 0.08333
5 0.27708 0.25 0.04688 0.07593
6 0.32656 0.26157 0.07187 0.125
10 0.28099 0.35278 0.02552 0.03704
2 0.28255 0.34815 0.01302 0.03148
5 0.37318 0.02639 0.04115 0.04537
4 0.31875 0.07917 0.04375 0.04352
4 0.28828 0.09028 0.03698 0.05833
1 0.31094 0.15972 0.00729 0.03056
7 0.3099 0.13889 0.02813 0.04074
1 0.30547 0.18194 0.00573 0.02315
7 0.29245 0.16435 0.03177 0.04537
2 0.28724 0.1537 0.0099 0.02778
7 0.27266 0.18194 0.02865 0.04537
7 0.25521 0.20185 0.02708 0.04444
7 0.23568 0.21852 0.0276 0.0463
2 0.22969 0.23056 0.00937 0.02778
1 0.20938 0.26481 0.01146 0.03519
7 0.19219 0.25787 0.02708 0.04722
10 0.24766 0.09491 0.01094 0.025
10 0.21068 0.15833 0.0151 0.03148
10 0.19141 0.15324 0.01406 0.0287
10 0.19818 0.13241 0.01927 0.02222
1 0.1724 0.15648 0.00729 0.02963
1 0.18203 0.14537 0.00781 0.02963
1 0.20911 0.13796 0.00885 0.02593
1 0.18828 0.14167 0.00677 0.02778
3 0.22474 0.16713 0.02031 0.01944
3 0.20651 0.18611 0.01719 0.02963
10 0.18203 0.19537 0.0099 0.03148
2 0.18281 0.1963 0.00729 0.02037
10 0.15495 0.21481 0.02552 0.03148
1 0.16693 0.11944 0.00885 0.02593
1 0.15885 0.11574 0.01042 0.02778
2 0.15443 0.12222 0.0099 0.02593
2 0.08177 0.16435 0.00937 0.0213
1 0.17474 0.29444 0.0099 0.02963
1 0.15937 0.30926 0.00937 0.03148
1 0.18073 0.28704 0.01042 0.02963
1 0.17526 0.26806 0.00885 0.03241
1 0.18307 0.26806 0.00885 0.0287
7 0.1651 0.28102 0.02813 0.04722
7 0.175 0.32778 0.0375 0.0537
1 0.14297 0.28889 0.01302 0.03148
7 0.13047 0.29954 0.03073 0.06204
10 0.11771 0.36389 0.01875 0.03889
10 0.06432 0.2537 0.02656 0.02778
10 0.04349 0.20972 0.02135 0.0287
10 0.03073 0.20324 0.02396 0.025
2 0.05495 0.33704 0.01198 0.02963
1 0.04453 0.37824 0.01615 0.03426
7 0.02292 0.39259 0.02292 0.06111
7 0.05599 0.30602 0.03073 0.04722
6 0.02396 0.29583 0.04792 0.09907
