0 0.56615 0.82685 0.05729 0.20926
0 0.55573 0.31574 0.06042 0.11296
0 0.43229 0.24444 0.1875 0.13889
0 0.16641 0.80231 0.0474 0.07685
0 0.28229 0.46759 0.09479 0.16481
4 0.31953 0.83704 0.03802 0.07963
4 0.42917 0.8287 0.02917 0.06111
4 0.46719 0.78843 0.02813 0.05833
4 0.46719 0.90278 0.03125 0.08519
4 0.53047 0.97639 0.03906 0.04537
4 0.1513 0.92685 0.04948 0.07963
0 0.18932 0.7537 0.02448 0.05556
1 0.15755 0.87593 0.00885 0.03704
1 0.19766 0.82037 0.01094 0.03704
3 0.23229 0.79769 0.00937 0.02685
2 0.23177 0.78657 0.00833 0.03611
3 0.2401 0.73704 0.00833 0.02222
2 0.2401 0.72454 0.00729 0.02685
1 0.19714 0.80231 0.00781 0.03241
1 0.1651 0.85741 0.00833 0.03519
3 0.1151 0.93009 0.01146 0.03611
2 0.11406 0.91898 0.01458 0.03796
3 0.08724 0.98009 0.02031 0.03611
2 0.08932 0.96343 0.01406 0.03981
4 0.11328 0.98009 0.04427 0.03796
1 0.08854 0.74769 0.00833 0.03241
1 0.08464 0.77731 0.00677 0.02685
1 0.63125 0.86204 0.01042 0.04259
1 0.65833 0.86667 0.01042 0.03704
1 0.74792 0.98056 0.01042 0.03704
1 0.72969 0.98611 0.01042 0.02593
1 0.78255 0.91713 0.00885 0.04537
1 0.79844 0.96296 0.00833 0.04444
1 0.79167 0.91667 0.00833 0.04444
3 0.69557 0.89491 0.00781 0.03426
2 0.69609 0.88426 0.00781 0.03704
2 0.6776 0.87963 0.00625 0.03519
3 0.67786 0.8912 0.00677 0.03241
4 0.50938 0.79259 0.02396 0.05556
5 0.54349 0.68704 0.02344 0.04074
4 0.49974 0.67269 0.02344 0.04537
4 0.47292 0.69676 0.02187 0.03981
4 0.4401 0.72037 0.025 0.04259
4 0.36094 0.68519 0.025 0.04444
4 0.44818 0.63611 0.02031 0.03333
4 0.48229 0.62269 0.01875 0.03426
1 0.41849 0.58472 0.00573 0.02685
3 0.64375 0.79074 0.00729 0.02963
2 0.64271 0.7787 0.00729 0.03333
1 0.67917 0.7625 0.00729 0.04167
3 0.66354 0.8 0.00833 0.02778
2 0.66354 0.78981 0.00521 0.02593
1 0.74687 0.87546 0.00521 0.025
1 0.72161 0.84444 0.00781 0.03889
1 0.73724 0.86759 0.00573 0.03889
1 0.74115 0.83565 0.00625 0.03981
1 0.73594 0.85139 0.00937 0.03056
4 0.70547 0.76852 0.03698 0.07037
1 0.74036 0.77315 0.00781 0.03704
3 0.64583 0.74769 0.00625 0.025
2 0.64635 0.73935 0.00729 0.0287
4 0.6888 0.69213 0.02865 0.04907
10 0.725 0.72639 0.01562 0.0213
4 0.71953 0.69583 0.02656 0.05278
1 0.63828 0.65185 0.00677 0.02778
1 0.70208 0.64954 0.00521 0.0287
1 0.60885 0.66944 0.00521 0.03148
1 0.60156 0.66852 0.00729 0.03333
1 0.60156 0.6287 0.00625 0.03148
1 0.11927 0.72407 0.00937 0.02963
1 0.1375 0.62778 0.00729 0.03333
1 0.14948 0.62037 0.00729 0.03148
1 0.16849 0.59213 0.00781 0.03241
1 0.17813 0.59907 0.00833 0.03333
1 0.18229 0.58843 0.00729 0.03056
1 0.19193 0.58704 0.00885 0.03519
1 0.29115 0.575 0.00729 0.02963
1 0.23932 0.57593 0.00885 0.02778
1 0.35052 0.57083 0.00729 0.03056
1 0.36276 0.57407 0.00677 0.02778
1 0.36641 0.57546 0.00469 0.0287
1 0.39635 0.56898 0.00937 0.03426
1 0.30339 0.56296 0.00885 0.02778
1 0.27474 0.56111 0.00677 0.03148
1 0.23698 0.56852 0.00729 0.02778
1 0.48177 0.58519 0.00833 0.02222
1 0.49193 0.58472 0.00573 0.025
1 0.48438 0.5787 0.00625 0.02407
1 0.52656 0.58148 0.00521 0.02778
1 0.53047 0.57639 0.00573 0.0287
1 0.5388 0.56944 0.00781 0.02963
1 0.51068 0.57269 0.00469 0.03241
1 0.5099 0.56991 0.00729 0.0287
1 0.20651 0.74352 0.00573 0.03704
1 0.20755 0.74074 0.00573 0.03333
1 0.21224 0.73009 0.00677 0.0287
1 0.21771 0.71898 0.00729 0.03241
1 0.22344 0.70417 0.00625 0.03426
3 0.22135 0.70046 0.01875 0.01759
9 0.30964 0.6787 0.04948 0.13333
10 0.2737 0.68148 0.00781 0.02407
2 0.27396 0.67361 0.00521 0.025
3 0.26068 0.68056 0.00677 0.02222
2 0.26094 0.67269 0.00625 0.0287
10 0.28359 0.64306 0.00781 0.0213
2 0.28385 0.63565 0.00521 0.02315
3 0.24453 0.63981 0.00677 0.02037
1 0.24557 0.62269 0.00573 0.02315
1 0.6638 0.64074 0.00469 0.02778
1 0.66849 0.63843 0.00469 0.0287
1 0.67083 0.63472 0.00521 0.0287
1 0.71276 0.63657 0.00573 0.02685
4 0.35677 0.61667 0.025 0.04444
4 0.34896 0.55787 0.01771 0.0287
4 0.37474 0.54769 0.01927 0.02685
1 0.39896 0.56713 0.00625 0.025
5 0.48906 0.5463 0.01771 0.02593
4 0.46615 0.53657 0.01667 0.02685
4 0.50078 0.50463 0.0151 0.02407
4 0.44115 0.51944 0.01562 0.02963
4 0.46276 0.50185 0.01406 0.02222
4 0.4388 0.49444 0.01406 0.02222
4 0.44557 0.47685 0.01406 0.02222
4 0.51094 0.45556 0.0125 0.02222
9 0.48776 0.4625 0.01927 0.06019
4 0.44505 0.46019 0.01302 0.01852
4 0.41068 0.49722 0.01406 0.02778
4 0.39036 0.49306 0.01615 0.02685
4 0.37839 0.46991 0.0151 0.025
4 0.39948 0.45694 0.0125 0.025
4 0.38229 0.43843 0.01354 0.0213
4 0.41849 0.43009 0.01094 0.01944
4 0.41849 0.39907 0.01094 0.01852
4 0.40052 0.41019 0.01146 0.01667
4 0.38385 0.40741 0.01146 0.01852
4 0.40781 0.37407 0.01042 0.01667
4 0.43646 0.37222 0.00937 0.01481
4 0.41432 0.35741 0.00885 0.01296
4 0.39531 0.35926 0.00937 0.01481
4 0.43151 0.35278 0.00885 0.01667
1 0.55365 0.48056 0.00417 0.01852
4 0.53854 0.47454 0.02292 0.0213
4 0.53906 0.45139 0.02604 0.01944
5 0.53802 0.43981 0.02708 0.01852
4 0.49271 0.43148 0.01146 0.02037
4 0.4974 0.41296 0.01146 0.01852
4 0.4487 0.44213 0.01198 0.01944
4 0.45052 0.42593 0.01146 0.01667
4 0.45182 0.41389 0.01094 0.01481
4 0.45417 0.40231 0.01042 0.01389
4 0.45469 0.39259 0.01042 0.01296
4 0.53906 0.4287 0.02292 0.01667
4 0.54688 0.38657 0.01042 0.01759
0 0.52344 0.3213 0.09792 0.02778
4 0.46953 0.39491 0.0099 0.01759
4 0.50052 0.37593 0.01042 0.01481
9 0.48698 0.37731 0.01562 0.03796
4 0.50938 0.36481 0.00833 0.01296
4 0.51042 0.35648 0.00833 0.01111
4 0.47135 0.3713 0.00833 0.01296
4 0.45547 0.38333 0.0099 0.01296
4 0.45885 0.36481 0.00833 0.01481
4 0.46068 0.35046 0.00781 0.01204
4 0.46224 0.34074 0.00781 0.01111
4 0.47344 0.3625 0.00833 0.01389
4 0.47318 0.35509 0.00885 0.01019
9 0.41016 0.33333 0.0151 0.03889
4 0.43099 0.33148 0.00781 0.01296
4 0.42005 0.32222 0.00781 0.01111
4 0.49661 0.35324 0.00677 0.01204
1 0.62005 0.5662 0.00573 0.02685
1 0.62552 0.56528 0.00521 0.025
1 0.63906 0.52824 0.00417 0.0213
1 0.63542 0.53009 0.00521 0.0213
1 0.64505 0.525 0.00573 0.02407
2 0.62604 0.53657 0.00625 0.01759
1 0.63411 0.51759 0.00573 0.01667
1 0.56667 0.52963 0.00417 0.02407
1 0.56172 0.53102 0.00365 0.0213
1 0.59714 0.55278 0.00573 0.02593
1 0.58203 0.54259 0.00573 0.02407
1 0.57812 0.53519 0.00417 0.02407
3 0.6013 0.54676 0.00469 0.01574
2 0.60234 0.5412 0.00573 0.01759
1 0.59479 0.51111 0.00521 0.02222
1 0.58958 0.51111 0.00521 0.02407
3 0.57214 0.5088 0.00573 0.01389
2 0.57188 0.50231 0.00417 0.01574
1 0.57344 0.48935 0.00417 0.0213
1 0.6362 0.49306 0.00469 0.0213
1 0.62031 0.48333 0.00521 0.02222
1 0.62135 0.46296 0.00417 0.02037
1 0.61823 0.44954 0.00417 0.01944
1 0.62161 0.44444 0.00469 0.01852
1 0.60521 0.52731 0.00521 0.02315
3 0.6125 0.53148 0.00521 0.01667
2 0.61224 0.52454 0.00469 0.01944
1 0.6 0.49722 0.00521 0.02222
10 0.59089 0.53796 0.00469 0.01667
2 0.59193 0.53472 0.00469 0.01389
2 0.59167 0.53102 0.00417 0.01574
1 0.60964 0.47222 0.00469 0.01852
1 0.59375 0.48009 0.00521 0.0213
1 0.58958 0.48102 0.00417 0.0213
1 0.58672 0.46944 0.00365 0.02037
1 0.59036 0.46713 0.00469 0.01759
1 0.57943 0.46991 0.00469 0.01944
1 0.57526 0.47037 0.00469 0.02037
10 0.56302 0.49398 0.00417 0.01389
2 0.5638 0.49074 0.00469 0.01296
2 0.56328 0.47778 0.00469 0.01667
0 0.5737 0.41574 0.03385 0.08704
0 0.36797 0.31713 0.0599 0.06204
