2 0.70208 0.51852 0.01146 0.03889
7 0.69948 0.52222 0.01667 0.04074
4 0.53177 0.67685 0.05 0.06296
2 0.45286 0.49954 0.01198 0.04352
10 0.45182 0.5125 0.01198 0.03796
4 0.41432 0.56296 0.05469 0.11296
2 0.39167 0.59861 0.0125 0.03981
10 0.38984 0.60231 0.01615 0.06204
1 0.15729 0.39259 0.00729 0.03704
1 0.18464 0.39954 0.00781 0.04167
1 0.19453 0.39074 0.01094 0.03889
1 0.20911 0.39352 0.00781 0.03889
2 0.21849 0.37083 0.00885 0.0287
1 0.23542 0.40185 0.00625 0.03889
3 0.26797 0.43241 0.01198 0.02778
11 0.25026 0.44306 0.0849 0.09352
2 0.00833 0.3625 0.00937 0.03611
1 0.00885 0.35324 0.00729 0.03796
10 0.0099 0.36852 0.01667 0.02407
3 0.08464 0.25185 0.01302 0.01667
3 0.12604 0.2537 0.01562 0.01852
3 0.30911 0.18056 0.00469 0.01852
3 0.17083 0.25046 0.01562 0.02315
3 0.20286 0.22685 0.00677 0.02222
3 0.24245 0.24444 0.0099 0.02222
3 0.19766 0.21157 0.00885 0.01389
1 0.32865 0.15926 0.00417 0.02037
1 0.33906 0.1662 0.00521 0.01944
10 0.3388 0.17037 0.00469 0.01667
1 0.3151 0.16481 0.00521 0.02222
4 0.50495 0.36157 0.03698 0.06574
4 0.39375 0.30231 0.03125 0.06019
4 0.43021 0.29722 0.04167 0.04074
6 0.125 0.34074 0.11354 0.09259
5 0.42188 0.09306 0.0125 0.0213
4 0.38177 0.08333 0.01146 0.01481
4 0.33672 0.07176 0.01094 0.01574
4 0.32839 0.04954 0.0099 0.01389
4 0.33776 0.04028 0.00781 0.01389
4 0.36094 0.03333 0.00833 0.01111
4 0.34036 0.00231 0.00677 0.00463
4 0.32552 0.00926 0.00729 0.01111
6 0.31198 0.00556 0.00729 0.01111
1 0.30964 0.15093 0.00365 0.02407
4 0.40885 0.04028 0.01771 0.01204
4 0.39036 0.04352 0.0151 0.01296
10 0.38698 0.06389 0.00313 0.00926
2 0.38672 0.06111 0.0026 0.01111
0 0.46771 0.00509 0.01562 0.01019
4 0.46875 0.01528 0.01875 0.01204
4 0.48333 0.01667 0.01354 0.01111
4 0.48307 0.01296 0.01302 0.01111
4 0.51484 0.00602 0.01302 0.01019
4 0.52214 0.00926 0.01198 0.01111
4 0.52865 0.01343 0.01146 0.01019
4 0.53203 0.01574 0.01302 0.00926
0 0.55339 0.02731 0.02552 0.02315
5 0.57057 0.03287 0.01719 0.01389
5 0.58047 0.01157 0.01302 0.01204
4 0.58177 0.01898 0.01562 0.01019
4 0.56536 0.04815 0.01719 0.01296
4 0.57839 0.05046 0.01823 0.01389
4 0.59766 0.02731 0.01823 0.01204
4 0.61068 0.03102 0.01927 0.01204
4 0.59948 0.04861 0.01771 0.01204
0 0.59323 0.05972 0.01042 0.00833
5 0.60755 0.06296 0.01719 0.01481
4 0.60885 0.05556 0.01667 0.01481
4 0.6125 0.05741 0.01875 0.01296
4 0.63333 0.06204 0.01979 0.01296
4 0.63359 0.06713 0.02135 0.01389
4 0.63932 0.07037 0.01823 0.01481
4 0.65573 0.07731 0.01875 0.01574
5 0.66094 0.08056 0.01979 0.01667
5 0.66406 0.08148 0.01562 0.01667
4 0.65599 0.05093 0.01615 0.01296
4 0.66198 0.05278 0.01875 0.01296
5 0.65911 0.06296 0.0151 0.01852
4 0.66771 0.0588 0.01667 0.01389
5 0.68333 0.06296 0.01875 0.01481
4 0.69974 0.06991 0.01615 0.01574
5 0.7026 0.0713 0.01146 0.01667
5 0.69323 0.09444 0.02292 0.01667
4 0.67656 0.10324 0.02604 0.01759
4 0.68542 0.09074 0.02292 0.01667
4 0.67552 0.08935 0.01771 0.01389
5 0.69948 0.09954 0.01771 0.01759
4 0.6974 0.11528 0.02187 0.01759
