6 0.65599 0.23519 0.04948 0.1537
6 0.66771 0.10231 0.05937 0.10833
6 0.44271 0.12824 0.08229 0.09907
6 0.29844 0.22361 0.12604 0.15093
6 0.34505 0.30185 0.12448 0.15741
6 0.3974 0.35 0.13542 0.16852
6 0.45365 0.38843 0.11875 0.15648
1 0.48464 0.47824 0.0224 0.06944
7 0.59557 0.64491 0.11302 0.1213
6 0.05885 0.48981 0.11771 0.28148
4 0.03333 0.08241 0.05521 0.05556
7 0.05417 0.10694 0.05 0.05278
1 0.16354 0.16574 0.01458 0.04259
1 0.16615 0.3463 0.02083 0.06481
1 0.17917 0.48472 0.02292 0.0713
1 0.11745 0.67083 0.0224 0.07315
1 0.18281 0.67176 0.02187 0.07315
1 0.23568 0.35139 0.01719 0.06204
1 0.27083 0.38241 0.01354 0.06852
1 0.28203 0.41389 0.0151 0.07593
1 0.30234 0.43241 0.01719 0.06852
1 0.30599 0.38796 0.0151 0.07222
1 0.31823 0.4 0.01667 0.07222
1 0.29115 0.40741 0.01458 0.07037
1 0.44036 0.01574 0.01198 0.03148
1 0.12214 0.12546 0.01302 0.04352
1 0.11823 0.02778 0.0125 0.0463
0 0.27448 0.04583 0.16771 0.08426
2 0.59661 0.65417 0.03385 0.06204
2 0.61901 0.67037 0.02969 0.07593
