4 0.48125 0.62222 0.12917 0.17222
4 0.32969 0.42037 0.04583 0.12593
4 0.4612 0.33611 0.0526 0.09074
4 0.32943 0.29537 0.03698 0.08889
10 0.28281 0.31852 0.00937 0.04259
1 0.28229 0.30139 0.00833 0.03981
1 0.2849 0.29537 0.00937 0.04074
1 0.24036 0.34769 0.00781 0.04167
1 0.24245 0.33009 0.00885 0.05278
1 0.21536 0.30509 0.00885 0.04907
1 0.21667 0.29815 0.00833 0.05185
1 0.21354 0.27824 0.01042 0.04352
10 0.24792 0.27731 0.01771 0.05093
4 0.18464 0.23194 0.07656 0.075
1 0.03099 0.38611 0.0224 0.06296
7 0.02682 0.32037 0.04323 0.04074
10 0.29375 0.25278 0.01146 0.03519
1 0.29557 0.23657 0.01198 0.04167
4 0.34948 0.1912 0.02917 0.06574
5 0.28229 0.12824 0.02813 0.075
4 0.4474 0.24444 0.03646 0.06481
1 0.48802 0.24306 0.00833 0.04722
4 0.42057 0.16806 0.03177 0.04907
4 0.39635 0.09398 0.02292 0.03981
10 0.31745 0.07778 0.00469 0.02222
1 0.31745 0.06481 0.00677 0.01852
7 0.30104 0.04954 0.01042 0.03056
4 0.39531 0.02963 0.02083 0.03519
10 0.41406 0.01806 0.00521 0.01944
1 0.41406 0.01065 0.00417 0.01759
4 0.47057 0.02454 0.03802 0.02685
1 0.49141 0.13611 0.00573 0.02963
1 0.5026 0.13472 0.00417 0.025
1 0.50651 0.12639 0.00469 0.0287
1 0.51276 0.14306 0.00573 0.03611
1 0.52031 0.14028 0.00729 0.03796
1 0.49974 0.18333 0.0099 0.04074
10 0.48411 0.1875 0.01406 0.03981
10 0.50286 0.17454 0.01927 0.025
10 0.52083 0.21019 0.02604 0.02963
1 0.58437 0.39815 0.01354 0.0537
1 0.59427 0.42685 0.01458 0.05926
1 0.59141 0.41343 0.01927 0.04907
2 0.69453 0.42685 0.01406 0.03519
10 0.52526 0.1 0.0224 0.02593
1 0.54193 0.07222 0.00573 0.03519
10 0.50391 0.05324 0.02135 0.02315
1 0.70156 0.30231 0.01354 0.05648
4 0.31589 0.0125 0.0224 0.025
