0 0.87537 0.2549 0.24926 0.03922
4 0.23676 0.63007 0.10882 0.11765
4 0.33309 0.65752 0.09265 0.1281
4 0.43162 0.64771 0.06324 0.12157
5 0.52132 0.66993 0.1 0.1451
4 0.61875 0.68889 0.07574 0.16993
4 0.74118 0.76013 0.10441 0.16863
4 0.84007 0.76275 0.11838 0.16078
4 0.9261 0.74902 0.14779 0.18039
1 0.79412 0.56993 0.02206 0.07843
1 0.83897 0.55359 0.01618 0.0719
10 0.72206 0.60654 0.05588 0.05752
2 0.72132 0.59542 0.02206 0.06405
7 0.9636 0.59281 0.07279 0.0719
6 0.90625 0.55948 0.10221 0.1098
4 0.82132 0.4732 0.08824 0.0549
4 0.79596 0.44902 0.09338 0.05098
4 0.70221 0.5634 0.11471 0.0732
4 0.57279 0.54379 0.10441 0.07059
4 0.21654 0.57712 0.12574 0.12157
4 0.28456 0.53203 0.10882 0.0732
4 0.16287 0.45882 0.09926 0.0732
4 0.09596 0.40654 0.05956 0.05229
4 0.07904 0.37516 0.05809 0.05229
4 0.13382 0.33791 0.04412 0.04314
4 0.2011 0.3281 0.03897 0.03922
4 0.18493 0.30327 0.03456 0.04444
4 0.1261 0.24902 0.02132 0.02745
10 0.36029 0.54052 0.01471 0.05098
1 0.43713 0.48954 0.01397 0.05882
1 0.41765 0.35817 0.00882 0.0366
4 0.29926 0.45033 0.08824 0.05359
4 0.3114 0.41765 0.08015 0.04575
4 0.31581 0.39869 0.07721 0.04444
4 0.33676 0.38105 0.07059 0.04052
4 0.34779 0.3719 0.06029 0.04052
4 0.36581 0.3549 0.05221 0.04314
4 0.38051 0.34641 0.04779 0.03922
4 0.39118 0.33399 0.05147 0.04052
4 0.40147 0.33007 0.04265 0.03268
4 0.43934 0.39281 0.0375 0.05621
4 0.4864 0.43856 0.08309 0.06144
4 0.49265 0.47059 0.08676 0.05752
4 0.51507 0.48954 0.08456 0.06928
4 0.56176 0.51046 0.10588 0.05882
4 0.46691 0.35948 0.02647 0.04183
1 0.68346 0.47974 0.0125 0.06013
1 0.58529 0.48039 0.01029 0.04314
1 0.60441 0.48954 0.01029 0.05098
1 0.61471 0.48627 0.01029 0.06013
4 0.63787 0.47778 0.0875 0.06144
4 0.59154 0.45882 0.08015 0.06013
4 0.57794 0.44052 0.07647 0.04706
4 0.5614 0.41895 0.07132 0.05098
4 0.55037 0.40654 0.06103 0.04706
4 0.53787 0.39216 0.06544 0.04444
4 0.53199 0.36993 0.05809 0.04183
4 0.52022 0.35752 0.05515 0.03529
5 0.5239 0.34052 0.06103 0.04575
5 0.53015 0.33333 0.04853 0.03399
5 0.52022 0.32092 0.04632 0.03791
5 0.53272 0.30523 0.04191 0.03529
4 0.54779 0.30261 0.03824 0.02484
5 0.52978 0.28954 0.03603 0.02745
4 0.51544 0.28497 0.03529 0.02614
1 0.49154 0.27451 0.00515 0.02614
1 0.64926 0.32092 0.00588 0.03268
2 0.64816 0.31569 0.00515 0.01438
10 0.25993 0.2817 0.00956 0.02745
2 0.25882 0.27712 0.00735 0.02353
4 0.28051 0.25098 0.02279 0.02876
4 0.30221 0.23595 0.01912 0.02222
4 0.31434 0.20654 0.01397 0.02092
10 0.29301 0.22092 0.00515 0.01307
2 0.29301 0.21634 0.00515 0.01438
5 0.01544 0.25163 0.03088 0.02745
4 0.76471 0.42745 0.08824 0.04967
4 0.74338 0.4085 0.06765 0.04052
4 0.73125 0.39804 0.06838 0.04052
1 0.80368 0.39869 0.01029 0.04444
1 0.79007 0.38824 0.01103 0.03922
1 0.76875 0.3915 0.00809 0.03791
1 0.78603 0.35556 0.00588 0.03399
1 0.73456 0.3281 0.00735 0.03137
1 0.68015 0.35882 0.00588 0.03791
1 0.68603 0.35948 0.00588 0.0366
1 0.74375 0.37647 0.00809 0.03399
2 0.73787 0.37255 0.00662 0.02876
2 0.73382 0.36797 0.00882 0.03007
1 0.72537 0.36601 0.00662 0.03399
1 0.71838 0.36536 0.00588 0.03791
1 0.71103 0.36209 0.00735 0.03922
1 0.71471 0.36209 0.00882 0.0366
2 0.77059 0.34314 0.00735 0.03268
2 0.69265 0.33595 0.01029 0.02876
2 0.70478 0.3366 0.00662 0.03007
1 0.70919 0.29739 0.00662 0.02745
1 0.71875 0.29477 0.00956 0.03007
1 0.72574 0.29346 0.00588 0.02745
1 0.73088 0.29608 0.00441 0.02222
1 0.73199 0.29085 0.00662 0.03007
1 0.73824 0.29281 0.00588 0.02876
1 0.74412 0.29412 0.00588 0.02876
1 0.75662 0.29216 0.00588 0.02222
10 0.79963 0.29673 0.01544 0.02092
1 0.84375 0.32288 0.00809 0.02876
1 0.90846 0.29216 0.00662 0.02745
1 0.90221 0.2902 0.00441 0.02876
1 0.89596 0.2902 0.00662 0.02614
1 0.87574 0.2915 0.00735 0.02353
1 0.86985 0.28889 0.00588 0.02614
1 0.86801 0.28889 0.00515 0.02353
1 0.88309 0.29216 0.00441 0.02484
1 0.88713 0.2915 0.00515 0.02876
1 0.77022 0.27974 0.00662 0.02876
2 0.77574 0.21111 0.00441 0.01176
2 0.78125 0.2098 0.00368 0.01176
2 0.80625 0.21307 0.00368 0.01307
2 0.81103 0.2085 0.00441 0.01438
1 0.91985 0.20915 0.00441 0.01569
1 0.91434 0.20915 0.00368 0.01569
4 0.43382 0.31046 0.04853 0.03529
4 0.44301 0.30588 0.03897 0.02876
4 0.44449 0.29608 0.04485 0.02484
4 0.44743 0.28954 0.03456 0.02484
4 0.41728 0.28562 0.04044 0.02484
1 0.55882 0.26863 0.00588 0.02484
10 0.54596 0.27712 0.00662 0.0183
4 0.5136 0.24052 0.03162 0.02353
5 0.5011 0.23595 0.02868 0.02745
4 0.49669 0.23595 0.02574 0.01961
4 0.49559 0.23203 0.02647 0.01961
4 0.48934 0.22941 0.02574 0.01699
4 0.48346 0.22614 0.02279 0.01569
4 0.4875 0.22222 0.02206 0.01569
4 0.48529 0.21765 0.02059 0.01176
4 0.48051 0.21569 0.02279 0.01569
4 0.47647 0.21176 0.02206 0.01307
4 0.42831 0.27843 0.02721 0.02353
4 0.43235 0.26863 0.03235 0.01961
4 0.42941 0.2634 0.03529 0.02222
4 0.43419 0.26144 0.03456 0.02092
4 0.42647 0.2549 0.02941 0.0183
4 0.43934 0.24902 0.02721 0.01961
5 0.43051 0.24052 0.03162 0.02353
4 0.42426 0.23791 0.03088 0.0183
4 0.4239 0.23007 0.02721 0.01569
4 0.42169 0.22484 0.02721 0.01569
4 0.41801 0.22092 0.02574 0.01569
4 0.42537 0.21438 0.02279 0.01307
4 0.4239 0.21111 0.02426 0.01176
4 0.4239 0.20588 0.02574 0.01699
1 0.17132 0.42418 0.01029 0.03791
1 0.20184 0.43529 0.00809 0.03922
1 0.19191 0.4281 0.00735 0.04052
2 0.18787 0.42222 0.00662 0.02092
2 0.19743 0.42941 0.00662 0.01699
1 0.0864 0.45556 0.01985 0.06144
2 0.07684 0.44248 0.01103 0.03791
4 0.16324 0.18497 0.00882 0.01176
4 0.38824 0.16013 0.01324 0.00915
4 0.39191 0.15882 0.01176 0.00915
5 0.0114 0.22157 0.02279 0.02222
5 0.03272 0.22353 0.02279 0.0183
4 0.02941 0.2268 0.01471 0.01699
4 0.09081 0.16797 0.01397 0.00915
4 0.16728 0.17647 0.00809 0.01046
4 0.16912 0.17451 0.00735 0.01176
4 0.17721 0.16863 0.00588 0.01046
5 0.18015 0.15294 0.01029 0.00784
4 0.16765 0.15556 0.00735 0.00784
6 0.19963 0.15359 0.01103 0.00915
4 0.25993 0.15098 0.00956 0.00654
9 0.32426 0.14575 0.02206 0.01438
1 0.55294 0.26863 0.00588 0.02484
1 0.52831 0.21307 0.00368 0.01569
1 0.53603 0.21634 0.00294 0.01438
1 0.53456 0.21569 0.00294 0.01307
1 0.54301 0.20196 0.00368 0.01438
2 0.53346 0.19542 0.00368 0.01176
2 0.53713 0.19477 0.00368 0.01046
2 0.61728 0.21961 0.00368 0.01569
2 0.60809 0.2183 0.00441 0.01046
1 0.60368 0.2281 0.00441 0.01961
1 0.64485 0.26667 0.00588 0.02614
1 0.65625 0.29673 0.00662 0.02876
2 0.65478 0.29216 0.00368 0.01438
1 0.9761 0.28366 0.00662 0.02614
