1 0.62344 0.64352 0.0125 0.04074
1 0.6 0.59352 0.01146 0.03704
4 0.41068 0.59028 0.03073 0.10833
4 0.31042 0.57593 0.03125 0.1037
5 0.30365 0.6787 0.02917 0.05926
10 0.23594 0.50324 0.00937 0.03611
3 0.25703 0.54769 0.01927 0.03056
10 0.2724 0.53148 0.02396 0.02222
10 0.275 0.48611 0.02292 0.02407
1 0.24792 0.36389 0.00833 0.01852
1 0.67969 0.41898 0.0125 0.03611
2 0.69167 0.42685 0.0125 0.02778
1 0.33932 0.46898 0.00573 0.03241
1 0.35313 0.45741 0.00937 0.02963
1 0.36146 0.46019 0.00521 0.03333
4 0.35469 0.51157 0.03229 0.09167
4 0.35156 0.36898 0.02396 0.0713
4 0.32214 0.36991 0.02344 0.06759
4 0.32969 0.30926 0.025 0.06481
4 0.32552 0.25463 0.03542 0.05741
10 0.28906 0.14074 0.00521 0.01852
2 0.29635 0.06991 0.00521 0.01574
4 0.30443 0.01343 0.02865 0.0213
4 0.31016 0.00787 0.02344 0.01574
4 0.33255 0.19861 0.01719 0.04722
5 0.33776 0.15833 0.01719 0.04815
4 0.33594 0.11806 0.01667 0.03981
4 0.3375 0.08519 0.01458 0.03333
4 0.34115 0.06111 0.0125 0.03148
4 0.34036 0.03148 0.01406 0.03148
5 0.36979 0.06528 0.01354 0.0287
10 0.37604 0.02824 0.00313 0.01574
2 0.37578 0.02454 0.00365 0.01389
10 0.59974 0.38704 0.02135 0.02778
10 0.59531 0.35787 0.02187 0.02685
10 0.59271 0.34074 0.01875 0.02593
4 0.51536 0.31528 0.02969 0.05463
4 0.48984 0.21019 0.02031 0.03889
4 0.50026 0.25324 0.02344 0.04352
4 0.44974 0.09676 0.01406 0.0287
4 0.48203 0.16944 0.01823 0.03333
4 0.4724 0.12731 0.01667 0.0287
1 0.43229 0.00648 0.00521 0.01296
4 0.44844 0.02685 0.01458 0.02222
4 0.45391 0.04491 0.01198 0.0213
4 0.45911 0.06991 0.01198 0.02315
4 0.66823 0.30093 0.03542 0.02593
4 0.65495 0.27731 0.03906 0.03241
4 0.64297 0.25278 0.03802 0.03704
4 0.6237 0.21296 0.03802 0.03333
4 0.60755 0.17454 0.04219 0.03426
4 0.5901 0.13611 0.03646 0.02778
4 0.5849 0.11806 0.03542 0.02685
4 0.57422 0.10417 0.03073 0.02685
4 0.69219 0.13148 0.02604 0.04074
4 0.69167 0.05093 0.02292 0.02963
4 0.62865 0.05231 0.01875 0.0287
4 0.6487 0.04861 0.02135 0.0287
4 0.61432 0.05185 0.02031 0.02593
