4 0.16176 0.35556 0.075 0.08105
4 0.025 0.54379 0.05 0.08889
4 0.03824 0.66013 0.07647 0.09412
4 0.15074 0.56928 0.125 0.10588
4 0.16912 0.70719 0.11618 0.11503
4 0.31176 0.62092 0.09265 0.08889
4 0.30919 0.71961 0.10956 0.09804
4 0.44412 0.5281 0.10294 0.09673
4 0.46397 0.66405 0.1 0.10196
4 0.49632 0.78431 0.10588 0.10719
4 0.59412 0.71307 0.11029 0.10327
4 0.73566 0.74967 0.10368 0.11373
6 0.72684 0.86732 0.11691 0.11895
4 0.86949 0.78039 0.11544 0.10719
4 0.97684 0.64183 0.04632 0.08889
4 0.94007 0.96013 0.11985 0.07712
