5 0.36719 0.5713 0.0375 0.13889
5 0.31875 0.55463 0.04167 0.14815
5 0.29635 0.44306 0.04896 0.11019
5 0.38724 0.28148 0.02969 0.05926
4 0.4388 0.22315 0.03073 0.05926
4 0.42188 0.15741 0.02292 0.03889
4 0.37865 0.0963 0.02083 0.03704
4 0.31719 0.11528 0.01979 0.04537
11 0.31849 0.1875 0.03802 0.15278
6 0.29583 0.04306 0.02187 0.05648
2 0.47057 0.3625 0.0099 0.03611
3 0.47057 0.3713 0.01198 0.03519
5 0.49714 0.28519 0.0526 0.07778
4 0.58594 0.11157 0.03854 0.03981
4 0.60573 0.14444 0.04271 0.03519
4 0.54115 0.04213 0.03229 0.0287
4 0.5388 0.02222 0.03385 0.02778
4 0.50938 0.01065 0.02187 0.0213
5 0.675 0.65185 0.06667 0.09444
4 0.47396 0.07824 0.03125 0.03056
4 0.47344 0.06435 0.03021 0.02315
5 0.46849 0.04444 0.03281 0.03333
4 0.41432 0.0162 0.01615 0.0287
7 0.5763 0.47222 0.02135 0.06667
4 0.69609 0.20509 0.0224 0.025
4 0.67266 0.21111 0.03177 0.03704
1 0.63125 0.69491 0.0125 0.02685
