4 0.36406 0.3963 0.02917 0.06296
4 0.34375 0.32546 0.02396 0.04352
4 0.34167 0.28241 0.01979 0.03889
4 0.33698 0.23287 0.01979 0.03241
4 0.33203 0.20185 0.01615 0.02963
4 0.33437 0.1625 0.01562 0.0287
4 0.36016 0.15602 0.0151 0.0213
4 0.18646 0.50417 0.04063 0.10093
4 0.22734 0.29722 0.02552 0.05556
4 0.12448 0.31435 0.03854 0.06204
4 0.15365 0.15 0.03229 0.03148
4 0.1151 0.12269 0.025 0.0213
4 0.15026 0.0912 0.02969 0.01944
4 0.26667 0.09583 0.02604 0.01574
4 0.28828 0.0787 0.0224 0.01667
4 0.31849 0.07454 0.01719 0.01574
4 0.35391 0.06343 0.01823 0.01574
4 0.33333 0.04676 0.00833 0.01389
4 0.42188 0.06713 0.01875 0.01574
4 0.43802 0.06435 0.01562 0.01389
4 0.32109 0.1037 0.02448 0.02037
4 0.03594 0.06435 0.025 0.01389
4 0.03594 0.07546 0.02292 0.01389
4 0.04479 0.08241 0.03125 0.01481
5 0.09401 0.0625 0.02865 0.01944
4 0.12995 0.06528 0.02344 0.01389
4 0.15885 0.06435 0.02083 0.01574
5 0.15547 0.05231 0.02031 0.0213
4 0.19271 0.02037 0.01146 0.01111
4 0.2599 0.02546 0.00833 0.01019
6 0.19401 0.04444 0.0224 0.01852
4 0.12682 0.13519 0.0224 0.02222
5 0.01458 0.10972 0.02917 0.02685
1 0.07005 0.09954 0.00469 0.01944
1 0.07578 0.10278 0.00365 0.01852
10 0.07656 0.10417 0.01146 0.01389
10 0.18828 0.09583 0.01094 0.01019
1 0.1875 0.09074 0.00521 0.01667
1 0.21432 0.07685 0.00365 0.01852
1 0.22734 0.04444 0.0026 0.01296
1 0.22005 0.04306 0.0026 0.01389
1 0.2237 0.04352 0.0026 0.01111
1 0.17891 0.13889 0.00469 0.01481
1 0.30703 0.14167 0.00573 0.02037
1 0.30885 0.14306 0.00625 0.0213
1 0.37161 0.0625 0.00365 0.01759
1 0.3651 0.06019 0.00313 0.01852
1 0.33203 0.06204 0.00365 0.01296
1 0.31432 0.05602 0.00365 0.01204
1 0.31094 0.05463 0.00417 0.01296
4 0.30964 0.05231 0.00885 0.01389
4 0.36719 0.03148 0.00729 0.01111
4 0.41875 0.05926 0.01667 0.01481
4 0.41068 0.05509 0.01615 0.01389
4 0.40313 0.05 0.01562 0.01296
4 0.39687 0.04769 0.01354 0.01204
4 0.38307 0.04306 0.00677 0.01204
4 0.39974 0.03843 0.01615 0.01204
5 0.39245 0.04352 0.01406 0.01481
4 0.39375 0.03148 0.00833 0.01296
5 0.38333 0.03519 0.00729 0.01481
0 0.42318 0.04444 0.01823 0.00556
1 0.40417 0.02407 0.00313 0.01111
0 0.41354 0.03009 0.00937 0.00833
1 0.34401 0.0338 0.0026 0.01019
1 0.35313 0.03519 0.00208 0.00926
10 0.34427 0.03657 0.00313 0.01019
4 0.30026 0.0125 0.00677 0.01204
1 0.26901 0.02546 0.0026 0.01019
10 0.26901 0.02778 0.00469 0.00926
4 0.22005 0.02824 0.02135 0.01574
5 0.03359 0.34352 0.06615 0.05
2 0.56979 0.26667 0.00937 0.02222
4 0.56771 0.14259 0.02708 0.02407
4 0.55781 0.13333 0.02396 0.01667
5 0.53958 0.12639 0.02813 0.025
9 0.57682 0.0875 0.04844 0.03611
4 0.53385 0.07269 0.01979 0.01759
1 0.46094 0.06898 0.00208 0.01389
1 0.46276 0.06852 0.0026 0.00741
10 0.4612 0.07315 0.0099 0.01111
