4 0.72243 0.43072 0.0625 0.06144
4 0.78346 0.38954 0.0625 0.06275
4 0.86985 0.35882 0.06765 0.05359
4 0.77243 0.30261 0.05956 0.05098
4 0.28897 0.76797 0.08824 0.13203
4 0.17537 0.58954 0.06103 0.08627
4 0.10294 0.62026 0.05588 0.09542
4 0.33456 0.94444 0.14412 0.11111
5 0.36581 0.73856 0.07426 0.12288
5 0.25 0.62222 0.06029 0.10719
5 0.11324 0.73856 0.07353 0.13595
5 0.30699 0.49673 0.05515 0.0915
5 0.1364 0.42941 0.04044 0.08497
4 0.71066 0.34314 0.05809 0.05882
4 0.23787 0.27582 0.05662 0.04444
4 0.30184 0.26013 0.05368 0.04706
4 0.26912 0.22157 0.03088 0.05621
1 0.30662 0.36209 0.01029 0.04706
1 0.73787 0.36536 0.01103 0.04314
1 0.35074 0.79216 0.01765 0.08105
1 0.30441 0.8366 0.02941 0.0732
6 0.22206 0.82353 0.11324 0.22484
4 0.65074 0.36928 0.06324 0.06144
4 0.04228 0.09935 0.04779 0.02614
4 0.05 0.07516 0.03235 0.02484
4 0.07647 0.06667 0.02353 0.02876
4 0.12206 0.12941 0.02941 0.02876
4 0.09265 0.11765 0.03676 0.02353
4 0.13676 0.1 0.04412 0.02484
4 0.14779 0.06863 0.03676 0.02484
0 0.14265 0.2366 0.08235 0.08627
6 0.06544 0.22484 0.06029 0.10458
0 0.1614 0.17255 0.03309 0.0366
0 0.01801 0.22026 0.03015 0.12418
1 0.07463 0.09281 0.00662 0.02876
1 0.02353 0.11503 0.00882 0.02876
1 0.10662 0.07516 0.00588 0.02484
1 0.02647 0.06209 0.00588 0.02745
1 0.09228 0.08497 0.00809 0.02353
3 0.09412 0.0902 0.01765 0.0183
2 0.03456 0.13529 0.00588 0.01699
2 0.04559 0.13268 0.00735 0.01699
2 0.05257 0.12941 0.00662 0.01569
2 0.05993 0.13072 0.00662 0.01569
2 0.06397 0.13007 0.00588 0.01699
2 0.01434 0.14575 0.00662 0.01438
2 0.02059 0.14379 0.00588 0.01569
2 0.02684 0.14379 0.00662 0.01569
1 0.15074 0.11569 0.00735 0.03007
1 0.05882 0.46863 0.01324 0.04837
10 0.17022 0.4902 0.01691 0.04967
10 0.18713 0.51111 0.01691 0.04967
3 0.21029 0.54837 0.02059 0.04314
3 0.21691 0.54314 0.01912 0.05621
3 0.19963 0.50719 0.01544 0.04706
3 0.24596 0.56601 0.03309 0.0366
5 0.84191 0.17255 0.04118 0.04444
4 0.89853 0.20196 0.05 0.04052
4 0.8614 0.20065 0.04191 0.04575
4 0.98419 0.22157 0.03162 0.03529
4 0.87904 0.10196 0.02868 0.02353
4 0.88493 0.06797 0.02721 0.02353
7 0.82868 0.08758 0.02206 0.02092
