4 0.30037 0.51438 0.08162 0.15556
4 0.34596 0.36536 0.06691 0.12157
4 0.30184 0.27778 0.0625 0.09542
4 0.38419 0.28431 0.05221 0.08758
6 0.41029 0.21307 0.04706 0.07582
4 0.46765 0.04837 0.02206 0.0366
4 0.51691 0.10915 0.02794 0.05098
4 0.2989 0.13268 0.07574 0.04837
5 0.32316 0.10261 0.0625 0.05098
5 0.22059 0.24444 0.07353 0.07059
4 0.08824 0.39739 0.10735 0.10458
4 0.10699 0.17843 0.06103 0.06928
7 0.38088 0.09608 0.02059 0.04052
10 0.35551 0.21895 0.00809 0.04052
10 0.33676 0.16144 0.01029 0.03007
10 0.10257 0.64706 0.04632 0.07582
10 0.17279 0.63529 0.02794 0.11503
10 0.13051 0.56275 0.03015 0.08497
2 0.10294 0.61895 0.02059 0.08235
2 0.17022 0.60588 0.02426 0.07451
1 0.13162 0.53922 0.025 0.07712
4 0.02978 0.5 0.05515 0.16078
1 0.05993 0.47908 0.02426 0.08235
2 0.35735 0.20327 0.01029 0.04575
1 0.65037 0.77908 0.02279 0.09935
1 0.65809 0.80523 0.02794 0.1098
1 0.28272 0.08824 0.00809 0.05098
1 0.29081 0.08889 0.00662 0.03922
1 0.2625 0.08889 0.01029 0.04967
1 0.74081 0.29542 0.00956 0.03137
4 0.36875 0.03791 0.04191 0.04183
4 0.69081 0.40654 0.08603 0.06275
8 0.43676 0.15817 0.02206 0.05752
