4 0.21224 0.66296 0.0526 0.09074
4 0.31068 0.53056 0.03698 0.11296
4 0.35651 0.39167 0.03385 0.07222
10 0.61562 0.475 0.02813 0.02963
1 0.54818 0.60972 0.01094 0.05463
1 0.53333 0.40648 0.01146 0.04444
1 0.40443 0.34861 0.00781 0.03981
4 0.41406 0.31759 0.03229 0.05
1 0.46458 0.36898 0.00833 0.03426
1 0.46615 0.36157 0.00729 0.03981
3 0.57188 0.33287 0.01146 0.03426
3 0.53281 0.26991 0.00729 0.025
10 0.54271 0.33981 0.01146 0.03148
10 0.53099 0.33704 0.00885 0.03148
10 0.44375 0.22315 0.01458 0.02222
4 0.45469 0.27593 0.05625 0.04259
4 0.44792 0.25185 0.04792 0.03704
10 0.47474 0.16065 0.00677 0.025
3 0.21146 0.54491 0.01667 0.04907
4 0.2112 0.46759 0.07135 0.09444
4 0.24688 0.39306 0.03021 0.07685
1 0.11094 0.52361 0.01042 0.03981
1 0.10339 0.51898 0.01406 0.05093
10 0.0474 0.49907 0.03021 0.03519
10 0.06432 0.47685 0.02865 0.0463
4 0.12396 0.37361 0.06458 0.0713
4 0.2599 0.20556 0.02083 0.04259
4 0.38828 0.21389 0.02448 0.03519
1 0.18828 0.13519 0.00573 0.02593
10 0.22786 0.14722 0.01406 0.01481
10 0.22214 0.14028 0.00677 0.0213
10 0.22266 0.15324 0.00573 0.0213
3 0.18698 0.10926 0.00729 0.01667
10 0.19323 0.08889 0.00521 0.01481
1 0.20286 0.0713 0.00365 0.01852
4 0.26068 0.12824 0.01615 0.0287
4 0.29792 0.0537 0.01146 0.02037
4 0.30573 0.16157 0.01979 0.04167
4 0.32969 0.14398 0.01562 0.0287
4 0.24818 0.10556 0.03698 0.02593
5 0.26068 0.08241 0.01302 0.03148
4 0.26615 0.07546 0.01146 0.02315
4 0.21745 0.00417 0.0099 0.00833
4 0.25911 0.03889 0.01719 0.01852
5 0.26719 0.0287 0.00833 0.02407
4 0.28021 0.02269 0.01458 0.01759
10 0.27813 0.14167 0.00521 0.02407
2 0.27865 0.1375 0.00521 0.02315
7 0.46484 0.18472 0.0099 0.0213
1 0.45495 0.1838 0.00573 0.02685
1 0.44714 0.18194 0.00677 0.03056
3 0.44036 0.20231 0.0099 0.0213
4 0.4224 0.18611 0.04167 0.02963
4 0.41172 0.16065 0.04219 0.03426
4 0.41745 0.14028 0.02552 0.03241
4 0.37552 0.17315 0.02083 0.03333
4 0.36901 0.14954 0.01719 0.02685
10 0.35052 0.20463 0.00729 0.02407
2 0.35104 0.19954 0.00625 0.025
1 0.3625 0.07083 0.00417 0.01944
3 0.39661 0.03426 0.00573 0.01111
4 0.35547 0.10694 0.01615 0.0287
4 0.35182 0.09259 0.0151 0.02407
4 0.34531 0.06481 0.01354 0.02037
4 0.30938 0.02685 0.01042 0.01667
4 0.30547 0.00509 0.0099 0.01019
10 0.36198 0.05046 0.00937 0.01019
4 0.35677 0.04028 0.01875 0.01944
4 0.3375 0.03935 0.01042 0.01574
3 0.33073 0.05139 0.00313 0.01389
2 0.33047 0.04769 0.00365 0.01574
4 0.35313 0.01898 0.02083 0.01574
4 0.33203 0.01713 0.01719 0.01759
4 0.3276 0.025 0.01042 0.01667
1 0.31927 0.02593 0.00313 0.01481
10 0.32083 0.04722 0.00313 0.01481
2 0.32057 0.04491 0.00365 0.01574
