5 0.11544 0.14902 0.02206 0.07582
4 0.3989 0.02222 0.03603 0.04183
4 0.38934 0.13791 0.02721 0.02745
4 0.37721 0.26732 0.03529 0.03529
4 0.3886 0.30915 0.03309 0.03007
5 0.38676 0.09281 0.03824 0.03399
1 0.36654 0.04771 0.00515 0.01699
1 0.33529 0.13268 0.00441 0.01438
4 0.37463 0.17451 0.03162 0.03791
4 0.37426 0.33922 0.03676 0.02745
4 0.36985 0.38235 0.03529 0.03007
4 0.31765 0.44837 0.03676 0.03399
4 0.33787 0.51895 0.03456 0.04967
4 0.50882 0.05229 0.01471 0.06275
4 0.49265 0.55621 0.02941 0.05882
4 0.45625 0.63464 0.01838 0.06144
4 0.43493 0.74444 0.01691 0.0719
4 0.48971 0.90784 0.01912 0.06928
4 0.3375 0.71634 0.01765 0.06536
4 0.34596 0.58235 0.01397 0.06405
4 0.30368 0.64771 0.02059 0.0719
4 0.32941 0.9 0.01912 0.0719
10 0.29485 0.80458 0.01176 0.01176
10 0.29301 0.86993 0.0125 0.01176
10 0.28051 0.94967 0.00515 0.02484
10 0.29853 0.20719 0.01324 0.01438
10 0.29338 0.2915 0.00735 0.02353
9 0.44816 0.03856 0.02279 0.07712
10 0.58787 0.07647 0.0125 0.01961
3 0.4386 0.27974 0.00956 0.01569
2 0.43897 0.27516 0.00588 0.01176
1 0.57059 0.26471 0.00441 0.01438
1 0.56838 0.26013 0.00441 0.01046
1 0.5761 0.54902 0.00662 0.01046
1 0.57096 0.4 0.00515 0.01307
4 0.69301 0.04706 0.01544 0.06797
4 0.71507 0.0451 0.01691 0.05621
4 0.73603 0.05686 0.01618 0.05098
4 0.75699 0.0451 0.01691 0.05098
4 0.77647 0.04837 0.01618 0.05752
4 0.82757 0.01242 0.02721 0.02484
4 0.62941 0.51438 0.03382 0.03007
4 0.96838 0.5549 0.03676 0.02745
4 0.94779 0.64444 0.02941 0.04967
5 0.75993 0.65033 0.03162 0.04052
4 0.58713 0.68235 0.01544 0.06536
4 0.6011 0.73987 0.02868 0.0366
4 0.58529 0.81046 0.01765 0.06797
4 0.59044 0.90784 0.03382 0.06928
10 0.64338 0.94118 0.00441 0.02614
10 0.63382 0.95686 0.00441 0.02353
10 0.63309 0.93137 0.00882 0.01699
4 0.84118 0.96405 0.02353 0.06928
4 0.87868 0.98627 0.02059 0.02745
4 0.90257 0.98562 0.01691 0.02876
4 0.97794 0.97255 0.02206 0.0549
10 0.64412 0.72549 0.01176 0.00784
1 0.6261 0.89346 0.00662 0.01176
10 0.64228 0.68105 0.00662 0.02092
1 0.63529 0.98366 0.00588 0.00915
