4 0.40208 0.66481 0.05 0.08704
4 0.33646 0.68009 0.04063 0.05648
4 0.32474 0.59074 0.03802 0.1
4 0.37214 0.56019 0.03906 0.08704
4 0.3625 0.48241 0.03333 0.06296
4 0.31432 0.49167 0.03073 0.06667
4 0.3513 0.41713 0.02969 0.05278
4 0.30443 0.42407 0.02656 0.05741
4 0.3388 0.3662 0.02656 0.04722
4 0.29688 0.36528 0.025 0.05278
4 0.32734 0.32176 0.02448 0.03796
4 0.29245 0.31759 0.0224 0.03889
5 0.3263 0.28056 0.02344 0.04444
4 0.28984 0.27407 0.01823 0.02963
4 0.31771 0.24815 0.01771 0.03148
4 0.28698 0.2412 0.01667 0.03426
6 0.31562 0.2088 0.02083 0.05093
4 0.28151 0.21157 0.0151 0.025
4 0.28333 0.19028 0.01458 0.02315
4 0.30625 0.19398 0.01354 0.02315
6 0.30052 0.16111 0.01979 0.04444
4 0.2776 0.16852 0.01354 0.02407
5 0.27448 0.14907 0.0125 0.02407
5 0.29036 0.13565 0.01094 0.02315
4 0.27266 0.13287 0.01198 0.0213
4 0.28906 0.11898 0.01146 0.01759
4 0.26484 0.10972 0.01094 0.01759
6 0.28411 0.08657 0.01927 0.05093
9 0.2638 0.06713 0.01406 0.03981
6 0.27526 0.0463 0.01094 0.02222
9 0.2599 0.03241 0.01042 0.02778
4 0.27109 0.02963 0.00677 0.00926
4 0.26979 0.01898 0.00625 0.01019
4 0.25833 0.01528 0.00625 0.00833
4 0.25885 0.01019 0.00625 0.00741
5 0.25859 0.00509 0.00677 0.01019
4 0.26875 0.00787 0.00521 0.00833
5 0.26823 0.0037 0.00521 0.00741
