4 0.07005 0.74074 0.04531 0.09074
3 0.11406 0.90463 0.04271 0.05741
2 0.10938 0.88889 0.02083 0.05
4 0.14557 0.55648 0.0599 0.06111
3 0.02734 0.43426 0.02031 0.02222
2 0.02839 0.42593 0.01198 0.03333
4 0.12943 0.40833 0.0474 0.04074
4 0.16589 0.4037 0.0474 0.03889
4 0.16589 0.42361 0.0474 0.04352
4 0.21719 0.39676 0.03646 0.03426
4 0.19583 0.37315 0.04479 0.03704
5 0.22969 0.36528 0.04375 0.04352
4 0.25469 0.34444 0.03438 0.02963
4 0.28073 0.3463 0.0375 0.02963
8 0.26562 0.36528 0.02813 0.03796
3 0.25885 0.32685 0.0125 0.01667
2 0.25781 0.32037 0.00729 0.02222
4 0.3 0.325 0.03438 0.02963
4 0.31068 0.3463 0.03177 0.03148
4 0.32604 0.32222 0.03542 0.03704
4 0.33672 0.30417 0.02656 0.025
6 0.3651 0.31019 0.05312 0.05741
4 0.33411 0.40324 0.04531 0.03611
10 0.25104 0.45278 0.02083 0.02407
2 0.25078 0.44583 0.01198 0.02685
4 0.41068 0.29537 0.03073 0.03148
4 0.39818 0.29167 0.02448 0.02778
5 0.43984 0.2787 0.02552 0.03333
4 0.42917 0.27454 0.02917 0.02685
9 0.42344 0.25139 0.06354 0.05463
4 0.46406 0.26852 0.025 0.02407
4 0.46198 0.25833 0.02604 0.02222
4 0.46432 0.24491 0.02135 0.02315
4 0.48802 0.25648 0.02396 0.02407
4 0.4862 0.24306 0.02344 0.02315
4 0.49167 0.23287 0.02396 0.0213
5 0.49323 0.21759 0.02604 0.02963
4 0.51719 0.24213 0.025 0.02315
4 0.51432 0.23194 0.02344 0.0213
5 0.53542 0.22685 0.02083 0.02778
4 0.53229 0.2213 0.01875 0.02037
4 0.51484 0.21991 0.02135 0.01944
4 0.53542 0.2125 0.02187 0.01944
4 0.55729 0.20926 0.01979 0.02037
5 0.58698 0.2 0.02083 0.02407
4 0.54557 0.25787 0.02552 0.02315
4 0.5888 0.24398 0.02344 0.0213
4 0.70469 0.12917 0.01354 0.01389
4 0.74453 0.11065 0.01198 0.01204
0 0.87995 0.06111 0.06302 0.02593
0 0.91068 0.03889 0.07031 0.01481
0 0.93672 0.01759 0.06094 0.02222
0 0.83802 0.07963 0.02187 0.02593
4 0.80182 0.08796 0.0099 0.01111
4 0.79922 0.10231 0.01094 0.01204
4 0.78229 0.09306 0.01146 0.01204
4 0.81719 0.0787 0.00729 0.00926
4 0.8224 0.08287 0.00729 0.01019
