5 0.42169 0.59216 0.0375 0.09412
4 0.55956 0.3902 0.02353 0.04837
4 0.45846 0.26471 0.01544 0.03268
4 0.38566 0.41634 0.03162 0.05098
4 0.52243 0.10131 0.00809 0.01438
4 0.53015 0.08562 0.00588 0.00915
4 0.55625 0.08758 0.00809 0.01046
4 0.55037 0.07255 0.00662 0.01176
4 0.56213 0.07908 0.00515 0.01176
4 0.55037 0.06078 0.00662 0.01176
4 0.53971 0.0451 0.00588 0.00915
4 0.53272 0.07908 0.00662 0.00915
4 0.53346 0.0719 0.00662 0.00784
4 0.63272 0.22353 0.01544 0.02614
5 0.55257 0.03203 0.00515 0.01176
5 0.52463 0.06732 0.00662 0.01438
4 0.53162 0.04248 0.00441 0.00915
4 0.53493 0.03595 0.00515 0.00654
5 0.5375 0.0268 0.00441 0.00915
0 0.59963 0.03725 0.03309 0.05882
4 0.60478 0.08497 0.00809 0.01046
4 0.59743 0.07974 0.00809 0.01046
4 0.58493 0.07451 0.00809 0.01046
4 0.48934 0.06667 0.00662 0.00784
5 0.43971 0.08366 0.01471 0.01307
5 0.36985 0.11242 0.01618 0.01307
4 0.34963 0.11176 0.01691 0.01699
0 0.35257 0.13922 0.05515 0.03268
4 0.3375 0.16732 0.01471 0.01569
4 0.31544 0.17386 0.02647 0.02092
4 0.39301 0.17908 0.0375 0.02353
4 0.36985 0.19346 0.03824 0.02353
4 0.36066 0.21307 0.0375 0.02353
4 0.66324 0.13268 0.025 0.01699
4 0.64632 0.13399 0.025 0.01699
4 0.44522 0.09216 0.01691 0.01176
4 0.42206 0.07647 0.01471 0.00915
0 0.55294 0.01242 0.03088 0.02222
4 0.56066 0.03072 0.00368 0.00654
1 0.61838 0.13007 0.00294 0.01699
1 0.61471 0.13007 0.00294 0.01699
1 0.61029 0.13203 0.00294 0.0183
1 0.68346 0.37582 0.00662 0.03268
1 0.67316 0.37582 0.00809 0.03529
1 0.51985 0.12092 0.00294 0.01438
1 0.51066 0.12353 0.00221 0.01699
1 0.57279 0.11503 0.00294 0.0183
4 0.56654 0.04706 0.00515 0.01046
10 0.47794 0.19216 0.00294 0.01307
1 0.47794 0.18497 0.00441 0.01176
1 0.48419 0.09935 0.00368 0.00784
10 0.48456 0.10327 0.00294 0.00784
4 0.65846 0.11111 0.02132 0.01046
4 0.96287 0.94444 0.07426 0.09804
4 0.2875 0.42222 0.04706 0.06797
4 0.08162 0.37451 0.05 0.05098
4 0.09706 0.36013 0.05 0.05098
4 0.12426 0.34183 0.05 0.05098
4 0.13824 0.3183 0.05 0.05098
4 0.35184 0.21307 0.03162 0.02876
1 0.83566 0.97647 0.02132 0.04706
