0 0.3487 0.25417 0.07344 0.08056
4 0.46849 0.67824 0.0599 0.04537
4 0.45729 0.64491 0.05312 0.04167
5 0.4526 0.61435 0.05833 0.04722
5 0.45729 0.5787 0.04167 0.04259
4 0.44375 0.56204 0.04688 0.03704
4 0.43255 0.54583 0.04323 0.03426
4 0.42682 0.5338 0.0401 0.03241
4 0.38984 0.58241 0.02135 0.04444
4 0.40026 0.66852 0.0276 0.05556
5 0.52135 0.55046 0.04583 0.03981
1 0.50234 0.58102 0.00677 0.03241
1 0.50781 0.58009 0.00521 0.03241
1 0.51641 0.58009 0.00781 0.03241
2 0.48385 0.56296 0.00729 0.02778
3 0.48385 0.5713 0.00937 0.02407
1 0.54974 0.64444 0.00677 0.03333
2 0.52187 0.63981 0.00833 0.03333
3 0.52187 0.64815 0.00833 0.03148
4 0.59245 0.67639 0.06094 0.04537
10 0.6026 0.65648 0.01146 0.02778
4 0.33411 0.61898 0.0224 0.04722
6 0.33437 0.49491 0.02708 0.11204
5 0.4026 0.49167 0.03333 0.03148
1 0.40599 0.4713 0.00365 0.02222
1 0.44245 0.44259 0.00573 0.02037
1 0.43307 0.42083 0.00469 0.01574
4 0.45573 0.42963 0.02292 0.01852
4 0.4401 0.40139 0.02396 0.01759
4 0.43411 0.38889 0.0224 0.01667
4 0.39792 0.42037 0.02604 0.01852
5 0.39089 0.43009 0.0224 0.0213
4 0.3901 0.39398 0.02292 0.01574
4 0.38464 0.38009 0.02031 0.01389
4 0.38698 0.36852 0.01875 0.01296
4 0.38672 0.36157 0.01719 0.01204
4 0.42422 0.35787 0.01927 0.01204
4 0.4224 0.35185 0.01771 0.01296
4 0.39714 0.33889 0.0151 0.01296
4 0.3776 0.32917 0.01458 0.01204
4 0.40417 0.36343 0.00937 0.01204
1 0.39896 0.37731 0.00313 0.01389
1 0.4026 0.37731 0.00417 0.01389
5 0.2224 0.50231 0.04063 0.03611
5 0.22604 0.49028 0.04063 0.03056
8 0.08021 0.4875 0.03438 0.04167
6 0.15547 0.34815 0.02135 0.02593
4 0.09531 0.36667 0.02187 0.01296
5 0.04427 0.3588 0.01875 0.01759
4 0.03854 0.36296 0.01667 0.01481
5 0.03229 0.36759 0.01875 0.01481
6 0.07187 0.34213 0.01354 0.0287
11 0.0776 0.33287 0.03854 0.03796
6 0.28151 0.29259 0.02344 0.03519
6 0.28568 0.29861 0.01198 0.0213
6 0.28073 0.3162 0.0125 0.025
6 0.30625 0.30972 0.02396 0.01944
4 0.31823 0.35926 0.00833 0.01481
4 0.33646 0.3588 0.00833 0.01389
2 0.35365 0.38148 0.00417 0.01111
10 0.35365 0.38426 0.00313 0.01111
4 0.34479 0.34444 0.00729 0.01481
4 0.32344 0.34028 0.00729 0.01204
4 0.35703 0.33843 0.00677 0.01389
4 0.34714 0.32778 0.00677 0.01111
11 0.33646 0.3287 0.01042 0.02593
4 0.32656 0.31713 0.00625 0.01019
4 0.34687 0.31713 0.00625 0.01019
4 0.35391 0.30417 0.00469 0.00833
4 0.3388 0.30972 0.00573 0.00648
4 0.32734 0.30741 0.00469 0.00741
4 0.32969 0.3 0.00521 0.00741
4 0.33672 0.30324 0.00573 0.00833
4 0.34714 0.30093 0.00573 0.00741
6 0.31823 0.30139 0.00833 0.01204
10 0.42083 0.37083 0.00417 0.01204
10 0.43594 0.3713 0.00313 0.01111
10 0.43932 0.37222 0.00365 0.01111
10 0.42812 0.37083 0.00417 0.01019
10 0.41328 0.3713 0.00365 0.01111
