0 0.47865 0.18009 0.03125 0.05833
0 0.52812 0.15 0.01562 0.02407
6 0.3401 0.16111 0.01562 0.01481
6 0.38125 0.18287 0.00937 0.01944
0 0.51771 0.17731 0.00521 0.01574
0 0.40391 0.16574 0.02552 0.03333
4 0.35052 0.36991 0.04479 0.03056
6 0.33073 0.84537 0.08438 0.21667
4 0.88021 0.70972 0.09688 0.06759
10 0.83281 0.65093 0.03021 0.03148
10 0.82057 0.61574 0.01719 0.03889
5 0.76979 0.61991 0.0625 0.075
4 0.67656 0.63935 0.05208 0.075
4 0.6362 0.54306 0.0401 0.05648
9 0.4138 0.46065 0.0474 0.125
7 0.45339 0.56991 0.01094 0.04352
2 0.45312 0.55972 0.0125 0.03796
4 0.46432 0.49815 0.02552 0.04815
4 0.5026 0.55926 0.03021 0.05556
4 0.44167 0.31991 0.01667 0.03611
3 0.45078 0.39444 0.00469 0.02407
2 0.4513 0.38981 0.00677 0.02778
10 0.54635 0.56667 0.0125 0.03889
2 0.54427 0.56204 0.0125 0.03889
7 0.4526 0.42361 0.01146 0.0287
2 0.45312 0.41991 0.00833 0.025
4 0.52812 0.42407 0.02292 0.04444
4 0.65729 0.43565 0.03333 0.04167
4 0.64245 0.41296 0.02448 0.03148
8 0.58437 0.41019 0.01354 0.03333
4 0.50781 0.24028 0.01042 0.01759
4 0.51042 0.25648 0.00937 0.01481
7 0.5151 0.28935 0.00937 0.0213
6 0.45182 0.27407 0.0151 0.04444
6 0.45833 0.25278 0.01354 0.03704
6 0.46302 0.22222 0.01042 0.01852
1 0.46927 0.24722 0.00313 0.01481
