6 0.12426 0.57516 0.05 0.07582
6 0.19963 0.30196 0.05221 0.09412
0 0.14081 0.33791 0.0625 0.05621
5 0.20662 0.16013 0.02059 0.07712
4 0.4386 0.82026 0.02868 0.07451
4 0.45919 0.6451 0.01691 0.06667
4 0.48566 0.65294 0.01691 0.06667
4 0.49301 0.51046 0.01691 0.06667
5 0.46029 0.22941 0.01618 0.06144
4 0.52022 0.49739 0.01691 0.06667
4 0.5261 0.65817 0.01985 0.06405
4 0.55588 0.73399 0.03676 0.04314
4 0.55919 0.79935 0.03897 0.04837
2 0.5136 0.74575 0.00662 0.02484
4 0.55257 0.44967 0.04338 0.04967
4 0.55882 0.58824 0.04412 0.03399
4 0.52279 0.32418 0.025 0.06536
4 0.38971 0.26928 0.03824 0.03399
4 0.55 0.22614 0.03824 0.0366
4 0.49228 0.04183 0.01544 0.05752
5 0.52353 0.08301 0.01618 0.06144
4 0.45662 0.0366 0.01618 0.05752
4 0.38897 0.59216 0.04265 0.03399
4 0.76324 0.4732 0.03971 0.0366
4 0.75993 0.51503 0.0375 0.0366
4 0.75846 0.62876 0.03897 0.03399
4 0.81618 0.48105 0.02059 0.06536
4 0.83787 0.48235 0.02132 0.06536
4 0.88088 0.49346 0.02206 0.0719
4 0.90147 0.48627 0.01912 0.06536
4 0.92537 0.4817 0.01985 0.0719
4 0.97647 0.48824 0.02059 0.06667
4 0.80368 0.66797 0.02059 0.06275
4 0.82868 0.66209 0.02059 0.06144
4 0.87022 0.65229 0.01985 0.06275
0 0.91691 0.72092 0.125 0.06144
10 0.93088 0.66732 0.01029 0.03268
6 0.89559 0.65098 0.02059 0.06797
5 0.80331 0.57712 0.03456 0.03007
5 0.8511 0.65882 0.01985 0.0549
1 0.44044 0.90719 0.00882 0.02353
1 0.36654 0.53072 0.00515 0.0183
1 0.36176 0.4281 0.00882 0.01176
1 0.36434 0.39542 0.00662 0.01176
1 0.37316 0.40654 0.00662 0.01046
1 0.36912 0.37908 0.00735 0.01307
1 0.37831 0.3902 0.00662 0.01176
1 0.3739 0.39673 0.00662 0.01176
3 0.41507 0.82614 0.00956 0.02353
1 0.35956 0.96928 0.00882 0.01961
2 0.50772 0.80523 0.00368 0.02353
2 0.51397 0.84771 0.00588 0.02222
2 0.50625 0.65033 0.00662 0.01438
2 0.43824 0.17059 0.00735 0.01699
1 0.4261 0.30131 0.00368 0.01961
1 0.43272 0.30784 0.00515 0.01699
1 0.38088 0.20588 0.00588 0.01699
1 0.50037 0.30719 0.00515 0.02353
1 0.50735 0.06667 0.00735 0.02092
1 0.37463 0.20588 0.00515 0.01699
1 0.36654 0.20523 0.00515 0.0183
1 0.42096 0.29935 0.00515 0.0183
4 0.55368 0.11046 0.03235 0.03791
2 0.50147 0.16601 0.00588 0.01569
10 0.43787 0.17582 0.00809 0.01699
10 0.5011 0.1732 0.00809 0.01699
10 0.50625 0.6549 0.00809 0.01569
10 0.51434 0.74575 0.00809 0.01699
10 0.50846 0.80392 0.00809 0.01569
10 0.5136 0.84379 0.00809 0.01699
10 0.53382 0.81111 0.00735 0.03268
9 0.5136 0.97778 0.02721 0.04444
0 0.57096 0.93791 0.04044 0.12418
11 0.20147 0.40392 0.04559 0.04183
