1 0.16302 0.42222 0.00521 0.02963
2 0.16354 0.41574 0.00417 0.01296
2 0.1487 0.42407 0.00885 0.02407
2 0.1513 0.42407 0.0099 0.02963
1 0.15052 0.43287 0.0125 0.02315
6 0.12344 0.35787 0.01875 0.03796
1 0.10052 0.38102 0.00521 0.01759
7 0.13984 0.37639 0.0151 0.03611
2 0.15339 0.36898 0.00573 0.01389
2 0.15911 0.36343 0.00573 0.01759
1 0.1513 0.3588 0.00573 0.0213
2 0.13672 0.34861 0.00677 0.01574
10 0.15 0.34028 0.01146 0.01389
7 0.16979 0.33796 0.01354 0.02778
5 0.1862 0.31111 0.02448 0.02963
10 0.18047 0.29815 0.01094 0.01667
2 0.19896 0.34444 0.00625 0.01667
2 0.21667 0.31759 0.00417 0.01481
2 0.20938 0.31435 0.00521 0.01204
2 0.21224 0.29491 0.00469 0.01204
2 0.2526 0.33287 0.00729 0.01389
2 0.25365 0.3287 0.00521 0.01296
2 0.2638 0.33148 0.00677 0.01667
2 0.26328 0.31667 0.00469 0.00926
2 0.26406 0.25231 0.00417 0.00833
2 0.26432 0.25139 0.0026 0.01019
2 0.26016 0.47083 0.01094 0.03241
2 0.26146 0.47407 0.00729 0.02222
1 0.03594 0.41389 0.00937 0.02778
1 0.0388 0.38935 0.00573 0.01944
4 0.07578 0.36574 0.02865 0.03704
10 0.06615 0.39213 0.00625 0.0213
2 0.06484 0.45 0.00885 0.02593
10 0.06589 0.45787 0.01198 0.02315
2 0.38776 0.49028 0.00781 0.01944
2 0.40599 0.48935 0.00885 0.01944
2 0.35391 0.46528 0.0099 0.025
2 0.33932 0.46065 0.00781 0.01759
2 0.31693 0.42269 0.00781 0.01204
2 0.31484 0.44352 0.00781 0.02778
1 0.30677 0.43704 0.00937 0.02963
1 0.29714 0.43426 0.00677 0.02963
1 0.29323 0.425 0.00729 0.02963
2 0.2763 0.41157 0.00573 0.025
2 0.28672 0.39954 0.00573 0.025
2 0.28854 0.40139 0.00521 0.01574
2 0.29297 0.40185 0.00573 0.02407
10 0.28594 0.40324 0.0125 0.01759
2 0.30339 0.41481 0.00677 0.01296
2 0.30339 0.41019 0.00677 0.02222
1 0.31589 0.40417 0.00365 0.01759
1 0.31224 0.39213 0.00677 0.0213
4 0.34479 0.40324 0.02187 0.04167
7 0.33307 0.45463 0.01719 0.03889
1 0.27839 0.36157 0.00573 0.0213
1 0.275 0.3588 0.00521 0.0213
1 0.28021 0.34954 0.00521 0.0213
1 0.27578 0.34676 0.00469 0.0213
1 0.29688 0.35787 0.00521 0.01574
7 0.325 0.44954 0.01771 0.03241
7 0.31849 0.43889 0.02135 0.02593
6 0.31224 0.42083 0.03281 0.0287
7 0.30651 0.39954 0.02552 0.02315
7 0.29401 0.36343 0.02656 0.01944
3 0.31536 0.33981 0.0099 0.01481
7 0.29714 0.32639 0.01094 0.02685
7 0.28542 0.3287 0.01875 0.02407
7 0.28203 0.32037 0.01615 0.01481
1 0.27057 0.32083 0.00469 0.01944
1 0.27865 0.31481 0.00313 0.01481
10 0.45937 0.44306 0.01354 0.03241
4 0.4849 0.43935 0.03021 0.04907
0 0.20156 0.25 0.04479 0.07222
10 0.2013 0.29352 0.00885 0.00926
4 0.24766 0.24074 0.00781 0.01296
10 0.26406 0.25602 0.00417 0.01019
2 0.23568 0.26065 0.00365 0.01019
8 0.23542 0.25926 0.00729 0.01852
2 0.22812 0.25139 0.00313 0.00833
10 0.22812 0.25278 0.00521 0.01481
2 0.25156 0.22963 0.00313 0.00741
10 0.25182 0.2338 0.0026 0.00648
8 0.25807 0.23009 0.00469 0.01389
0 0.25625 0.16944 0.06146 0.07778
0 0.27839 0.23148 0.02135 0.03889
2 0.23646 0.24306 0.00208 0.00463
2 0.23464 0.23102 0.0026 0.00648
2 0.23411 0.21991 0.0026 0.00648
2 0.24219 0.21435 0.00313 0.00648
2 0.23464 0.2412 0.00365 0.00648
10 0.23672 0.24537 0.00365 0.00741
10 0.2349 0.24444 0.00313 0.00741
10 0.2349 0.23472 0.00313 0.00648
10 0.23438 0.22361 0.00208 0.00648
10 0.24167 0.21713 0.00417 0.00833
4 0.2487 0.30324 0.01198 0.02315
10 0.26328 0.3375 0.00469 0.01019
10 0.25339 0.3375 0.00469 0.01019
10 0.2638 0.32176 0.00469 0.01204
10 0.19922 0.35139 0.00677 0.01574
10 0.21641 0.32546 0.00573 0.01389
10 0.21224 0.29954 0.00469 0.01204
7 0.20964 0.31852 0.00781 0.01852
10 0.2612 0.47824 0.02031 0.03056
