4 0.16797 0.50741 0.06927 0.04074
4 0.25703 0.54907 0.07135 0.0537
4 0.39115 0.49722 0.06146 0.04259
4 0.4013 0.6787 0.07448 0.07963
5 0.57917 0.68472 0.05208 0.10278
4 0.67161 0.66574 0.05677 0.07593
5 0.71562 0.73565 0.04479 0.11204
5 0.69089 0.83519 0.05052 0.12222
5 0.69922 0.9625 0.0724 0.075
1 0.675 0.97407 0.02187 0.05185
1 0.7237 0.91852 0.01719 0.07222
1 0.71667 0.89028 0.01562 0.06944
1 0.75339 0.85139 0.0151 0.05463
6 0.77734 0.8625 0.1276 0.275
1 0.80964 0.77222 0.0151 0.05926
1 0.79948 0.75093 0.01042 0.06111
1 0.79036 0.75046 0.0151 0.05648
1 0.77865 0.72731 0.01146 0.05093
3 0.80885 0.70694 0.02083 0.04537
3 0.82292 0.65093 0.02187 0.03889
1 0.79531 0.67037 0.0125 0.05185
11 0.84896 0.69676 0.04271 0.17315
4 0.70859 0.54259 0.0651 0.04444
4 0.42578 0.58009 0.06615 0.06204
4 0.46849 0.54722 0.0651 0.04444
5 0.54922 0.49213 0.05052 0.04537
5 0.69115 0.50324 0.06563 0.06574
5 0.75208 0.48287 0.06146 0.04907
5 0.78307 0.44861 0.04635 0.05463
5 0.89766 0.50741 0.06406 0.05185
9 0.93984 0.46481 0.12031 0.08148
4 0.85755 0.41898 0.03594 0.03241
3 0.26615 0.87083 0.03958 0.05278
6 0.72682 0.33148 0.03073 0.04815
4 0.70026 0.32454 0.01823 0.0213
2 0.71953 0.34815 0.00469 0.01481
2 0.71146 0.34861 0.00521 0.01574
6 0.88828 0.29769 0.0224 0.02685
4 0.87318 0.29769 0.01719 0.01574
4 0.86562 0.29074 0.01875 0.01852
4 0.84661 0.2912 0.01719 0.01574
4 0.8362 0.28704 0.01927 0.01481
5 0.85495 0.28565 0.01615 0.01759
4 0.82031 0.28333 0.01667 0.01481
4 0.80547 0.28056 0.01615 0.01481
4 0.79245 0.2787 0.0151 0.01481
4 0.81536 0.27315 0.01927 0.01481
4 0.80599 0.27176 0.01823 0.01574
4 0.79323 0.26528 0.01875 0.01574
4 0.77135 0.26343 0.01979 0.01389
4 0.78646 0.25556 0.01562 0.01296
6 0.83073 0.26343 0.01562 0.02315
5 0.825 0.25648 0.01875 0.01481
4 0.83229 0.26111 0.02396 0.01296
4 0.80964 0.25 0.02031 0.01111
4 0.82031 0.25602 0.01667 0.01204
4 0.76354 0.2588 0.01771 0.01204
4 0.76745 0.25556 0.01927 0.01111
4 0.77161 0.24815 0.01719 0.01111
5 0.78828 0.23889 0.01406 0.01296
4 0.78177 0.23843 0.01458 0.01019
4 0.76667 0.28241 0.01667 0.01481
4 0.75234 0.28889 0.02135 0.01296
4 0.75651 0.29167 0.02135 0.01481
5 0.7625 0.29306 0.03333 0.02315
5 0.75651 0.3 0.01823 0.02037
4 0.74323 0.30324 0.01562 0.01944
4 0.72813 0.3037 0.01875 0.01852
4 0.7151 0.30509 0.01771 0.01944
5 0.70078 0.30185 0.01615 0.02222
4 0.68724 0.3037 0.01719 0.01667
4 0.67161 0.3037 0.01823 0.01852
4 0.65625 0.3037 0.01667 0.01852
7 0.64453 0.30417 0.00885 0.01389
4 0.62943 0.3037 0.01615 0.01667
5 0.61589 0.35046 0.03698 0.04167
4 0.50625 0.30417 0.01354 0.01759
5 0.49297 0.30093 0.01198 0.02407
4 0.47682 0.30417 0.01406 0.01759
4 0.51927 0.32685 0.01562 0.02593
4 0.48698 0.32639 0.01146 0.01944
4 0.42891 0.30324 0.01094 0.01759
4 0.40833 0.3037 0.01146 0.01852
4 0.39193 0.3037 0.01198 0.01852
4 0.35781 0.30093 0.01771 0.02037
4 0.34036 0.29954 0.01198 0.01944
4 0.32422 0.30231 0.01198 0.01944
5 0.30573 0.29907 0.01354 0.02407
4 0.43099 0.32639 0.01406 0.0213
5 0.3763 0.33102 0.01302 0.02315
4 0.36094 0.32407 0.01354 0.02037
4 0.34193 0.33148 0.01615 0.02222
4 0.34349 0.3213 0.01302 0.01852
4 0.32109 0.33287 0.01615 0.0213
4 0.32734 0.32037 0.01406 0.02407
4 0.30911 0.32083 0.01615 0.02315
4 0.30026 0.33472 0.01719 0.02315
5 0.24505 0.32685 0.0151 0.02222
5 0.21198 0.3162 0.01562 0.025
4 0.04714 0.31852 0.0224 0.02593
5 0.05286 0.29583 0.01615 0.02315
5 0.1099 0.29722 0.01458 0.02222
4 0.1276 0.30139 0.01042 0.01944
4 0.14844 0.3 0.01667 0.01667
4 0.01797 0.29907 0.0224 0.02222
