4 0.43229 0.32269 0.06458 0.04907
4 0.18906 0.44398 0.0625 0.09352
5 0.09583 0.34398 0.09896 0.08611
4 0.15833 0.3287 0.05937 0.05
4 0.29141 0.29769 0.04219 0.06019
2 0.00937 0.54259 0.01667 0.03333
7 0.06875 0.50324 0.04479 0.06204
1 0.1112 0.44398 0.01406 0.04722
3 0.1224 0.39815 0.03021 0.02963
7 0.09453 0.40139 0.03385 0.03796
10 0.01615 0.325 0.0125 0.03333
10 0.14844 0.29352 0.01979 0.02778
3 0.15651 0.27685 0.0099 0.02593
7 0.16745 0.25509 0.02969 0.03426
10 0.17318 0.27639 0.01615 0.025
0 0.18776 0.2662 0.02031 0.03426
2 0.20443 0.28148 0.0099 0.02222
1 0.18542 0.24306 0.00521 0.03056
1 0.19271 0.24259 0.00625 0.02963
1 0.16536 0.22593 0.00677 0.03333
1 0.24271 0.22824 0.01042 0.03611
1 0.25078 0.26065 0.00573 0.03241
1 0.25599 0.26944 0.00365 0.02037
2 0.25469 0.2875 0.00937 0.03426
10 0.25208 0.29352 0.01042 0.02593
4 0.24974 0.20231 0.04219 0.03611
5 0.26224 0.18472 0.03906 0.03981
4 0.27266 0.16574 0.0401 0.03519
1 0.28333 0.19259 0.00625 0.02963
4 0.29583 0.14398 0.0375 0.03611
4 0.30885 0.13657 0.03854 0.0287
4 0.31589 0.12778 0.03594 0.02593
4 0.32708 0.11713 0.03958 0.02685
4 0.34896 0.10278 0.03333 0.02407
1 0.27813 0.25694 0.00625 0.03611
2 0.2862 0.25602 0.01094 0.03056
10 0.28542 0.25926 0.01146 0.03519
2 0.29297 0.24259 0.00885 0.02963
3 0.29141 0.24861 0.01094 0.025
3 0.30495 0.25787 0.00677 0.02315
2 0.30469 0.24861 0.00729 0.03056
4 0.34557 0.23333 0.03385 0.0463
4 0.35938 0.18148 0.02604 0.03704
4 0.38177 0.15648 0.02396 0.03333
4 0.38229 0.22731 0.03438 0.04167
4 0.40026 0.12593 0.02448 0.04074
1 0.35521 0.12269 0.00521 0.025
1 0.36328 0.12546 0.00469 0.02315
2 0.3862 0.11898 0.00573 0.0213
10 0.38646 0.12593 0.00521 0.01481
10 0.36536 0.06852 0.01094 0.01481
1 0.37135 0.05231 0.00313 0.01759
1 0.37969 0.06111 0.00208 0.01296
1 0.38203 0.05926 0.00365 0.01667
1 0.38776 0.06944 0.00365 0.02037
1 0.39089 0.07083 0.0026 0.0213
10 0.39062 0.0463 0.01146 0.01667
10 0.40781 0.02639 0.00833 0.01204
5 0.41198 0.06667 0.01458 0.03148
5 0.41641 0.01852 0.02031 0.02037
4 0.43177 0.01713 0.01771 0.01574
4 0.43568 0.01343 0.01927 0.01389
4 0.44792 0.00833 0.01667 0.01667
4 0.44453 0.03426 0.01406 0.01852
4 0.44375 0.05046 0.01458 0.01944
1 0.43516 0.05787 0.00365 0.01944
4 0.41927 0.11019 0.01771 0.02778
4 0.43203 0.0912 0.01615 0.02685
5 0.42839 0.14167 0.01927 0.03333
7 0.4237 0.1912 0.01198 0.03056
2 0.42318 0.18009 0.00677 0.01574
10 0.44375 0.20926 0.01562 0.02037
2 0.44401 0.2037 0.00885 0.02963
2 0.44948 0.20417 0.00625 0.02315
1 0.40755 0.25602 0.00677 0.03426
7 0.38542 0.27917 0.01667 0.03611
2 0.3875 0.26852 0.00833 0.02222
4 0.46667 0.2662 0.05312 0.04352
4 0.44948 0.24259 0.05729 0.03519
4 0.47161 0.1912 0.04427 0.03056
4 0.47656 0.16667 0.04063 0.02778
4 0.49583 0.11481 0.02708 0.02037
4 0.50677 0.10139 0.02604 0.0213
4 0.53151 0.19583 0.02344 0.03426
3 0.53802 0.11528 0.0125 0.01389
10 0.56771 0.14259 0.00729 0.01852
4 0.61745 0.19398 0.02552 0.03796
1 0.6401 0.21065 0.00937 0.03056
1 0.64167 0.32222 0.00937 0.04074
5 0.67839 0.23194 0.0599 0.05093
1 0.67812 0.2588 0.00833 0.025
1 0.06302 0.25926 0.00937 0.03519
3 0.56146 0.10417 0.00313 0.01019
3 0.53776 0.12269 0.00469 0.01759
2 0.09948 0.43843 0.01667 0.03611
10 0.57839 0.0537 0.01094 0.01296
0 0.57917 0.02269 0.01667 0.01944
4 0.48047 0.02222 0.00885 0.01852
0 0.46719 0.01574 0.00625 0.01852
