4 0.39531 0.28333 0.01562 0.0463
4 0.39844 0.5662 0.01562 0.06019
9 0.52057 0.92361 0.03073 0.15278
5 0.52578 0.24583 0.02448 0.04167
10 0.48984 0.20278 0.00573 0.02037
2 0.4901 0.20139 0.00417 0.01574
1 0.50234 0.16296 0.00365 0.01296
1 0.50026 0.12361 0.00573 0.01574
1 0.49062 0.14537 0.00417 0.01481
1 0.49323 0.1537 0.00313 0.01481
1 0.49453 0.14537 0.00365 0.01296
1 0.5349 0.10417 0.00417 0.01574
1 0.38854 0.13102 0.00417 0.01759
1 0.39401 0.13241 0.00469 0.01667
3 0.31979 0.30648 0.01042 0.01481
4 0.44271 0.34583 0.03021 0.03426
4 0.43385 0.37222 0.03125 0.03704
4 0.36068 0.26944 0.01302 0.0463
4 0.30286 0.24306 0.02344 0.04722
4 0.28906 0.22269 0.01458 0.04352
4 0.33802 0.28148 0.01354 0.03333
5 0.34922 0.42963 0.0276 0.05741
8 0.36042 0.4 0.01771 0.03333
0 0.31771 0.34444 0.02187 0.02963
1 0.33229 0.3375 0.00521 0.01389
1 0.31615 0.325 0.00417 0.01111
1 0.47422 0.33009 0.00573 0.01389
2 0.5224 0.28657 0.00313 0.01204
2 0.51406 0.26898 0.00417 0.01204
10 0.52109 0.28935 0.00365 0.01204
4 0.00495 0.10972 0.0099 0.04352
4 0.01849 0.10324 0.02031 0.03611
4 0.03802 0.10093 0.02083 0.03889
1 0.06484 0.08472 0.00573 0.01759
5 0.10885 0.11296 0.02917 0.02593
5 0.01771 0.2125 0.01875 0.04722
4 0.04193 0.225 0.02135 0.04815
7 0.07109 0.20093 0.01406 0.04259
5 0.13307 0.10139 0.01823 0.03981
5 0.15286 0.10787 0.02135 0.03611
4 0.09141 0.22083 0.02031 0.04907
6 0.10755 0.22269 0.02135 0.05648
5 0.1224 0.23565 0.01562 0.04722
6 0.14245 0.22778 0.02344 0.06481
5 0.16094 0.23981 0.01562 0.05185
5 0.20208 0.21898 0.01562 0.06019
5 0.18438 0.10741 0.01979 0.04259
5 0.2112 0.11435 0.02031 0.03981
4 0.23385 0.11481 0.02187 0.04259
4 0.25521 0.11389 0.02292 0.04074
4 0.2237 0.2287 0.01615 0.05185
4 0.25599 0.23102 0.01615 0.05278
4 0.28516 0.10833 0.02969 0.02778
5 0.31224 0.06898 0.02344 0.03981
4 0.33984 0.01204 0.02656 0.02407
4 0.34193 0.02824 0.02656 0.03611
4 0.34141 0.05926 0.02344 0.03333
1 0.34583 0.09815 0.00417 0.01667
4 0.42526 0.04352 0.02552 0.03333
4 0.42526 0.07222 0.02865 0.03148
4 0.42318 0.09861 0.02865 0.0287
4 0.50964 0.01852 0.02865 0.03704
4 0.46771 0.10046 0.0125 0.04167
4 0.51224 0.05278 0.02656 0.03704
5 0.42865 0.01852 0.02813 0.03704
4 0.51693 0.11204 0.02552 0.03889
4 0.51146 0.08472 0.02813 0.03796
4 0.51953 0.14074 0.02552 0.03889
4 0.51927 0.17824 0.025 0.04352
4 0.52422 0.20648 0.02552 0.04074
5 0.47292 0.21157 0.01458 0.04722
1 0.34375 0.20185 0.00417 0.01481
1 0.34766 0.20648 0.00469 0.01111
1 0.35 0.20139 0.00417 0.01204
2 0.36901 0.21296 0.00469 0.01667
1 0.40937 0.21898 0.00417 0.01574
2 0.41276 0.2375 0.00469 0.01574
10 0.41328 0.2375 0.00573 0.01944
3 0.36901 0.21759 0.00365 0.01852
6 0.4362 0.23981 0.04115 0.04259
1 0.44505 0.28981 0.00469 0.01667
4 0.52917 0.31389 0.01875 0.03889
4 0.53542 0.3625 0.01979 0.05278
1 0.55677 0.35185 0.00417 0.01296
1 0.56042 0.35046 0.00417 0.01574
1 0.5651 0.43056 0.00417 0.01296
1 0.30026 0.32407 0.00573 0.01481
1 0.30417 0.32315 0.00417 0.01481
2 0.29766 0.36343 0.00677 0.01389
10 0.2987 0.36481 0.01094 0.00741
1 0.31432 0.37222 0.00573 0.01481
1 0.29115 0.39259 0.00417 0.01111
1 0.29531 0.3875 0.00521 0.01204
1 0.29948 0.39722 0.00521 0.01481
2 0.32344 0.41435 0.00521 0.01019
5 0.31276 0.4338 0.0151 0.05093
10 0.34635 0.30093 0.00937 0.02222
10 0.30833 0.30046 0.00625 0.0213
10 0.29323 0.3088 0.00417 0.02315
2 0.29271 0.3287 0.00521 0.01296
1 0.29401 0.34398 0.00365 0.01389
2 0.29714 0.34491 0.00365 0.01019
10 0.34609 0.41111 0.00885 0.01667
10 0.3224 0.46852 0.0125 0.01667
10 0.32318 0.47778 0.0099 0.01667
1 0.30417 0.49954 0.00521 0.01574
4 0.39245 0.40509 0.0151 0.05648
4 0.41797 0.42361 0.01615 0.05833
4 0.33984 0.49537 0.01615 0.05741
1 0.37161 0.43796 0.00469 0.01296
1 0.37578 0.45278 0.00365 0.01111
4 0.42161 0.49676 0.01406 0.05648
5 0.35052 0.53333 0.02917 0.04444
4 0.34505 0.57917 0.03177 0.04722
4 0.37292 0.58009 0.01667 0.06574
4 0.34609 0.61944 0.03073 0.0463
2 0.28958 0.63611 0.00417 0.00926
2 0.29531 0.65463 0.00625 0.00926
2 0.29974 0.65694 0.00469 0.00833
2 0.30234 0.66481 0.00573 0.01111
1 0.30495 0.67083 0.00365 0.01019
1 0.30781 0.675 0.00313 0.00741
2 0.29349 0.6662 0.00469 0.01204
2 0.29896 0.67315 0.00417 0.00741
1 0.30208 0.68148 0.00417 0.01111
1 0.30703 0.65139 0.00469 0.01019
3 0.32005 0.58704 0.00677 0.02222
7 0.32448 0.63704 0.00937 0.03704
5 0.35339 0.65833 0.03177 0.0537
4 0.34583 0.70648 0.02187 0.02778
1 0.36953 0.69676 0.00469 0.01204
4 0.33724 0.75926 0.0224 0.06667
4 0.34766 0.81667 0.03385 0.0537
4 0.35026 0.8588 0.03281 0.05463
10 0.32474 0.8838 0.00677 0.025
10 0.30885 0.9037 0.00625 0.02778
4 0.35078 0.90185 0.03281 0.05556
1 0.37083 0.86759 0.00417 0.00741
1 0.37604 0.89398 0.00833 0.01389
4 0.35052 0.95046 0.03542 0.06389
4 0.3612 0.975 0.03594 0.05
4 0.43307 0.97731 0.01406 0.04537
4 0.39635 0.91806 0.01562 0.06759
4 0.43047 0.90463 0.01615 0.07037
5 0.39974 0.78241 0.01823 0.07407
5 0.42786 0.78287 0.01615 0.06759
5 0.42578 0.68241 0.01615 0.06296
0 0.29063 0.81759 0.01875 0.04444
4 0.47031 0.4088 0.01562 0.05093
4 0.52474 0.42407 0.01406 0.0463
4 0.54219 0.44583 0.01562 0.05278
4 0.47109 0.54676 0.01406 0.04907
4 0.47135 0.63426 0.01458 0.05741
4 0.54557 0.50648 0.01615 0.05556
4 0.54818 0.56713 0.0151 0.05648
4 0.55469 0.62685 0.01771 0.05926
4 0.49922 0.66111 0.01615 0.06296
2 0.52292 0.6375 0.00521 0.01019
2 0.52318 0.64352 0.00469 0.00926
10 0.52292 0.64028 0.00521 0.02315
4 0.56094 0.70602 0.01771 0.06204
4 0.4763 0.72593 0.0151 0.0537
3 0.58464 0.65324 0.00365 0.01944
3 0.58776 0.70093 0.00469 0.01852
4 0.57552 0.96019 0.01771 0.06667
7 0.07943 0.09398 0.01094 0.0287
