10 0.08932 0.38843 0.01094 0.03611
10 0.13984 0.28704 0.00573 0.01852
10 0.20677 0.29259 0.00521 0.01852
10 0.22969 0.29167 0.00729 0.02222
10 0.24896 0.26806 0.00625 0.01944
10 0.07969 0.28148 0.00937 0.02222
10 0.14661 0.22685 0.00573 0.01481
10 0.17578 0.20278 0.00469 0.00926
10 0.18828 0.19815 0.00885 0.00926
10 0.20286 0.18843 0.00573 0.01019
10 0.18594 0.20926 0.00521 0.01111
10 0.18255 0.18935 0.00469 0.01204
10 0.17266 0.19167 0.0099 0.01111
10 0.15677 0.18519 0.00833 0.00926
10 0.22969 0.17685 0.00625 0.00926
10 0.24635 0.17361 0.00625 0.00648
10 0.42891 0.22731 0.01094 0.01389
10 0.45391 0.23009 0.01302 0.01574
10 0.44766 0.22685 0.01198 0.01481
10 0.42552 0.20648 0.01146 0.01296
10 0.47786 0.24444 0.01198 0.01481
10 0.39062 0.16806 0.00625 0.00833
4 0.41224 0.19954 0.0276 0.01759
4 0.41094 0.19167 0.02604 0.01481
4 0.41354 0.18981 0.02396 0.01667
4 0.41641 0.1875 0.02344 0.01574
6 0.41667 0.18056 0.03021 0.02222
2 0.4724 0.22546 0.00521 0.00833
4 0.39687 0.16481 0.01771 0.01667
2 0.0888 0.38056 0.00885 0.03519
2 0.13932 0.27963 0.00573 0.02037
2 0.20677 0.28796 0.00625 0.02222
2 0.22891 0.2875 0.00677 0.0213
2 0.24844 0.26574 0.00521 0.01667
2 0.14557 0.22222 0.00469 0.01852
2 0.07812 0.27963 0.00521 0.01667
2 0.08047 0.27593 0.00573 0.02037
2 0.17578 0.19722 0.00365 0.01296
2 0.18568 0.20602 0.00365 0.01204
2 0.18828 0.19491 0.00365 0.01389
2 0.18255 0.18657 0.00365 0.01204
2 0.2026 0.18565 0.00417 0.01204
2 0.15651 0.18287 0.00365 0.01574
2 0.22917 0.17454 0.00313 0.01019
2 0.24661 0.16991 0.00365 0.01019
1 0.26068 0.1838 0.00365 0.01574
1 0.25469 0.2037 0.00417 0.01667
3 0.26146 0.18657 0.00521 0.01019
4 0.2112 0.24167 0.01406 0.03148
4 0.21276 0.20833 0.01094 0.01296
5 0.23359 0.20046 0.01302 0.025
5 0.25026 0.18935 0.01198 0.02315
4 0.25521 0.22778 0.01042 0.02222
5 0.40703 0.16343 0.01406 0.01574
4 0.41667 0.16389 0.01562 0.01296
4 0.42448 0.16296 0.01458 0.01296
4 0.43073 0.16111 0.01458 0.01296
4 0.44141 0.15972 0.01198 0.01389
5 0.40833 0.14398 0.01354 0.01204
5 0.42578 0.14491 0.01406 0.01019
4 0.09193 0.20787 0.02865 0.01759
4 0.11016 0.16574 0.0099 0.01481
4 0.09792 0.16944 0.00833 0.01481
8 0.19115 0.16806 0.01042 0.01574
2 0.19323 0.16852 0.00313 0.01111
8 0.2151 0.16481 0.00833 0.01296
1 0.16094 0.21667 0.00417 0.01852
1 0.14583 0.20324 0.00313 0.01389
1 0.14453 0.20139 0.00365 0.01574
4 0.19505 0.14954 0.00781 0.01204
4 0.1974 0.14583 0.00729 0.01204
7 0.28516 0.15093 0.00677 0.01296
5 0.27917 0.14028 0.0125 0.01204
7 0.29349 0.14954 0.00781 0.01204
10 0.27839 0.15694 0.00573 0.00833
2 0.2776 0.15463 0.00208 0.00926
3 0.17266 0.1713 0.00781 0.00741
2 0.17266 0.16806 0.00365 0.01019
10 0.18073 0.16204 0.00208 0.00926
10 0.15911 0.16435 0.00365 0.00833
10 0.1763 0.16157 0.0026 0.00833
10 0.18307 0.14954 0.0026 0.00833
10 0.18698 0.14954 0.00208 0.00833
2 0.18333 0.14722 0.00208 0.00926
2 0.18698 0.14722 0.00208 0.00926
2 0.18125 0.16065 0.00313 0.01204
2 0.17578 0.16065 0.00365 0.01204
2 0.15885 0.16157 0.00313 0.01019
10 0.15807 0.17361 0.00573 0.00833
2 0.15781 0.17083 0.00313 0.01204
10 0.2112 0.15972 0.00573 0.00833
8 0.24401 0.14676 0.00365 0.01204
2 0.21146 0.15694 0.00208 0.00833
2 0.2125 0.15741 0.00208 0.00556
2 0.21693 0.15833 0.0026 0.00741
10 0.23307 0.15926 0.00573 0.00741
10 0.22786 0.16528 0.00573 0.00648
10 0.23594 0.16806 0.00729 0.00833
8 0.24089 0.16111 0.00885 0.01296
10 0.25833 0.16898 0.00625 0.00833
10 0.26224 0.16481 0.00573 0.00556
7 0.25781 0.16157 0.00937 0.01019
2 0.22812 0.16157 0.00208 0.00833
2 0.23333 0.15556 0.00313 0.00741
2 0.2362 0.1662 0.0026 0.01019
2 0.23958 0.16157 0.00208 0.00648
2 0.25859 0.16574 0.0026 0.00741
2 0.25651 0.16065 0.00365 0.00833
2 0.26276 0.16111 0.0026 0.00741
2 0.26406 0.1625 0.00208 0.00648
5 0.19323 0.13056 0.00625 0.01111
8 0.20286 0.12685 0.00365 0.01111
10 0.23724 0.12824 0.00156 0.00648
2 0.23724 0.12546 0.0026 0.00648
3 0.16927 0.16111 0.00313 0.00741
2 0.16927 0.15787 0.00208 0.00833
0 0.21953 0.10926 0.04219 0.02222
0 0.22292 0.08009 0.02396 0.02685
0 0.13203 0.15694 0.0099 0.01204
