4 0.49449 0.66405 0.04485 0.16209
4 0.56213 0.59281 0.04485 0.13987
4 0.59338 0.43007 0.05 0.15948
4 0.52353 0.32157 0.04265 0.14118
4 0.40184 0.30654 0.04779 0.16078
4 0.49596 0.10196 0.04044 0.1281
4 0.73456 0.08889 0.07647 0.08627
4 0.16654 0.27255 0.08603 0.07712
4 0.05147 0.32288 0.09265 0.07582
4 0.14081 0.37843 0.08309 0.07712
4 0.11949 0.58758 0.08603 0.07451
1 0.16728 0.6085 0.01544 0.02484
1 0.35147 0.57255 0.01618 0.02092
5 0.81691 0.36471 0.04706 0.11503
1 0.24669 0.18693 0.01838 0.02092
1 0.58934 0.2183 0.01103 0.01569
1 0.59338 0.23529 0.00735 0.01046
1 0.50331 0.42484 0.0125 0.02092
1 0.83787 0.67582 0.01691 0.04706
1 0.95846 0.61961 0.02574 0.02876
1 0.8136 0.71373 0.01397 0.02876
1 0.82904 0.72092 0.01103 0.02222
10 0.81691 0.72353 0.03824 0.03007
10 0.78824 0.6098 0.02794 0.06144
10 0.85809 0.42745 0.01618 0.05229
10 0.87463 0.43333 0.0125 0.05098
10 0.88713 0.43007 0.01985 0.05752
10 0.93787 0.42549 0.0125 0.05359
10 0.94632 0.41961 0.01618 0.05229
3 0.87316 0.36275 0.01691 0.04837
3 0.88676 0.35882 0.01765 0.04837
10 0.90037 0.34902 0.01691 0.04967
3 0.91985 0.34967 0.01618 0.05621
10 0.94559 0.27908 0.02059 0.05098
10 0.94853 0.33725 0.02059 0.04706
3 0.93493 0.34379 0.01691 0.04967
3 0.90993 0.4085 0.01544 0.06928
1 0.91103 0.45229 0.01618 0.02876
10 0.59044 0.22026 0.01324 0.05621
10 0.50147 0.42614 0.01324 0.05229
10 0.09632 0.44837 0.04265 0.02092
1 0.09485 0.44771 0.025 0.02222
4 0.02022 0.43922 0.04044 0.07582
4 0.02316 0.62157 0.04632 0.06667
4 0.40735 0.03595 0.04412 0.0719
1 0.90404 0.09804 0.01544 0.03137
10 0.9 0.10327 0.02941 0.02876
1 0.75515 0.64052 0.02794 0.03137
3 0.725 0.69804 0.02647 0.02876
10 0.8125 0.68366 0.02941 0.02614
3 0.77574 0.68039 0.01471 0.04575
10 0.75404 0.93987 0.02279 0.05752
