0 0.47604 0.0963 0.09375 0.18889
0 0.57031 0.15926 0.05937 0.14444
4 0.45417 0.14352 0.02083 0.03889
4 0.52969 0.12685 0.01771 0.03889
4 0.49844 0.2537 0.02813 0.04444
4 0.45521 0.29444 0.02708 0.05926
4 0.49167 0.43889 0.03333 0.08519
4 0.32188 0.56296 0.0375 0.12963
4 0.27865 0.89722 0.05729 0.17593
6 0.4125 0.70463 0.03958 0.10556
5 0.30312 0.72685 0.05208 0.17222
4 0.33698 0.45833 0.04688 0.07593
4 0.57865 0.32963 0.03646 0.05185
4 0.58594 0.39074 0.04271 0.07778
4 0.41927 0.05556 0.01771 0.04444
4 0.56875 0.14722 0.03125 0.02778
1 0.525 0.36204 0.00833 0.04259
1 0.61719 0.81204 0.01562 0.08704
1 0.63646 0.8213 0.01667 0.07963
10 0.63958 0.60648 0.0375 0.05
10 0.67552 0.68981 0.05104 0.11667
1 0.5625 0.40093 0.01042 0.0537
1 0.54792 0.40833 0.00833 0.0537
1 0.64427 0.71389 0.01771 0.07593
1 0.25208 0.70093 0.01667 0.07222
1 0.28229 0.62593 0.01667 0.06667
1 0.25833 0.66296 0.01875 0.06667
2 0.2625 0.64907 0.01042 0.03889
1 0.23906 0.54352 0.01354 0.0537
1 0.21875 0.52407 0.01667 0.05926
1 0.20729 0.525 0.0125 0.06111
0 0.39427 0.3 0.08646 0.2037
10 0.36615 0.29259 0.02813 0.03704
1 0.39427 0.26389 0.00937 0.03889
2 0.4474 0.22315 0.00937 0.02778
2 0.50104 0.33148 0.01042 0.02963
10 0.44635 0.24537 0.00729 0.03148
10 0.49896 0.34815 0.00833 0.03333
2 0.50156 0.34352 0.00729 0.02778
1 0.53333 0.35648 0.00833 0.0537
1 0.5401 0.36111 0.00937 0.04815
0 0.69948 0.84907 0.04688 0.09074
2 0.56719 0.78426 0.01771 0.06852
2 0.57031 0.78796 0.01354 0.0537
2 0.52604 0.82778 0.01875 0.05556
2 0.52812 0.85185 0.01667 0.04444
2 0.55677 0.94815 0.01562 0.05556
2 0.59375 0.93889 0.01875 0.05926
10 0.59271 0.96852 0.025 0.05926
10 0.55781 0.96852 0.01979 0.06296
10 0.56771 0.80093 0.01667 0.06852
10 0.53021 0.85 0.02083 0.07778
1 0.92656 0.2463 0.00937 0.04444
6 0.77812 0.1537 0.07292 0.05185
4 0.71979 0.18426 0.05417 0.04259
4 0.71719 0.23796 0.05521 0.0463
4 0.79219 0.2287 0.05104 0.04259
2 0.79323 0.24907 0.00937 0.03148
2 0.7849 0.2463 0.00937 0.02963
2 0.74219 0.29352 0.01146 0.03148
2 0.75625 0.29074 0.01458 0.03333
2 0.76406 0.26204 0.01146 0.03519
2 0.77292 0.26574 0.01042 0.02407
2 0.79375 0.26852 0.0125 0.02963
2 0.81146 0.27222 0.01042 0.03333
2 0.82448 0.27315 0.01146 0.03519
2 0.86198 0.26389 0.01146 0.02778
2 0.87813 0.26296 0.0125 0.03333
2 0.89531 0.48148 0.01354 0.03333
1 0.91302 0.51111 0.01146 0.05926
2 0.9401 0.50833 0.01979 0.05
2 0.94375 0.61574 0.02083 0.04259
2 0.97083 0.61852 0.01458 0.03333
2 0.91615 0.75 0.02187 0.06296
2 0.98125 0.73889 0.025 0.05185
1 0.87292 0.74167 0.02083 0.08333
0 0.92396 0.67593 0.14375 0.22222
10 0.98333 0.47037 0.03125 0.03333
10 0.94479 0.44167 0.03125 0.03889
1 0.82865 0.16852 0.00729 0.03704
1 0.8526 0.16204 0.00729 0.03889
7 0.86198 0.18889 0.01562 0.03704
1 0.87813 0.175 0.00833 0.03889
2 0.84115 0.16204 0.00729 0.02407
10 0.84115 0.17685 0.00729 0.02778
