5 0.03542 0.19954 0.02813 0.03796
4 0.03776 0.45185 0.03177 0.03148
4 0.14661 0.41343 0.03177 0.03056
4 0.30495 0.37037 0.02865 0.03148
1 0.22526 0.61667 0.00573 0.01296
1 0.22031 0.61944 0.00521 0.01296
2 0.2224 0.51574 0.00521 0.01111
10 0.22187 0.51343 0.01458 0.01204
10 0.28359 0.55833 0.01302 0.01296
2 0.28281 0.5588 0.00521 0.01019
1 0.37604 0.61898 0.00521 0.00833
1 0.38177 0.61667 0.00521 0.00926
1 0.52161 0.55926 0.00469 0.00556
1 0.55521 0.53565 0.00521 0.00833
1 0.55573 0.54676 0.00521 0.00833
1 0.67917 0.47593 0.00729 0.00926
4 0.51641 0.5 0.02969 0.03889
4 0.69219 0.29815 0.03229 0.03148
4 0.63333 0.35278 0.03229 0.03148
4 0.62005 0.23472 0.02969 0.025
5 0.64245 0.47407 0.02865 0.02778
5 0.68203 0.45046 0.0276 0.01944
1 0.52448 0.55093 0.00417 0.00926
1 0.51979 0.55231 0.00417 0.00833
10 0.6349 0.5375 0.00729 0.01759
10 0.62786 0.54815 0.00677 0.01852
10 0.62031 0.54676 0.00833 0.01759
2 0.64818 0.55093 0.00573 0.00926
7 0.61146 0.4875 0.01458 0.01389
2 0.58151 0.53889 0.00573 0.00926
1 0.21406 0.28843 0.01042 0.01204
4 0.28385 0.02963 0.01562 0.05926
1 0.30599 0.02593 0.0151 0.05185
1 0.22786 0.15787 0.00677 0.01019
1 0.23359 0.10093 0.00677 0.00926
2 0.33464 0.20694 0.00573 0.01019
10 0.33542 0.20648 0.01042 0.01481
1 0.46198 0.12083 0.00417 0.01204
1 0.47057 0.12454 0.00469 0.00833
10 0.39896 0.07917 0.00833 0.0213
2 0.39844 0.08287 0.00625 0.00833
2 0.39974 0.07546 0.00573 0.00833
2 0.3388 0.20602 0.00365 0.00833
2 0.55443 0.11806 0.00573 0.00833
10 0.55286 0.11759 0.01094 0.01111
2 0.68047 0.35926 0.00677 0.01111
10 0.67943 0.36019 0.01302 0.01111
2 0.58125 0.53009 0.00521 0.00648
1 0.52917 0.63704 0.00521 0.00926
1 0.52865 0.6463 0.00521 0.00926
1 0.52214 0.6662 0.0026 0.00648
1 0.5237 0.67176 0.00365 0.00648
2 0.66563 0.54167 0.00521 0.00926
2 0.65625 0.54907 0.00521 0.00926
2 0.67578 0.53889 0.00573 0.00926
2 0.69167 0.55185 0.00521 0.00926
2 0.68411 0.48981 0.00573 0.00926
2 0.61146 0.5 0.00521 0.00926
2 0.64271 0.49352 0.00521 0.00926
2 0.69297 0.48611 0.00573 0.00926
2 0.69792 0.48333 0.00521 0.00926
2 0.70365 0.48333 0.00521 0.00926
8 0.65104 0.5787 0.03229 0.02778
1 0.66198 0.51481 0.00521 0.00926
1 0.65729 0.51157 0.00521 0.00833
4 0.38802 0.69861 0.01979 0.01759
0 0.05417 0.09722 0.10625 0.04259
0 0.11927 0.0412 0.03854 0.08056
