4 0.35078 0.50556 0.01823 0.0537
4 0.31484 0.5412 0.01823 0.05833
4 0.25807 0.39167 0.01198 0.03889
4 0.28932 0.30046 0.01198 0.03426
4 0.31979 0.16574 0.00937 0.02037
4 0.29714 0.13889 0.01094 0.02407
4 0.30104 0.09861 0.00937 0.0213
4 0.40547 0.275 0.01302 0.03148
4 0.42708 0.42917 0.01875 0.04352
4 0.41771 0.35694 0.01562 0.04167
4 0.45625 0.40278 0.03333 0.02222
4 0.42995 0.2463 0.0276 0.02037
4 0.15573 0.50926 0.02083 0.05556
4 0.19062 0.34444 0.01979 0.03704
4 0.19792 0.30231 0.01562 0.03611
4 0.21979 0.20556 0.01354 0.02593
4 0.32083 0.04537 0.00729 0.01667
4 0.30599 0.03843 0.00885 0.0213
4 0.30859 0.00926 0.00781 0.01296
4 0.25729 0.00972 0.00729 0.01574
4 0.24661 0.06528 0.00677 0.01759
4 0.24818 0.05185 0.00885 0.01667
5 0.25521 0.02315 0.00833 0.01667
4 0.19453 0.15741 0.0224 0.01481
4 0.19167 0.17037 0.025 0.02222
4 0.19036 0.18472 0.02865 0.01944
4 0.18229 0.1963 0.02604 0.02222
4 0.17708 0.20787 0.02604 0.01944
4 0.16953 0.25648 0.02969 0.02407
4 0.16198 0.27454 0.02917 0.02315
10 0.16927 0.28796 0.01458 0.01296
4 0.15234 0.35185 0.0349 0.02963
4 0.14297 0.3838 0.03698 0.03241
4 0.14661 0.4537 0.02552 0.04815
4 0.10859 0.47824 0.03594 0.04167
4 0.09531 0.51111 0.0375 0.04259
4 0.08802 0.54537 0.04167 0.03889
4 0.08958 0.58704 0.04479 0.04444
1 0.04714 0.61343 0.00885 0.02685
4 0.01667 0.3963 0.03333 0.03148
4 0.02526 0.37361 0.04115 0.02685
4 0.03568 0.35046 0.03385 0.02685
4 0.03932 0.32917 0.03802 0.02315
5 0.04479 0.31157 0.0375 0.0287
4 0.05156 0.29583 0.03333 0.0213
4 0.05807 0.27685 0.03281 0.02407
4 0.06823 0.26481 0.03333 0.02222
4 0.06797 0.24954 0.03385 0.02315
4 0.0763 0.23148 0.03073 0.02222
4 0.08125 0.21481 0.02187 0.02037
1 0.20885 0.10694 0.00417 0.01574
1 0.20599 0.10972 0.0026 0.01204
1 0.23828 0.07546 0.00365 0.01389
1 0.28073 0.06713 0.00208 0.01389
1 0.2651 0.16111 0.00417 0.01481
10 0.26562 0.16713 0.00313 0.01204
10 0.28047 0.07037 0.00365 0.01111
1 0.10365 0.29583 0.00625 0.0213
1 0.09349 0.27824 0.00573 0.01759
3 0.09375 0.28287 0.00521 0.01389
0 0.01797 0.26296 0.03177 0.01852
10 0.10677 0.1963 0.00521 0.01296
1 0.34401 0.13056 0.0026 0.01111
1 0.34922 0.13056 0.0026 0.01111
10 0.34401 0.13565 0.00469 0.00833
10 0.34948 0.13565 0.00417 0.00833
1 0.36615 0.12593 0.00208 0.01296
1 0.37708 0.20556 0.00417 0.01296
10 0.37682 0.20972 0.00469 0.01204
2 0.1362 0.29583 0.00469 0.01574
1 0.21615 0.33194 0.00521 0.01389
10 0.21615 0.3375 0.00521 0.01574
1 0.17995 0.38565 0.00469 0.01944
1 0.17917 0.37454 0.00417 0.01759
1 0.17318 0.49352 0.00573 0.02222
1 0.16849 0.56111 0.00677 0.02407
1 0.15859 0.57546 0.00677 0.0213
1 0.14766 0.5787 0.00677 0.02222
1 0.14609 0.59352 0.00677 0.02037
1 0.15651 0.59259 0.00677 0.02963
1 0.14401 0.65139 0.00885 0.0213
3 0.14401 0.66481 0.00781 0.02778
1 0.15833 0.68519 0.00937 0.03333
7 0.07943 0.64815 0.0276 0.02963
9 0.34427 0.33426 0.02396 0.09074
