0 0.26198 0.08796 0.03958 0.02593
0 0.27448 0.12176 0.01562 0.03796
0 0.28828 0.1287 0.0099 0.01481
4 0.28437 0.10648 0.00313 0.0037
4 0.2901 0.1125 0.00417 0.00463
4 0.29505 0.1162 0.00365 0.00463
4 0.2987 0.11944 0.00365 0.00556
4 0.29583 0.125 0.00417 0.00556
4 0.29141 0.77593 0.0474 0.10741
4 0.31146 0.57176 0.03229 0.06574
4 0.54271 0.5963 0.02813 0.05741
3 0.59635 0.72222 0.01042 0.04074
2 0.59661 0.71157 0.01198 0.04167
3 0.54766 0.39352 0.00573 0.01667
2 0.54844 0.38472 0.00625 0.02315
4 0.47604 0.29861 0.01458 0.0213
4 0.48932 0.29213 0.0151 0.01944
4 0.47917 0.2787 0.01458 0.01667
4 0.46016 0.25926 0.0151 0.01667
4 0.43776 0.24444 0.01302 0.01481
4 0.42344 0.31111 0.01354 0.02222
4 0.40677 0.24444 0.01146 0.01667
4 0.38255 0.28241 0.01406 0.02037
4 0.41953 0.21759 0.00885 0.01296
4 0.41797 0.21343 0.0099 0.01204
4 0.5112 0.20926 0.01198 0.01111
0 0.51562 0.18287 0.025 0.04537
9 0.35625 0.29537 0.02292 0.0537
1 0.28229 0.36157 0.00625 0.02685
4 0.32786 0.23565 0.01094 0.01759
4 0.32708 0.2088 0.00937 0.01389
4 0.34948 0.20093 0.00833 0.01111
4 0.34661 0.19306 0.0099 0.01019
4 0.36953 0.18657 0.00781 0.01204
4 0.35156 0.18241 0.00833 0.01111
4 0.3974 0.19583 0.00833 0.01204
4 0.39219 0.19167 0.00833 0.01111
10 0.39349 0.2 0.00365 0.00741
2 0.39349 0.19722 0.0026 0.00741
4 0.43698 0.23565 0.01146 0.01389
10 0.30599 0.32593 0.00677 0.02222
10 0.33333 0.32593 0.00521 0.01667
2 0.33333 0.32176 0.00521 0.01759
2 0.30625 0.32269 0.00625 0.01759
4 0.33385 0.16157 0.00625 0.01019
4 0.34297 0.15972 0.00677 0.00833
4 0.3388 0.15556 0.00573 0.00741
4 0.32995 0.15556 0.00677 0.00926
4 0.33437 0.15278 0.00521 0.00741
4 0.33099 0.14954 0.00469 0.00648
6 0.32891 0.14074 0.00885 0.01296
4 0.32135 0.15556 0.00729 0.00926
4 0.31562 0.1588 0.00625 0.00833
4 0.30833 0.15787 0.01146 0.00833
4 0.30208 0.15694 0.01146 0.00648
4 0.29922 0.15139 0.00781 0.00648
4 0.29375 0.15 0.00625 0.00741
5 0.31302 0.15509 0.01042 0.00833
5 0.31823 0.15139 0.01354 0.01019
4 0.29974 0.14167 0.00469 0.00741
4 0.28958 0.1412 0.00625 0.00833
4 0.29635 0.13565 0.01042 0.00648
4 0.31094 0.14583 0.00521 0.00648
4 0.31016 0.14398 0.00677 0.00648
4 0.30703 0.1412 0.00469 0.00648
0 0.31615 0.13704 0.01458 0.01481
4 0.14948 0.2412 0.02187 0.01389
4 0.16927 0.2338 0.01146 0.01574
5 0.14375 0.25648 0.01354 0.02407
5 0.1901 0.27639 0.02708 0.02315
4 0.19922 0.26898 0.02344 0.01574
4 0.20078 0.26111 0.02656 0.01296
4 0.19505 0.24954 0.02448 0.01204
4 0.19766 0.24491 0.01927 0.01204
4 0.21823 0.21435 0.01979 0.01204
4 0.21745 0.20972 0.01823 0.01019
4 0.22187 0.1963 0.01979 0.00926
0 0.22344 0.17407 0.02187 0.03333
2 0.19505 0.17963 0.0026 0.01111
0 0.16953 0.15972 0.00885 0.0213
4 0.09141 0.32917 0.0401 0.03426
4 0.06406 0.3463 0.03646 0.02407
4 0.02266 0.37824 0.04115 0.0287
2 0.86849 0.32407 0.00573 0.02037
3 0.86849 0.32963 0.00573 0.01667
2 0.85703 0.33333 0.00573 0.01852
1 0.85104 0.32639 0.00521 0.02315
1 0.84505 0.32315 0.00469 0.01296
1 0.84115 0.31898 0.00521 0.01389
0 0.82135 0.28426 0.03229 0.02407
10 0.8263 0.30694 0.00781 0.01759
10 0.85625 0.33657 0.00937 0.0213
0 0.97318 0.37407 0.02865 0.02778
1 0.97214 0.35509 0.00469 0.02315
1 0.94922 0.3537 0.00469 0.02407
0 0.65703 0.21389 0.02448 0.01667
0 0.73073 0.24491 0.03646 0.0287
10 0.90104 0.33657 0.01146 0.01574
