1 0.14062 0.41204 0.00833 0.03519
2 0.15156 0.41019 0.00521 0.03148
10 0.15 0.41574 0.01458 0.02037
1 0.13073 0.45463 0.00937 0.03889
1 0.12292 0.4963 0.01042 0.04444
1 0.11719 0.50556 0.00937 0.02963
1 0.15313 0.50463 0.0125 0.04259
1 0.15833 0.54167 0.0125 0.0463
1 0.1599 0.59167 0.01146 0.05
1 0.18542 0.725 0.00833 0.03889
2 0.19062 0.71944 0.01458 0.03889
1 0.22865 0.9213 0.01562 0.07963
10 0.18125 0.56019 0.01667 0.0463
2 0.3026 0.66111 0.01354 0.03704
2 0.31198 0.66204 0.01146 0.03148
2 0.38958 0.66019 0.00625 0.02407
2 0.38646 0.66667 0.0125 0.03333
1 0.42708 0.76296 0.00833 0.05926
2 0.64323 0.94537 0.02187 0.03889
2 0.68646 0.9463 0.01875 0.05556
2 0.70677 0.96481 0.01771 0.04444
2 0.70208 0.95556 0.01458 0.03704
1 0.60104 0.81019 0.01667 0.06852
1 0.7224 0.74815 0.01562 0.06667
1 0.70052 0.75463 0.01146 0.04259
1 0.70312 0.71204 0.01042 0.0537
1 0.69635 0.69722 0.01562 0.0537
0 0.67552 0.71759 0.00937 0.03148
1 0.68177 0.65463 0.00729 0.03519
2 0.67188 0.64815 0.00833 0.03333
2 0.65104 0.62593 0.01042 0.04444
1 0.62865 0.65278 0.00729 0.03519
2 0.62813 0.59907 0.01042 0.03148
1 0.68802 0.53241 0.00937 0.0463
1 0.53385 0.65556 0.00729 0.04074
1 0.51406 0.68704 0.00521 0.03704
1 0.52083 0.67222 0.00833 0.05185
1 0.51146 0.66759 0.01042 0.0537
1 0.55052 0.59537 0.00729 0.02778
1 0.44323 0.53611 0.01146 0.0463
2 0.45052 0.525 0.01354 0.03519
1 0.46198 0.56481 0.01146 0.04815
2 0.4849 0.54352 0.00937 0.03148
10 0.4849 0.55556 0.01562 0.01852
10 0.47448 0.58241 0.01146 0.04259
10 0.48958 0.57778 0.01042 0.03333
3 0.51406 0.57037 0.01562 0.04815
10 0.525 0.56852 0.00833 0.04074
10 0.53698 0.57222 0.00937 0.03704
10 0.55208 0.55556 0.01458 0.03704
10 0.5474 0.57315 0.00937 0.02778
0 0.57292 0.56204 0.025 0.05
2 0.58333 0.59537 0.01042 0.03148
10 0.59062 0.56667 0.0125 0.04074
10 0.60573 0.56296 0.01354 0.05185
10 0.62135 0.55648 0.01979 0.04259
1 0.90417 0.68148 0.02292 0.05185
3 0.92031 0.69352 0.03646 0.04259
10 0.94219 0.55833 0.01771 0.04259
1 0.87396 0.56389 0.01458 0.05
1 0.84531 0.56296 0.01146 0.05185
8 0.76354 0.50278 0.04583 0.0537
8 0.71458 0.49722 0.04167 0.05
4 0.71198 0.45185 0.07187 0.04444
5 0.6526 0.48889 0.05937 0.05556
8 0.58698 0.48241 0.03021 0.0537
10 0.60365 0.43704 0.02813 0.02963
8 0.59583 0.4213 0.03125 0.04259
0 0.59844 0.38981 0.02396 0.02037
1 0.56979 0.4287 0.00625 0.03889
1 0.54531 0.4537 0.01562 0.04444
1 0.51719 0.44074 0.00937 0.03704
1 0.53073 0.53241 0.01354 0.0463
1 0.54375 0.53241 0.01458 0.0463
1 0.51406 0.49259 0.00937 0.04444
1 0.50156 0.51204 0.01354 0.03519
1 0.47604 0.51111 0.00833 0.04074
1 0.49479 0.46111 0.00833 0.04074
1 0.49896 0.49815 0.00625 0.03333
1 0.49948 0.48241 0.00729 0.03148
1 0.47604 0.49352 0.00625 0.03889
1 0.47708 0.47315 0.00625 0.03519
1 0.47552 0.42315 0.00521 0.02037
1 0.46875 0.41296 0.00833 0.03704
2 0.53958 0.38704 0.00625 0.02593
8 0.53906 0.38611 0.00937 0.03889
10 0.42292 0.37407 0.01458 0.02222
10 0.41146 0.37593 0.01042 0.02593
4 0.4849 0.36111 0.05104 0.03333
4 0.46615 0.34907 0.04688 0.03148
5 0.48385 0.33519 0.04479 0.02963
0 0.49167 0.26667 0.09167 0.1
4 0.57031 0.35278 0.02187 0.03889
1 0.55365 0.3463 0.00729 0.02963
1 0.54167 0.29722 0.00833 0.02778
1 0.5474 0.30093 0.00521 0.02037
0 0.57083 0.28148 0.02083 0.08889
1 0.55729 0.22685 0.00417 0.02037
1 0.55052 0.22778 0.00313 0.01852
4 0.52708 0.21204 0.0125 0.02037
4 0.51146 0.21019 0.0125 0.01667
4 0.49271 0.21111 0.01042 0.01852
5 0.47813 0.20926 0.0125 0.01852
6 0.45573 0.19352 0.02187 0.04259
5 0.42188 0.20093 0.0125 0.02037
5 0.4375 0.20463 0.01458 0.02778
5 0.57292 0.22407 0.01667 0.02593
5 0.58437 0.19722 0.01875 0.02037
1 0.57135 0.20556 0.00313 0.01852
0 0.56198 0.16111 0.04479 0.04815
0 0.49844 0.1787 0.05937 0.03148
0 0.41563 0.16574 0.04792 0.02778
0 0.31354 0.17963 0.075 0.05185
0 0.41354 0.09537 0.06458 0.03148
1 0.84688 0.51574 0.00625 0.03148
