4,0.17864583333333334,0.48333333333333334,0.023958333333333335,0.03333333333333333
4,0.08645833333333333,0.44814814814814813,0.036458333333333336,0.06666666666666667
7,0.10130208333333333,0.36527777777777776,0.019270833333333334,0.03981481481481482
4,0.13776041666666666,0.31527777777777777,0.024479166666666666,0.04722222222222222
4,0.10989583333333333,0.28888888888888886,0.027083333333333334,0.044444444444444446
4,0.19401041666666666,0.41203703703703703,0.027604166666666666,0.05740740740740741
4,0.21458333333333332,0.3287037037037037,0.020833333333333332,0.04259259259259259
4,0.18723958333333332,0.32685185185185184,0.022395833333333334,0.04259259259259259
4,0.16510416666666666,0.29907407407407405,0.021875,0.040740740740740744
4,0.20546875,0.26990740740740743,0.018229166666666668,0.028703703703703703
4,0.2515625,0.26851851851851855,0.014583333333333334,0.02962962962962963
9,0.22942708333333334,0.2518518518518518,0.022395833333333334,0.05555555555555555
4,0.20885416666666667,0.20972222222222223,0.019791666666666666,0.025
4,0.18151041666666667,0.21666666666666667,0.018229166666666668,0.027777777777777776
4,0.24010416666666667,0.17453703703703705,0.020833333333333332,0.019444444444444445
4,0.209375,0.1875,0.019791666666666666,0.021296296296296296
4,0.2109375,0.17222222222222222,0.019791666666666666,0.018518518518518517
4,0.36953125,0.12962962962962962,0.016145833333333335,0.012962962962962963
4,0.40338541666666666,0.09074074074074075,0.016145833333333335,0.011111111111111112
4,0.3880208333333333,0.09212962962962963,0.015625,0.010185185185185186
5,0.36354166666666665,0.08333333333333333,0.013541666666666667,0.012962962962962963
4,0.3567708333333333,0.08796296296296297,0.0125,0.009259259259259259
4,0.4328125,0.08564814814814815,0.013541666666666667,0.010185185185185186
9,0.46432291666666664,0.09398148148148149,0.03697916666666667,0.030555555555555555
9,0.3809895833333333,0.0787037037037037,0.025520833333333333,0.018518518518518517
9,0.34088541666666666,0.07314814814814814,0.0203125,0.020370370370370372
4,0.33359375,0.07777777777777778,0.013020833333333334,0.009259259259259259
4,0.16067708333333333,0.08148148148148149,0.0140625,0.011111111111111112
4,0.14375,0.06898148148148148,0.00625,0.010185185185185186
9,0.07916666666666666,0.07037037037037037,0.017708333333333333,0.014814814814814815
4,0.08020833333333334,0.16203703703703703,0.01875,0.016666666666666666
7,0.25026041666666665,0.1935185185185185,0.0078125,0.018518518518518517
2,0.2484375,0.19398148148148148,0.004166666666666667,0.008333333333333333
2,0.25052083333333336,0.19166666666666668,0.004166666666666667,0.007407407407407408
2,0.25026041666666665,0.18935185185185185,0.0036458333333333334,0.008333333333333333
1,0.10546875,0.2662037037037037,0.005729166666666666,0.017592592592592594
2,0.10104166666666667,0.12037037037037036,0.003125,0.007407407407407408
1,0.14427083333333332,0.0824074074074074,0.003125,0.009259259259259259
1,0.3067708333333333,0.0712962962962963,0.0020833333333333333,0.007407407407407408
4,0.24166666666666667,0.06435185185185185,0.005208333333333333,0.010185185185185186
4,0.22760416666666666,0.06481481481481481,0.00625,0.009259259259259259
4,0.21927083333333333,0.06435185185185185,0.00625,0.008333333333333333
4,0.22526041666666666,0.056018518518518516,0.0046875,0.008333333333333333
1,0.22942708333333334,0.055092592592592596,0.0015625,0.008333333333333333
4,0.23776041666666667,0.052314814814814814,0.0046875,0.006481481481481481
4,0.2520833333333333,0.058333333333333334,0.004166666666666667,0.007407407407407408
6,0.25885416666666666,0.05648148148148148,0.007291666666666667,0.016666666666666666
8,0.26510416666666664,0.03935185185185185,0.0020833333333333333,0.006481481481481481
4,0.27291666666666664,0.030555555555555555,0.003125,0.007407407407407408
6,0.2791666666666667,0.03333333333333333,0.005208333333333333,0.014814814814814815
4,0.25677083333333334,0.012962962962962963,0.005208333333333333,0.003703703703703704
5,0.2794270833333333,0.016666666666666666,0.0026041666666666665,0.005555555555555556
4,0.2755208333333333,0.013425925925925926,0.003125,0.004629629629629629
4,0.26848958333333334,0.013425925925925926,0.005729166666666666,0.004629629629629629
7,0.27265625,0.02175925925925926,0.0026041666666666665,0.006481481481481481
4,0.2674479166666667,0.02175925925925926,0.0036458333333333334,0.004629629629629629
4,0.2682291666666667,0.019444444444444445,0.003125,0.005555555555555556
4,0.2635416666666667,0.018055555555555554,0.004166666666666667,0.004629629629629629
4,0.26145833333333335,0.020833333333333332,0.005208333333333333,0.004629629629629629
4,0.25677083333333334,0.025,0.003125,0.005555555555555556
4,0.24375,0.04027777777777778,0.004166666666666667,0.006481481481481481
4,0.24583333333333332,0.03564814814814815,0.004166666666666667,0.006481481481481481
4,0.25,0.031018518518518518,0.0020833333333333333,0.004629629629629629
7,0.24635416666666668,0.05555555555555555,0.0020833333333333333,0.007407407407407408
5,0.24765625,0.04861111111111111,0.0036458333333333334,0.008333333333333333
4,0.25442708333333336,0.05277777777777778,0.0036458333333333334,0.009259259259259259
5,0.25234375,0.04814814814814815,0.0036458333333333334,0.007407407407407408
4,0.25677083333333334,0.04537037037037037,0.004166666666666667,0.007407407407407408
4,0.26484375,0.028703703703703703,0.0036458333333333334,0.005555555555555556
4,0.26197916666666665,0.032407407407407406,0.003125,0.005555555555555556
4,0.26067708333333334,0.03518518518518519,0.0036458333333333334,0.005555555555555556
4,0.2591145833333333,0.03935185185185185,0.0036458333333333334,0.006481481481481481
4,0.25677083333333334,0.032407407407407406,0.003125,0.005555555555555556
4,0.2552083333333333,0.037037037037037035,0.003125,0.005555555555555556
4,0.253125,0.04027777777777778,0.003125,0.004629629629629629
4,0.2703125,0.027314814814814816,0.003125,0.006481481481481481
1,0.35442708333333334,0.07453703703703704,0.0026041666666666665,0.008333333333333333
1,0.42239583333333336,0.1675925925925926,0.004166666666666667,0.011111111111111112
3,0.42213541666666665,0.1712962962962963,0.0067708333333333336,0.009259259259259259
1,0.011979166666666667,0.27361111111111114,0.007291666666666667,0.021296296296296296
2,0.011458333333333333,0.27037037037037037,0.003125,0.009259259259259259
4,0.12994791666666666,0.06851851851851852,0.0109375,0.011111111111111112
