4 0.3875 0.89444 0.05 0.0963
4 0.39115 0.78056 0.03854 0.08704
2 0.44062 0.83148 0.02083 0.05185
2 0.4401 0.75556 0.01979 0.05185
2 0.48802 0.77407 0.01979 0.05185
2 0.48698 0.7713 0.01146 0.03519
2 0.49427 0.97593 0.01979 0.04074
10 0.43854 0.84815 0.01667 0.04815
10 0.48698 0.78241 0.01771 0.05741
10 0.44271 0.75926 0.01667 0.04815
2 0.48073 0.66944 0.01146 0.02407
7 0.47969 0.69074 0.02813 0.05556
7 0.4401 0.58704 0.02813 0.05926
2 0.43958 0.57315 0.01042 0.02778
1 0.35052 0.67593 0.01354 0.04815
1 0.3401 0.66481 0.00937 0.04815
2 0.34323 0.65741 0.00729 0.02593
2 0.77969 0.61944 0.01354 0.02778
8 0.77656 0.62037 0.04063 0.05556
2 0.78333 0.65926 0.0125 0.02963
2 0.77448 0.65833 0.01354 0.03148
10 0.77656 0.67778 0.03854 0.04444
8 0.82448 0.64907 0.04688 0.06481
2 0.83437 0.64537 0.0125 0.03148
2 0.80833 0.61019 0.00833 0.02407
2 0.81823 0.61204 0.00729 0.02407
8 0.81719 0.61296 0.03021 0.04444
4 0.775 0.55093 0.06667 0.0537
6 0.82812 0.52963 0.08333 0.06296
4 0.73021 0.5287 0.05833 0.04259
4 0.65417 0.5463 0.06458 0.03704
4 0.65052 0.51852 0.05521 0.03704
2 0.68646 0.50185 0.00833 0.03333
2 0.74896 0.50741 0.01042 0.02593
2 0.75573 0.51019 0.00729 0.01667
10 0.74896 0.51481 0.02083 0.02222
3 0.6849 0.51019 0.02396 0.02778
2 0.31719 0.56944 0.01354 0.03148
2 0.29635 0.5713 0.01354 0.03148
2 0.33073 0.48889 0.00937 0.02963
2 0.54375 0.53981 0.0125 0.03148
2 0.55156 0.54352 0.00729 0.02778
2 0.49688 0.53241 0.0125 0.03148
2 0.42031 0.55926 0.00729 0.02963
0 0.4026 0.33148 0.06354 0.30741
1 0.27552 0.48611 0.01146 0.03889
1 0.22708 0.42593 0.01042 0.03333
4 0.82604 0.44907 0.02708 0.04259
4 0.77865 0.44444 0.02396 0.04074
5 0.71667 0.45 0.04375 0.04074
4 0.74115 0.43426 0.02604 0.0537
4 0.67656 0.43426 0.02396 0.03889
1 0.66771 0.4537 0.01042 0.02963
10 0.65677 0.47315 0.01771 0.02778
1 0.59583 0.4463 0.00625 0.02963
0 0.30104 0.3213 0.13542 0.28704
2 0.46458 0.53889 0.00833 0.02963
2 0.45937 0.53426 0.00833 0.02778
0 0.47604 0.27407 0.08125 0.18889
0 0.55052 0.30278 0.06354 0.08333
4 0.64219 0.4287 0.01979 0.04259
4 0.61406 0.43148 0.01979 0.04074
4 0.58802 0.43148 0.01979 0.04074
4 0.64271 0.38519 0.03333 0.02222
4 0.65156 0.40648 0.04271 0.02778
4 0.52812 0.42315 0.01875 0.03889
4 0.56094 0.42593 0.01771 0.03704
4 0.61719 0.38241 0.03021 0.02778
4 0.59948 0.37963 0.02604 0.02593
4 0.5849 0.37407 0.02604 0.02593
4 0.54531 0.36574 0.02604 0.02778
4 0.53281 0.36296 0.02604 0.02593
6 0.56458 0.36389 0.0375 0.03148
5 0.5 0.41667 0.03333 0.03704
5 0.49062 0.40741 0.03333 0.03704
5 0.48229 0.39722 0.03333 0.03519
4 0.46927 0.39074 0.03021 0.02593
4 0.46042 0.38426 0.02708 0.02407
1 0.5599 0.44537 0.00937 0.03148
1 0.57396 0.43889 0.00833 0.02963
1 0.59062 0.44352 0.00833 0.03519
10 0.50781 0.45278 0.01354 0.02407
10 0.45885 0.54444 0.01979 0.02963
10 0.49479 0.54074 0.02708 0.02963
10 0.54427 0.55278 0.02396 0.02778
2 0.58073 0.53611 0.00937 0.03519
2 0.58646 0.53889 0.00833 0.02963
10 0.58333 0.54352 0.025 0.03148
8 0.58646 0.50463 0.03333 0.03889
2 0.58125 0.50556 0.01042 0.03333
4 0.39948 0.55741 0.05729 0.05556
10 0.29479 0.5787 0.01458 0.02778
10 0.31823 0.58241 0.00937 0.03148
10 0.33385 0.49259 0.01979 0.02593
10 0.42344 0.57222 0.01562 0.02222
