0 0.47708 0.11389 0.12917 0.05
0 0.30104 0.11574 0.06458 0.06852
4 0.2349 0.14074 0.00729 0.01111
4 0.25156 0.16019 0.00937 0.01667
4 0.26146 0.17685 0.00625 0.01667
4 0.33646 0.16111 0.00833 0.01111
4 0.34063 0.16574 0.00833 0.01296
4 0.34896 0.17222 0.00625 0.01111
4 0.35417 0.17685 0.00833 0.01667
4 0.3599 0.18241 0.00729 0.01296
4 0.36302 0.18426 0.00937 0.01667
4 0.36667 0.19167 0.00833 0.01296
5 0.37448 0.2 0.00937 0.01481
4 0.3776 0.20741 0.00937 0.01481
4 0.38438 0.21019 0.00833 0.01667
4 0.3901 0.21759 0.00937 0.01667
4 0.39687 0.22315 0.01042 0.01296
4 0.40417 0.23241 0.01042 0.02037
7 0.38906 0.24259 0.00937 0.02222
6 0.36823 0.24074 0.02604 0.05185
4 0.39479 0.30463 0.01458 0.02778
6 0.45677 0.45185 0.02604 0.04815
10 0.36875 0.51111 0.0125 0.02963
4 0.41719 0.3 0.01354 0.01852
4 0.41979 0.25185 0.0125 0.01852
4 0.43125 0.26944 0.0125 0.02037
4 0.43958 0.28241 0.0125 0.02037
6 0.45156 0.29352 0.01354 0.03148
1 0.72083 0.46296 0.00833 0.02963
1 0.72969 0.46667 0.00937 0.02963
1 0.86042 0.60556 0.01042 0.04074
1 0.87083 0.6037 0.0125 0.03704
2 0.575 0.59074 0.00833 0.02222
10 0.57396 0.60278 0.01042 0.02778
2 0.30208 0.66389 0.01042 0.03148
10 0.3026 0.6787 0.00937 0.03148
2 0.35104 0.64352 0.00625 0.02037
10 0.35 0.65833 0.00833 0.02407
2 0.3651 0.63611 0.00729 0.02037
10 0.36719 0.65463 0.00729 0.02407
4 0.59479 0.76111 0.04583 0.09259
4 0.68542 0.7963 0.0375 0.07778
4 0.73594 0.92037 0.06563 0.10741
