3 0.03542 0.9125 0.00833 0.0287
4 0.10417 0.9375 0.04167 0.07315
1 0.10599 0.78426 0.00573 0.03148
4 0.17031 0.82222 0.04063 0.06481
4 0.22109 0.8625 0.03802 0.06759
4 0.25651 0.76528 0.02969 0.04907
2 0.14115 0.67685 0.00521 0.01667
3 0.14193 0.68981 0.00677 0.01667
2 0.15182 0.66065 0.00469 0.01759
3 0.15182 0.6713 0.00573 0.01852
1 0.16953 0.66898 0.00469 0.0213
5 0.16771 0.67917 0.02292 0.025
3 0.21927 0.63565 0.0125 0.01389
2 0.21068 0.61296 0.00469 0.01852
3 0.2099 0.6213 0.01146 0.01296
3 0.22422 0.62315 0.01302 0.01296
3 0.22187 0.61204 0.01042 0.01667
1 0.26172 0.45463 0.00365 0.01852
1 0.26953 0.45463 0.00365 0.01667
1 0.2638 0.45463 0.00365 0.01667
1 0.27604 0.45093 0.00417 0.01852
1 0.28437 0.44954 0.00417 0.01574
1 0.29661 0.45694 0.00365 0.01944
1 0.2987 0.45694 0.0026 0.01574
1 0.32135 0.45787 0.00417 0.01759
1 0.33698 0.45833 0.00313 0.02037
1 0.34609 0.45787 0.00365 0.01759
1 0.37604 0.45926 0.00313 0.01667
1 0.38333 0.43796 0.00313 0.01111
3 0.38333 0.44306 0.00417 0.01019
1 0.33229 0.4162 0.00313 0.01204
1 0.31615 0.43472 0.00313 0.01759
1 0.31328 0.43611 0.0026 0.01667
1 0.30495 0.43981 0.0026 0.01481
1 0.30156 0.44028 0.00313 0.01389
1 0.28906 0.43657 0.00313 0.01574
1 0.29896 0.42963 0.00313 0.01481
1 0.29505 0.43148 0.0026 0.01667
1 0.28255 0.42917 0.00365 0.01574
1 0.31589 0.4088 0.0026 0.01389
1 0.30443 0.41435 0.00365 0.01389
1 0.30781 0.3912 0.00208 0.01204
1 0.33411 0.40463 0.0026 0.01296
1 0.29714 0.40972 0.0026 0.01389
1 0.3 0.40926 0.00208 0.01481
1 0.29141 0.40648 0.0026 0.01296
0 0.29193 0.38565 0.02656 0.03056
1 0.28802 0.41019 0.00313 0.01296
1 0.25677 0.50833 0.00313 0.01852
1 0.31797 0.32963 0.0026 0.01111
1 0.28073 0.31852 0.00313 0.01111
1 0.29089 0.55694 0.00365 0.01944
1 0.27109 0.56852 0.0026 0.02037
1 0.26615 0.56111 0.00313 0.01852
1 0.28073 0.55231 0.00313 0.01944
1 0.32214 0.49769 0.00365 0.01574
1 0.30703 0.53194 0.00469 0.01574
1 0.30443 0.5162 0.0026 0.01574
1 0.28568 0.55093 0.00365 0.02037
1 0.2763 0.55324 0.00365 0.02315
1 0.29688 0.53889 0.00313 0.01667
1 0.29297 0.53472 0.00365 0.01944
0 0.28229 0.53194 0.01771 0.01759
4 0.30495 0.61713 0.02344 0.03241
4 0.33099 0.9125 0.03073 0.05833
4 0.38281 0.81713 0.02292 0.05093
4 0.35521 0.73194 0.025 0.04167
4 0.30286 0.67639 0.02448 0.03981
4 0.38255 0.65046 0.0224 0.03241
4 0.39505 0.69028 0.02135 0.03426
4 0.35495 0.57361 0.01823 0.02685
4 0.40625 0.65787 0.01979 0.03241
4 0.40182 0.61204 0.01927 0.02778
4 0.41536 0.62824 0.01823 0.02685
9 0.42526 0.67546 0.03906 0.10648
4 0.35599 0.50556 0.01823 0.02593
4 0.38021 0.51574 0.01771 0.02593
4 0.40807 0.5875 0.01719 0.0213
4 0.42396 0.60139 0.01875 0.02685
4 0.4224 0.56204 0.01562 0.02222
4 0.42578 0.53981 0.01406 0.02037
1 0.4362 0.95417 0.00885 0.03611
2 0.48438 0.92824 0.00729 0.0213
10 0.48438 0.93796 0.00833 0.03333
2 0.47187 0.98102 0.01042 0.0287
1 0.52604 0.84028 0.00625 0.03426
1 0.53203 0.84028 0.00469 0.03426
1 0.48906 0.84676 0.00625 0.03056
3 0.48906 0.85648 0.00521 0.02778
1 0.45182 0.88194 0.00573 0.0287
1 0.46068 0.8412 0.00781 0.03426
1 0.46589 0.80648 0.00573 0.03148
0 0.44401 0.82639 0.02448 0.08056
0 0.45755 0.7375 0.01927 0.09907
0 0.47474 0.65926 0.02135 0.08519
3 0.60443 0.88704 0.00677 0.03333
2 0.61901 0.86111 0.00885 0.02222
10 0.59427 0.84259 0.00729 0.02778
3 0.58542 0.82731 0.01042 0.03056
1 0.56146 0.7625 0.00729 0.0287
5 0.52422 0.75139 0.01823 0.04537
2 0.57109 0.69213 0.00677 0.01574
2 0.50156 0.71806 0.00521 0.01759
3 0.50208 0.72824 0.00417 0.02315
2 0.5026 0.68935 0.00521 0.01759
3 0.50286 0.69676 0.00365 0.02315
2 0.48828 0.69676 0.00573 0.0213
10 0.48854 0.70463 0.00417 0.01852
2 0.49844 0.65231 0.00625 0.01574
10 0.4987 0.66157 0.00469 0.01759
1 0.48854 0.61667 0.00417 0.02222
1 0.49323 0.6088 0.00417 0.02315
2 0.50286 0.62546 0.00469 0.01759
3 0.50313 0.63194 0.00521 0.01759
2 0.50938 0.62778 0.00417 0.01667
3 0.50911 0.6338 0.00365 0.01759
1 0.52109 0.6287 0.00469 0.02407
1 0.56667 0.61389 0.00417 0.02222
2 0.55286 0.62824 0.00469 0.01574
10 0.5526 0.6338 0.00521 0.01389
5 0.56302 0.59815 0.01458 0.03519
0 0.5724 0.54028 0.0125 0.03241
0 0.51979 0.52639 0.01771 0.04167
1 0.54036 0.52639 0.00365 0.01944
1 0.53568 0.50509 0.00469 0.01944
1 0.50547 0.58889 0.00469 0.02037
1 0.51589 0.57269 0.00365 0.0213
1 0.51302 0.56574 0.00417 0.02037
1 0.50833 0.5662 0.00417 0.0213
3 0.4987 0.57454 0.00469 0.01759
1 0.55833 0.51667 0.00313 0.01481
4 0.43828 0.57546 0.01302 0.0213
9 0.45052 0.59583 0.03333 0.07685
4 0.44245 0.50833 0.01615 0.01852
4 0.45885 0.51111 0.01354 0.02037
4 0.44818 0.53148 0.01615 0.02222
4 0.4737 0.53611 0.01615 0.02037
9 0.48724 0.49537 0.02552 0.05741
1 0.39115 0.4662 0.00521 0.01389
1 0.4224 0.46204 0.00521 0.01852
1 0.42682 0.46528 0.00365 0.01574
1 0.4349 0.46528 0.00417 0.01389
1 0.4375 0.46296 0.00417 0.02037
1 0.44036 0.46204 0.0026 0.01667
1 0.44297 0.46389 0.0026 0.01481
1 0.45312 0.46296 0.00313 0.02222
1 0.46224 0.46944 0.00365 0.01852
1 0.47344 0.46991 0.00417 0.01759
1 0.51302 0.46481 0.00521 0.02037
1 0.55885 0.46574 0.00417 0.02037
2 0.39557 0.44444 0.00365 0.01111
3 0.39505 0.44815 0.00469 0.00926
4 0.39531 0.43472 0.01354 0.01389
4 0.41563 0.45278 0.01146 0.01667
4 0.43516 0.42037 0.01198 0.02037
4 0.44193 0.43241 0.01094 0.01667
4 0.42943 0.38843 0.00885 0.01204
2 0.43464 0.39213 0.00365 0.00833
4 0.43411 0.38102 0.00885 0.01019
9 0.34609 0.43519 0.02969 0.03519
9 0.37734 0.41111 0.03385 0.02407
1 0.31562 0.39213 0.00313 0.01204
1 0.33359 0.39398 0.00365 0.01389
0 0.40807 0.38981 0.01927 0.03519
0 0.43984 0.36111 0.02865 0.02778
4 0.43906 0.37639 0.00833 0.01019
1 0.45807 0.31713 0.0026 0.01389
1 0.45026 0.31759 0.0026 0.01111
1 0.44714 0.31759 0.00156 0.01296
1 0.44505 0.31898 0.00156 0.01389
1 0.44297 0.31898 0.0026 0.01389
1 0.43281 0.32083 0.00208 0.01019
1 0.43542 0.32083 0.00208 0.01019
4 0.45885 0.40648 0.01042 0.01481
4 0.45391 0.3963 0.0099 0.01296
4 0.46615 0.39444 0.00937 0.01296
4 0.4651 0.37407 0.00937 0.01111
4 0.48047 0.36852 0.00885 0.01111
4 0.4737 0.38056 0.00885 0.01296
1 0.57188 0.4463 0.00313 0.01667
0 0.46146 0.35602 0.00208 0.01019
0 0.46849 0.34398 0.00365 0.01759
4 0.4862 0.34537 0.00677 0.01111
4 0.49661 0.34583 0.00781 0.01019
4 0.48542 0.33565 0.00833 0.00833
4 0.46667 0.45509 0.0125 0.01204
4 0.4737 0.4162 0.0099 0.01389
4 0.47578 0.43704 0.0099 0.01481
4 0.48099 0.42593 0.0099 0.01481
4 0.48672 0.41435 0.01094 0.01574
4 0.48672 0.44722 0.0099 0.01667
9 0.49714 0.45231 0.01927 0.03426
4 0.49271 0.43194 0.01042 0.01389
4 0.49818 0.41944 0.0099 0.01296
4 0.50833 0.43426 0.00937 0.01481
4 0.51172 0.42315 0.01094 0.01296
9 0.50859 0.39815 0.01406 0.03519
4 0.52708 0.40648 0.00729 0.01296
4 0.51901 0.40185 0.00781 0.01296
4 0.50052 0.39167 0.00729 0.01296
4 0.50156 0.37824 0.00833 0.01204
4 0.51979 0.39074 0.01042 0.01481
4 0.50755 0.3662 0.00573 0.01019
9 0.5151 0.37037 0.0125 0.02778
4 0.52604 0.38611 0.00729 0.01296
4 0.52656 0.38009 0.00729 0.01019
4 0.52604 0.37407 0.00625 0.00926
4 0.52969 0.36991 0.00729 0.01204
4 0.53385 0.36389 0.00625 0.01111
0 0.54427 0.37361 0.0125 0.0213
4 0.52995 0.35417 0.00781 0.00833
4 0.51094 0.35 0.00729 0.00926
4 0.51797 0.35185 0.00677 0.00926
4 0.51979 0.34537 0.00729 0.00926
4 0.52344 0.33889 0.00625 0.00926
5 0.53177 0.34398 0.00729 0.01204
4 0.53359 0.33565 0.00781 0.00833
0 0.52708 0.31852 0.01562 0.0037
0 0.55807 0.31898 0.02031 0.00648
0 0.50573 0.31713 0.00313 0.00463
0 0.49479 0.3162 0.00208 0.00463
4 0.49271 0.30787 0.00625 0.00833
4 0.49974 0.31343 0.00573 0.00833
4 0.50755 0.31389 0.00469 0.00741
4 0.50625 0.30139 0.00521 0.00833
4 0.51745 0.30694 0.00573 0.00833
4 0.5138 0.30093 0.00573 0.00926
9 0.50495 0.28565 0.00781 0.01944
0 0.4901 0.27593 0.01771 0.01852
0 0.48177 0.29954 0.00937 0.025
0 0.45312 0.27269 0.01875 0.01389
1 0.54453 0.44074 0.0026 0.01667
1 0.55104 0.43148 0.00417 0.01481
1 0.55573 0.42731 0.00313 0.01759
1 0.56432 0.44861 0.0026 0.01759
1 0.56615 0.45 0.00313 0.01667
1 0.56875 0.46019 0.00208 0.01481
1 0.5724 0.4162 0.00208 0.01204
1 0.57552 0.41667 0.00208 0.01481
1 0.56276 0.41019 0.0026 0.01481
1 0.56276 0.42037 0.0026 0.01296
1 0.56016 0.41667 0.0026 0.01296
1 0.55443 0.4125 0.0026 0.01389
1 0.55208 0.41944 0.00313 0.01296
0 0.54323 0.39352 0.01146 0.01296
0 0.53958 0.41806 0.01458 0.0287
1 0.5513 0.39074 0.0026 0.01296
1 0.55339 0.39074 0.00156 0.01296
1 0.55625 0.3912 0.00208 0.01389
1 0.55781 0.3912 0.00208 0.01389
1 0.56458 0.38843 0.00208 0.01389
1 0.57214 0.38843 0.0026 0.01204
1 0.57474 0.39028 0.0026 0.01574
1 0.56901 0.38843 0.0026 0.01759
0 0.575 0.35648 0.00625 0.04444
1 0.55937 0.37222 0.00208 0.01296
1 0.50495 0.26991 0.00156 0.00648
4 0.51875 0.2963 0.00625 0.00741
4 0.51094 0.29583 0.00521 0.00648
4 0.52526 0.29213 0.00573 0.00833
4 0.51615 0.28333 0.00417 0.00741
4 0.51224 0.27685 0.00469 0.01296
0 0.54245 0.23981 0.05052 0.05926
4 0.53854 0.30556 0.00521 0.00741
0 0.52786 0.31296 0.00885 0.01111
0 0.53021 0.3037 0.00625 0.00556
0 0.53411 0.29676 0.00573 0.00648
9 0.53932 0.28565 0.00885 0.01574
4 0.55104 0.3088 0.00521 0.00833
0 0.54219 0.31389 0.00625 0.00741
9 0.56016 0.29815 0.00885 0.01481
4 0.55078 0.29306 0.00469 0.00648
4 0.5474 0.28426 0.00417 0.00556
4 0.52526 0.28426 0.00573 0.00556
4 0.53151 0.28009 0.00469 0.00648
4 0.51901 0.27731 0.00469 0.00648
5 0.54948 0.27454 0.00625 0.01389
0 0.57214 0.26435 0.00885 0.01944
4 0.56875 0.28148 0.00417 0.01111
9 0.55755 0.28843 0.00573 0.01574
4 0.56224 0.27407 0.00365 0.00556
