4 0.46953 0.27824 0.01615 0.06019
4 0.57708 0.32176 0.0125 0.06019
4 0.54063 0.14213 0.01354 0.05463
4 0.54505 0.08102 0.01302 0.05278
4 0.54922 0.01852 0.01094 0.03704
4 0.45312 0.42361 0.01354 0.05278
4 0.44792 0.52083 0.0125 0.03241
4 0.46589 0.51065 0.01823 0.05833
4 0.52682 0.52222 0.01406 0.0537
4 0.54141 0.56944 0.0151 0.04444
0 0.31198 0.0963 0.27187 0.18333
0 0.86927 0.50602 0.26042 0.1213
0 0.93411 0.59028 0.11406 0.10093
0 0.29297 0.74769 0.15781 0.2287
0 0.25625 0.90231 0.13333 0.16759
4 0.22917 0.42176 0.03125 0.03241
4 0.27422 0.44583 0.03281 0.03981
4 0.31562 0.47546 0.03125 0.03426
4 0.28698 0.49537 0.03125 0.03333
4 0.23411 0.46296 0.03073 0.03333
4 0.19245 0.43889 0.03281 0.03519
4 0.14583 0.41528 0.03438 0.03611
4 0.08073 0.37731 0.03229 0.03611
4 0.12135 0.48102 0.02813 0.03056
4 0.01615 0.34259 0.03229 0.03333
6 0.26068 0.54306 0.07552 0.06019
4 0.31823 0.59907 0.03125 0.03519
4 0.35234 0.54352 0.02656 0.03519
4 0.38698 0.6713 0.01771 0.05
4 0.40573 0.63241 0.01979 0.05556
4 0.45911 0.59583 0.01719 0.06019
4 0.4349 0.67731 0.01562 0.05648
4 0.37969 0.96667 0.01979 0.06296
4 0.36979 0.88472 0.01562 0.05648
4 0.39401 0.82824 0.01719 0.06389
4 0.4099 0.85185 0.01875 0.05741
5 0.44115 0.96019 0.01771 0.0463
4 0.45026 0.90417 0.01927 0.05833
6 0.43542 0.82639 0.02292 0.07685
4 0.53542 0.79907 0.01875 0.0537
4 0.57448 0.68241 0.02917 0.0463
4 0.70208 0.58102 0.03229 0.04167
4 0.8513 0.63796 0.03385 0.03519
4 0.85625 0.67361 0.02917 0.03241
4 0.70026 0.62037 0.03073 0.03519
4 0.73854 0.64306 0.03021 0.03426
4 0.77734 0.66574 0.03177 0.03519
4 0.82318 0.69028 0.03073 0.03426
4 0.86302 0.71667 0.03229 0.03333
4 0.90391 0.73657 0.03281 0.03611
4 0.94948 0.75972 0.03229 0.03796
4 0.9875 0.77917 0.025 0.03611
4 0.60938 0.14954 0.0125 0.05463
4 0.6487 0.16713 0.0151 0.05093
4 0.65078 0.10093 0.01302 0.0537
4 0.65521 0.00833 0.01354 0.01667
4 0.72031 0.0162 0.03125 0.03056
4 0.71823 0.04491 0.03125 0.0287
4 0.71693 0.07546 0.03073 0.02685
4 0.71536 0.10139 0.02552 0.02685
4 0.7151 0.13148 0.025 0.02778
4 0.71432 0.16111 0.02865 0.03148
4 0.71172 0.19167 0.0276 0.02407
4 0.71016 0.21852 0.02969 0.02778
4 0.70833 0.24861 0.03125 0.02685
4 0.70781 0.27546 0.01875 0.02315
4 0.70391 0.30648 0.02656 0.02407
4 0.77969 0.0375 0.03021 0.03241
5 0.76901 0.0912 0.0151 0.04352
4 0.7401 0.31157 0.01979 0.05648
4 0.59115 0.98472 0.03438 0.03056
4 0.59688 0.95602 0.03229 0.03611
5 0.60286 0.92361 0.02656 0.03241
4 0.60859 0.88843 0.03073 0.03241
4 0.61797 0.86065 0.03385 0.03611
4 0.62318 0.82731 0.03177 0.03796
4 0.65755 0.82407 0.02135 0.06481
4 0.70833 0.84907 0.03438 0.03519
4 0.70286 0.8787 0.03177 0.03519
4 0.70078 0.91204 0.03385 0.03519
4 0.69297 0.94213 0.03073 0.03796
4 0.68958 0.97778 0.02708 0.02778
4 0.67917 0.99167 0.02917 0.01667
4 0.81458 0.9037 0.02917 0.03704
4 0.79323 0.92361 0.03333 0.03981
4 0.79115 0.95417 0.02813 0.03241
4 0.78125 0.98056 0.03021 0.03519
4 0.92083 0.88657 0.03438 0.03796
4 0.89922 0.93056 0.03073 0.04074
4 0.92552 0.94861 0.01979 0.03241
4 0.89479 0.9625 0.03438 0.03426
4 0.89375 0.9875 0.03438 0.025
0 0.96016 0.99074 0.01719 0.01852
