1 0.0511 0.82876 0.04044 0.10458
1 0.23199 0.56797 0.02721 0.0902
1 0.80846 0.81046 0.03309 0.11765
1 0.23787 0.7 0.02426 0.10327
1 0.23125 0.72026 0.02279 0.07582
10 0.28713 0.55294 0.03897 0.09673
4 0.30699 0.41569 0.11691 0.13595
5 0.36507 0.25556 0.05368 0.12941
4 0.46691 0.38627 0.05147 0.12418
7 0.40404 0.10915 0.02132 0.05882
2 0.44559 0.1634 0.01324 0.04967
10 0.44632 0.17974 0.01176 0.04575
4 0.48272 0.23856 0.04338 0.0902
4 0.49522 0.14967 0.03456 0.06667
4 0.49743 0.05948 0.03015 0.05359
4 0.54779 0.08758 0.03088 0.04967
4 0.56765 0.20131 0.03676 0.06536
4 0.55699 0.31699 0.04926 0.09542
5 0.59632 0.47974 0.06912 0.14118
2 0.65331 0.33529 0.01544 0.04575
10 0.65074 0.34902 0.02206 0.04967
2 0.69743 0.36013 0.0125 0.04314
2 0.71838 0.36275 0.01912 0.03791
7 0.70735 0.37582 0.04706 0.04837
10 0.76507 0.41111 0.04044 0.04837
10 0.7364 0.33856 0.03309 0.04706
2 0.76654 0.33791 0.01985 0.05621
2 0.72096 0.29346 0.01103 0.05359
2 0.7136 0.28824 0.01103 0.05359
10 0.71801 0.31111 0.02721 0.04967
1 0.75074 0.27124 0.01471 0.06667
1 0.7386 0.22876 0.01397 0.05752
10 0.77022 0.20588 0.04044 0.04837
2 0.60846 0.12614 0.01103 0.03791
3 0.60699 0.14052 0.0125 0.03529
1 0.59522 0.07647 0.0125 0.04052
1 0.62463 0.06405 0.01103 0.04706
2 0.60404 0.05425 0.00956 0.02222
2 0.60294 0.05294 0.01029 0.03268
10 0.60331 0.06928 0.00809 0.02353
4 0.6739 0.06797 0.05809 0.04444
1 0.60625 0.02157 0.01103 0.04052
1 0.60588 0.03072 0.01029 0.04052
4 0.63382 0.02745 0.04706 0.04183
10 0.65515 0.04183 0.02647 0.02614
4 0.41176 0.88824 0.10441 0.22353
4 0.70956 0.93137 0.12206 0.13725
1 0.90331 0.83464 0.03309 0.11111
1 0.93713 0.91503 0.0375 0.1098
1 0.93382 0.8732 0.03824 0.1098
