4 0.05755 0.24815 0.0276 0.03333
6 0.15599 0.18148 0.02135 0.05556
1 0.25 0.22639 0.00833 0.025
6 0.23255 0.55278 0.05052 0.16667
4 0.30469 0.48565 0.025 0.06574
4 0.36276 0.61111 0.02865 0.08889
4 0.3888 0.48704 0.02656 0.06111
5 0.37865 0.39583 0.02292 0.05648
4 0.38229 0.33241 0.02083 0.04074
4 0.4099 0.41343 0.02292 0.05093
4 0.41719 0.66435 0.03646 0.08796
4 0.28698 0.60926 0.03333 0.10556
4 0.32214 0.31528 0.01823 0.04722
4 0.37995 0.24537 0.01615 0.02963
4 0.32708 0.21111 0.01562 0.02963
4 0.35391 0.14769 0.01198 0.01759
4 0.36745 0.13287 0.00885 0.01759
4 0.35521 0.11991 0.01042 0.01574
4 0.38177 0.12778 0.01042 0.01667
4 0.38802 0.15 0.01042 0.01667
4 0.37708 0.10833 0.00937 0.01481
4 0.36458 0.10185 0.00937 0.01481
4 0.35313 0.1 0.00937 0.01481
4 0.35313 0.08426 0.00937 0.01481
4 0.34323 0.07407 0.00937 0.01481
4 0.33229 0.0713 0.00937 0.01481
4 0.32083 0.07222 0.01042 0.01481
4 0.3599 0.06157 0.00833 0.01019
4 0.35859 0.04954 0.00781 0.01019
4 0.36979 0.04954 0.01354 0.01389
4 0.31693 0.09028 0.01094 0.01574
4 0.33125 0.09167 0.00937 0.01852
4 0.33385 0.14861 0.01354 0.0213
4 0.35599 0.17731 0.01406 0.0213
4 0.35547 0.17639 0.01406 0.0213
4 0.35495 0.17546 0.01406 0.0213
4 0.35443 0.17454 0.01406 0.0213
4 0.36042 0.20833 0.01354 0.02222
6 0.34505 0.4125 0.03698 0.21759
6 0.28646 0.30093 0.04896 0.13333
2 0.28698 0.21296 0.00521 0.01296
2 0.36875 0.05648 0.00417 0.00556
3 0.28646 0.22407 0.00521 0.01111
10 0.36823 0.06111 0.00521 0.01111
2 0.37448 0.14028 0.00521 0.01204
3 0.37448 0.14583 0.00521 0.01019
3 0.27396 0.22037 0.0125 0.01481
3 0.27474 0.21481 0.01198 0.01481
4 0.32005 0.13565 0.01198 0.025
4 0.28411 0.1 0.01198 0.02593
0 0.37109 0.01944 0.10573 0.03889
4 0.38516 0.04769 0.0151 0.01204
2 0.60547 0.2287 0.00677 0.02222
10 0.60677 0.2375 0.00625 0.01574
4 0.53281 0.16204 0.01458 0.02963
4 0.54479 0.15694 0.01562 0.02315
4 0.48984 0.08287 0.01198 0.01574
4 0.47995 0.0662 0.01198 0.01574
0 0.5625 0.06111 0.0875 0.07407
0 0.61849 0.09815 0.14844 0.07593
0 0.63359 0.17546 0.14948 0.08056
0 0.68021 0.25278 0.05625 0.07222
