4 0.46823 0.50231 0.11146 0.09537
4 0.3974 0.37546 0.07917 0.11944
4 0.08516 0.26111 0.07969 0.10556
4 0.02656 0.26667 0.05312 0.08148
4 0.30208 0.01852 0.0375 0.03704
4 0.29688 0.06435 0.04479 0.05463
10 0.19115 0.66157 0.03125 0.075
2 0.18802 0.65046 0.02396 0.04722
4 0.60729 0.04769 0.05729 0.04907
4 0.61771 0.02731 0.05104 0.03981
2 0.57656 0.19398 0.01146 0.03426
2 0.5888 0.20324 0.01406 0.01944
2 0.58854 0.18611 0.00937 0.01852
2 0.62917 0.16898 0.01042 0.03056
2 0.6474 0.17454 0.01146 0.03241
1 0.66406 0.10046 0.01354 0.03981
1 0.67318 0.10231 0.01198 0.04167
10 0.6888 0.03148 0.00781 0.02407
10 0.5862 0.10509 0.01927 0.01944
2 0.69948 0.12315 0.00937 0.03704
4 0.06667 0.11296 0.05625 0.07407
4 0.13411 0.06944 0.05365 0.0463
4 0.01068 0.07222 0.02135 0.04259
4 0.04948 0.04398 0.05833 0.04537
3 0.68099 0.31667 0.01615 0.05
