1 0.14062 0.79074 0.03021 0.08704
7 0.26432 0.71343 0.04844 0.11759
4 0.39453 0.42778 0.03385 0.06111
5 0.50859 0.44676 0.03698 0.07685
4 0.25208 0.41574 0.03542 0.06296
2 0.25703 0.49676 0.01823 0.04907
4 0.26276 0.30509 0.02344 0.03611
4 0.275 0.28704 0.02292 0.03704
5 0.38698 0.29352 0.02083 0.0463
9 0.47943 0.2588 0.02656 0.07315
4 0.59818 0.35 0.05781 0.03519
4 0.56927 0.31806 0.05417 0.03241
10 0.29167 0.24444 0.01458 0.01852
10 0.44531 0.27685 0.00625 0.02037
10 0.4237 0.25093 0.00469 0.01852
2 0.44557 0.27037 0.00573 0.02037
2 0.4237 0.24491 0.00573 0.0213
4 0.30677 0.23472 0.01771 0.03241
4 0.29089 0.22685 0.02656 0.02222
6 0.47135 0.21852 0.01562 0.02963
4 0.42995 0.20185 0.01302 0.01852
4 0.43359 0.17361 0.0099 0.01389
9 0.46823 0.19954 0.01667 0.04167
9 0.46354 0.16806 0.0125 0.03241
6 0.46068 0.15278 0.0099 0.02037
7 0.40469 0.21481 0.00833 0.01667
1 0.45339 0.14861 0.0026 0.01204
4 0.44141 0.14074 0.00677 0.00926
6 0.55625 0.73056 0.09688 0.21667
6 0.59557 0.87685 0.11406 0.2463
