1 0.1125 0.37731 0.00625 0.03426
1 0.10078 0.36806 0.0099 0.03611
2 0.11172 0.36713 0.0099 0.01204
1 0.09062 0.35972 0.00833 0.04167
8 0.27318 0.45 0.0276 0.08148
2 0.28437 0.39074 0.00625 0.02037
2 0.28359 0.38565 0.01094 0.03796
10 0.28385 0.39167 0.00833 0.03333
2 0.2724 0.36574 0.01042 0.03148
10 0.2724 0.37176 0.00833 0.03056
1 0.29792 0.35833 0.00937 0.03704
4 0.31823 0.34769 0.02604 0.05093
4 0.33125 0.3 0.03333 0.03889
2 0.28177 0.26991 0.00833 0.0213
10 0.28021 0.275 0.01771 0.02037
2 0.15495 0.27454 0.00573 0.01759
2 0.15833 0.27546 0.00625 0.025
10 0.15781 0.27731 0.01667 0.025
2 0.01042 0.2625 0.00729 0.0213
10 0.01094 0.26898 0.01458 0.01759
2 0.02187 0.35741 0.01146 0.02963
10 0.02057 0.36343 0.03073 0.02685
2 0.02604 0.34769 0.00625 0.03056
2 0.02057 0.34815 0.00469 0.01852
10 0.02839 0.35093 0.02448 0.02593
2 0.02813 0.33194 0.00625 0.0287
10 0.03125 0.33519 0.02292 0.02593
2 0.0599 0.33565 0.00937 0.03241
10 0.06146 0.33843 0.01979 0.02315
2 0.06172 0.32315 0.00781 0.02407
2 0.06484 0.31806 0.00573 0.02315
10 0.06771 0.32269 0.02187 0.02315
6 0.01875 0.23287 0.0375 0.0287
6 0.03359 0.22222 0.04427 0.02407
4 0.01094 0.19954 0.02083 0.01944
10 0.07396 0.24028 0.0125 0.01759
4 0.04531 0.21435 0.03438 0.01944
5 0.05286 0.20602 0.02969 0.0213
1 0.06927 0.21019 0.00521 0.02037
2 0.05937 0.19861 0.03021 0.0213
1 0.0763 0.20926 0.00573 0.02037
1 0.08125 0.2088 0.00417 0.0213
1 0.08411 0.20833 0.00469 0.02222
1 0.09219 0.2088 0.00521 0.0213
4 0.06979 0.19259 0.03021 0.02222
4 0.0776 0.18704 0.02604 0.01481
5 0.07891 0.1787 0.02656 0.01852
4 0.08932 0.175 0.02344 0.01667
4 0.09479 0.16944 0.025 0.01667
5 0.10365 0.18056 0.01354 0.02407
10 0.00443 0.1787 0.00885 0.01296
10 0.00651 0.17546 0.00781 0.01204
10 0.0151 0.16806 0.00729 0.01019
10 0.02839 0.16065 0.00677 0.01019
10 0.03464 0.1588 0.0099 0.00833
10 0.0388 0.15556 0.00781 0.00926
2 0.0388 0.15324 0.0026 0.01019
1 0.0487 0.15648 0.00156 0.00926
1 0.05599 0.15231 0.0026 0.01389
1 0.05729 0.14537 0.00313 0.01296
5 0.08906 0.14537 0.01979 0.01667
1 0.1151 0.19306 0.00313 0.01759
1 0.11693 0.19537 0.0026 0.01111
2 0.29115 0.2463 0.00521 0.02222
3 0.29141 0.2537 0.00469 0.01852
2 0.31615 0.25463 0.00833 0.02037
3 0.31615 0.2625 0.01562 0.01574
2 0.26693 0.23287 0.00469 0.0213
2 0.27083 0.22917 0.00313 0.01574
10 0.26719 0.23426 0.01458 0.01852
2 0.29609 0.2125 0.00469 0.01759
2 0.29896 0.21481 0.00313 0.01296
10 0.29557 0.21667 0.00885 0.01296
2 0.33698 0.24074 0.00625 0.02222
10 0.33542 0.24398 0.01042 0.01574
2 0.31276 0.23611 0.00365 0.01481
2 0.31458 0.23519 0.00417 0.01852
2 0.31797 0.23333 0.0026 0.01296
10 0.31432 0.23889 0.0151 0.01667
2 0.31693 0.19491 0.00469 0.01389
10 0.31641 0.19954 0.00885 0.01204
2 0.31484 0.21667 0.00365 0.01852
10 0.31484 0.22083 0.00677 0.01574
2 0.32109 0.22778 0.00469 0.01852
10 0.32109 0.23333 0.01094 0.01667
2 0.32057 0.21944 0.00469 0.01852
10 0.32005 0.22269 0.0099 0.01389
2 0.32474 0.22315 0.00469 0.02222
10 0.32292 0.22824 0.01042 0.01574
2 0.33229 0.23241 0.00521 0.02222
2 0.33437 0.22824 0.00313 0.01204
10 0.33177 0.23565 0.00937 0.01574
2 0.34323 0.21528 0.00521 0.01944
2 0.34609 0.21944 0.00365 0.01481
2 0.34844 0.21852 0.00313 0.01481
10 0.34609 0.22315 0.01198 0.01481
4 0.39401 0.22824 0.0401 0.0287
2 0.37422 0.19398 0.00469 0.01204
2 0.37995 0.19583 0.00469 0.01204
10 0.3013 0.1713 0.00365 0.01296
1 0.31641 0.1662 0.0026 0.01389
10 0.32865 0.16852 0.00417 0.01111
10 0.33307 0.17083 0.00677 0.01204
10 0.31901 0.16759 0.00365 0.01111
1 0.3112 0.16574 0.0026 0.01481
10 0.30703 0.17037 0.00573 0.01296
3 0.28776 0.1625 0.00469 0.01204
1 0.2862 0.15093 0.0026 0.01481
1 0.26562 0.18472 0.00313 0.01204
2 0.26771 0.18519 0.00313 0.01296
10 0.26536 0.18796 0.00885 0.01481
2 0.24036 0.20648 0.00469 0.01667
10 0.24089 0.21065 0.00885 0.01574
2 0.24635 0.17731 0.00313 0.01389
10 0.24635 0.18056 0.00313 0.01296
2 0.25469 0.16296 0.00313 0.01111
2 0.25495 0.16343 0.0026 0.00833
10 0.25495 0.16528 0.0026 0.01019
2 0.25677 0.14491 0.00313 0.01019
3 0.25677 0.14676 0.00313 0.00833
2 0.24219 0.16528 0.00313 0.01019
10 0.24219 0.16759 0.00313 0.01296
2 0.19922 0.19537 0.00469 0.01481
2 0.19974 0.19398 0.00365 0.01389
10 0.19974 0.2 0.00469 0.01481
4 0.18021 0.19954 0.01354 0.0213
5 0.18464 0.18426 0.01302 0.02037
4 0.18906 0.17454 0.01042 0.01574
4 0.19036 0.16435 0.0099 0.01574
5 0.19531 0.15509 0.01042 0.01574
4 0.19818 0.14537 0.00885 0.01296
4 0.21068 0.14352 0.00781 0.01481
2 0.15911 0.20417 0.00573 0.01759
7 0.15911 0.20694 0.00781 0.01944
2 0.16536 0.17917 0.00365 0.01204
10 0.16484 0.1838 0.00469 0.01204
2 0.19323 0.12917 0.00208 0.00833
10 0.19323 0.13009 0.00208 0.00833
2 0.21589 0.13333 0.0026 0.00926
10 0.21563 0.13565 0.00313 0.00833
4 0.21432 0.10741 0.00469 0.00741
4 0.21745 0.09491 0.00365 0.00648
5 0.24505 0.09861 0.00677 0.00648
2 0.20182 0.11296 0.00156 0.00556
10 0.20182 0.11435 0.00156 0.00648
0 0.225 0.075 0.03333 0.02963
0 0.19531 0.11574 0.00417 0.00926
0 0.20729 0.09398 0.01042 0.01574
0 0.2388 0.09722 0.00365 0.01296
4 0.29974 0.14028 0.01094 0.01574
