5 0.44522 0.50458 0.26103 0.23529
5 0.77243 0.75817 0.14632 0.28497
4 0.51838 0.82288 0.17206 0.2915
4 0.81581 0.33987 0.07132 0.23529
4 0.75699 0.17124 0.12721 0.18301
3 0.10147 0.5098 0.07206 0.06797
10 0.1364 0.46144 0.06691 0.07582
1 0.08272 0.2634 0.03603 0.08497
1 0.11765 0.38954 0.06471 0.06013
1 0.12868 0.36471 0.06324 0.05752
1 0.26654 0.41569 0.02868 0.08627
1 0.26324 0.39935 0.03235 0.11373
7 0.37904 0.27712 0.05809 0.17255
1 0.32169 0.09935 0.01838 0.0732
2 0.34596 0.11765 0.01691 0.03137
1 0.33199 0.09281 0.01544 0.0732
2 0.59743 0.29346 0.01985 0.07974
3 0.59449 0.31046 0.05368 0.05621
2 0.48419 0.15948 0.01985 0.06797
2 0.47132 0.15556 0.01324 0.07059
10 0.48346 0.18235 0.04044 0.06928
2 0.53676 0.09739 0.01176 0.07451
2 0.54926 0.10392 0.02059 0.06928
10 0.54449 0.11569 0.04926 0.0719
2 0.39265 0.08693 0.02059 0.06928
2 0.44044 0.06471 0.02206 0.06928
7 0.38419 0.08758 0.05662 0.08627
7 0.42353 0.06471 0.07941 0.10588
3 0.04044 0.16797 0.05 0.04837
3 0.02169 0.15294 0.04338 0.04444
