4 0.55391 0.61944 0.09844 0.15556
4 0.37552 0.47546 0.05833 0.11019
4 0.52187 0.41435 0.04271 0.08056
4 0.33776 0.31898 0.02969 0.05648
4 0.26641 0.50278 0.0474 0.11852
4 0.33776 0.23241 0.02344 0.0463
4 0.34297 0.19537 0.01927 0.03519
4 0.33958 0.14259 0.01354 0.01852
4 0.3375 0.12593 0.01354 0.01852
4 0.33828 0.11574 0.01094 0.01852
4 0.33672 0.10787 0.01094 0.01759
4 0.33437 0.0963 0.01146 0.01852
4 0.35599 0.08611 0.0099 0.01481
4 0.36016 0.07222 0.0099 0.01481
4 0.37318 0.09815 0.0099 0.01481
4 0.38021 0.13704 0.0125 0.02037
4 0.21536 0.20278 0.0276 0.03333
4 0.35026 0.06019 0.00573 0.01111
5 0.10365 0.30556 0.0625 0.07037
5 0.3362 0.05324 0.00573 0.01204
5 0.33724 0.04398 0.00573 0.01204
0 0.34115 0.01806 0.03333 0.03241
4 0.31979 0.05741 0.00625 0.00926
4 0.32109 0.04352 0.00677 0.01111
4 0.33099 0.0412 0.00677 0.00833
4 0.22734 0.16389 0.01823 0.02963
4 0.24349 0.12917 0.02656 0.01759
4 0.26094 0.10417 0.01562 0.01759
0 0.09219 0.1875 0.05208 0.04352
0 0.03594 0.21991 0.04583 0.06019
5 0.0276 0.34167 0.03125 0.05185
10 0.04479 0.28981 0.0125 0.03704
10 0.0638 0.26667 0.01615 0.02407
10 0.03542 0.26157 0.01979 0.01944
10 0.02839 0.28009 0.01615 0.025
10 0.01198 0.27731 0.01042 0.0287
10 0.00625 0.24444 0.01042 0.02778
10 0.09062 0.22083 0.01458 0.01944
10 0.15911 0.28796 0.01823 0.02222
1 0.13047 0.24491 0.0099 0.03611
1 0.14948 0.24167 0.01042 0.03889
1 0.18359 0.22315 0.00677 0.03148
1 0.16953 0.22269 0.00677 0.03241
10 0.19401 0.17315 0.00885 0.02037
1 0.68047 0.40231 0.01406 0.05278
1 0.65911 0.38889 0.01927 0.05
1 0.61875 0.28333 0.01146 0.03704
1 0.55286 0.24861 0.0099 0.03426
3 0.66563 0.40278 0.03542 0.02778
3 0.65391 0.26111 0.00885 0.02778
3 0.12734 0.32685 0.02448 0.02593
1 0.11068 0.25139 0.0099 0.03611
1 0.01693 0.43056 0.02448 0.05185
3 0.03672 0.30833 0.0224 0.02593
1 0.12786 0.3125 0.01302 0.03796
1 0.15807 0.2838 0.01302 0.03796
1 0.23698 0.20231 0.00521 0.01944
10 0.23724 0.21204 0.00781 0.01667
7 0.14922 0.2 0.03281 0.03889
8 0.10677 0.2375 0.03542 0.03796
0 0.11953 0.15046 0.0151 0.0287
0 0.1401 0.12269 0.02187 0.03241
1 0.17396 0.21528 0.00625 0.03056
1 0.17292 0.20139 0.00521 0.02315
1 0.17005 0.1912 0.00365 0.025
1 0.16745 0.18148 0.00677 0.02593
1 0.1625 0.13843 0.00521 0.01574
10 0.16276 0.14583 0.00573 0.01759
10 0.53854 0.3088 0.01875 0.02685
10 0.50156 0.26435 0.00833 0.02315
10 0.63307 0.31574 0.01406 0.02778
10 0.63307 0.27593 0.01406 0.02778
1 0.54141 0.23843 0.00781 0.03426
1 0.53776 0.23009 0.00781 0.03426
1 0.54974 0.23472 0.00677 0.02685
1 0.64401 0.23565 0.00781 0.03241
1 0.64115 0.22824 0.00521 0.0287
7 0.49401 0.19028 0.01198 0.0213
1 0.55833 0.22593 0.00521 0.02593
5 0.56719 0.28426 0.03854 0.05556
7 0.58151 0.25602 0.02135 0.0287
2 0.58359 0.24722 0.00573 0.02037
2 0.57344 0.24583 0.00625 0.0213
4 0.34375 0.03843 0.00521 0.00648
4 0.35521 0.03935 0.00521 0.00833
2 0.23724 0.64074 0.0724 0.13519
10 0.2112 0.52593 0.01823 0.07963
1 0.21484 0.51528 0.02031 0.05833
