4 0.02109 0.35926 0.04219 0.06481
4 0.0125 0.41528 0.025 0.06019
4 0.03255 0.30139 0.0651 0.06574
4 0.05208 0.2662 0.06771 0.05463
4 0.06875 0.23935 0.07083 0.04352
4 0.08438 0.20926 0.06458 0.04259
4 0.09036 0.18704 0.0599 0.03704
4 0.10859 0.17361 0.05573 0.03796
4 0.12396 0.15231 0.05417 0.03981
4 0.12995 0.13241 0.04844 0.03519
5 0.25417 0.42454 0.0875 0.08056
4 0.27109 0.36713 0.07865 0.05093
4 0.28411 0.22639 0.06302 0.05463
4 0.37057 0.4162 0.0349 0.10648
4 0.36953 0.31204 0.03281 0.08519
4 0.37135 0.24769 0.02917 0.06574
4 0.37188 0.18056 0.02292 0.05741
4 0.37161 0.13704 0.02344 0.0463
4 0.3737 0.1 0.02031 0.04444
4 0.2888 0.19213 0.05573 0.04352
4 0.29974 0.17083 0.05573 0.03611
4 0.30182 0.15231 0.05677 0.03796
4 0.30495 0.13241 0.05677 0.03704
4 0.3099 0.11065 0.05625 0.03241
4 0.31536 0.08796 0.05469 0.03519
5 0.32344 0.05972 0.0375 0.03241
4 0.53542 0.10602 0.03854 0.03611
4 0.5776 0.08657 0.02813 0.03426
4 0.47656 0.13472 0.02396 0.05093
4 0.475 0.0537 0.01875 0.03148
1 0.39036 0.25787 0.00885 0.03981
1 0.52448 0.07685 0.00521 0.02778
1 0.52135 0.08009 0.00625 0.0287
1 0.66094 0.06852 0.00937 0.02778
1 0.39089 0.10741 0.00573 0.03333
6 0.67839 0.10926 0.03698 0.03889
5 0.44896 0.01852 0.02708 0.02963
10 0.15365 0.12083 0.01667 0.02315
3 0.1599 0.10417 0.01771 0.01944
1 0.17604 0.15694 0.00833 0.03611
1 0.17604 0.12176 0.00937 0.03611
1 0.16771 0.12222 0.00729 0.03519
1 0.16823 0.11944 0.00729 0.03519
1 0.21797 0.08935 0.00573 0.03611
1 0.19453 0.08009 0.00677 0.03056
1 0.25964 0.16944 0.00677 0.03519
1 0.2599 0.15417 0.00417 0.0287
1 0.24974 0.10324 0.00573 0.03056
1 0.24557 0.10926 0.00573 0.02593
1 0.24453 0.06435 0.00573 0.02685
1 0.23672 0.06065 0.00469 0.025
1 0.23385 0.05833 0.00521 0.02778
2 0.16953 0.2213 0.01302 0.03889
2 0.21797 0.31389 0.01094 0.03519
2 0.23958 0.25324 0.01146 0.0287
2 0.23802 0.2588 0.01146 0.01574
2 0.22578 0.3 0.00885 0.01667
10 0.19974 0.35972 0.01719 0.04352
10 0.18307 0.0912 0.00885 0.0213
1 0.27135 0.14815 0.00729 0.03519
2 0.04792 0.20972 0.00833 0.0213
7 0.32266 0.04167 0.01927 0.02037
2 0.33724 0.04213 0.00573 0.01574
4 0.35495 0.02361 0.0349 0.0287
1 0.35859 0.00926 0.00469 0.01852
1 0.36276 0.00972 0.00365 0.01389
1 0.36589 0.01204 0.00365 0.01481
1 0.37188 0.05741 0.00625 0.02778
2 0.65234 0.06574 0.00781 0.02407
3 0.65 0.07593 0.01146 0.01852
3 0.58802 0.00509 0.00625 0.01019
4 0.26172 0.52176 0.11615 0.08056
4 0.36458 0.57685 0.05 0.16852
