1 0.00599 0.36574 0.0099 0.03148
7 0.01693 0.3787 0.01302 0.02593
1 0.05521 0.38194 0.00625 0.02315
1 0.06458 0.37685 0.00521 0.02593
1 0.05964 0.37454 0.00677 0.0287
1 0.0763 0.35556 0.00781 0.03148
1 0.2375 0.47917 0.01042 0.03981
1 0.33333 0.4537 0.00833 0.03704
1 0.32552 0.45231 0.01042 0.03426
1 0.27578 0.42778 0.00573 0.03519
1 0.26849 0.42315 0.00677 0.03889
1 0.28203 0.42037 0.00781 0.03333
1 0.38203 0.43657 0.0099 0.03796
1 0.40781 0.3875 0.00625 0.0287
2 0.4099 0.38148 0.00417 0.01296
1 0.28828 0.38056 0.00365 0.01481
1 0.28307 0.37685 0.00677 0.02963
1 0.27813 0.37176 0.00625 0.025
2 0.0763 0.31944 0.00781 0.01481
2 0.08359 0.30509 0.00469 0.01389
1 0.08411 0.30972 0.00677 0.0287
1 0.08828 0.30417 0.00365 0.01574
1 0.09245 0.29769 0.00677 0.02685
1 0.06198 0.27083 0.00625 0.02315
1 0.07135 0.27222 0.00417 0.02037
1 0.07682 0.2625 0.00573 0.0213
1 0.0763 0.25046 0.00573 0.01759
1 0.05208 0.26806 0.00313 0.01019
1 0.04766 0.26296 0.00573 0.02037
1 0.13307 0.2875 0.00365 0.01944
1 0.13828 0.28704 0.00573 0.02407
2 0.14505 0.27731 0.00469 0.01204
1 0.14948 0.27639 0.00313 0.01019
1 0.13594 0.26296 0.00417 0.01296
1 0.1401 0.2588 0.00417 0.0213
2 0.16667 0.26806 0.00417 0.00833
1 0.1638 0.25926 0.0026 0.01111
2 0.20885 0.3 0.00417 0.01296
10 0.20911 0.30417 0.00781 0.01019
2 0.19062 0.26898 0.00729 0.01574
1 0.16719 0.24769 0.00521 0.01944
1 0.15391 0.23935 0.0026 0.01204
1 0.15078 0.23565 0.00365 0.01574
2 0.11589 0.23472 0.00469 0.01019
2 0.12292 0.23009 0.00417 0.01389
1 0.12396 0.22315 0.00417 0.01852
1 0.11771 0.20741 0.00521 0.01667
1 0.13776 0.20139 0.00469 0.01019
1 0.17552 0.23796 0.00313 0.01852
1 0.17214 0.2375 0.00365 0.01944
1 0.16901 0.23241 0.00365 0.01852
2 0.19844 0.25139 0.00313 0.00833
1 0.20469 0.24306 0.00417 0.02315
1 0.22135 0.27269 0.00625 0.01389
2 0.22812 0.27639 0.00417 0.01574
2 0.22917 0.27546 0.00208 0.00833
1 0.46953 0.34537 0.00573 0.03333
1 0.48333 0.33148 0.00625 0.01852
1 0.49557 0.34907 0.00365 0.01296
1 0.48854 0.20278 0.00521 0.01667
1 0.45833 0.19954 0.00313 0.00833
1 0.47031 0.2287 0.00521 0.01852
1 0.4724 0.24954 0.00625 0.0213
1 0.47813 0.26991 0.00625 0.025
1 0.4974 0.27222 0.00521 0.02407
1 0.26562 0.2875 0.00833 0.0287
2 0.26849 0.26435 0.00573 0.01389
1 0.35339 0.32407 0.00469 0.01481
1 0.34583 0.31111 0.00729 0.02593
1 0.3875 0.275 0.00625 0.01852
1 0.30547 0.26204 0.00677 0.02222
1 0.30026 0.25602 0.00469 0.02315
1 0.30078 0.24954 0.00365 0.0213
2 0.25078 0.26389 0.00365 0.01481
1 0.25312 0.26157 0.00417 0.01204
2 0.2651 0.22269 0.00625 0.01389
2 0.25964 0.21806 0.00469 0.01389
2 0.33255 0.29491 0.00781 0.01204
1 0.31849 0.28981 0.00469 0.02407
2 0.32161 0.29074 0.00365 0.01296
1 0.32422 0.25833 0.00469 0.02407
1 0.32057 0.25417 0.00469 0.02315
1 0.40833 0.2963 0.00625 0.02593
1 0.41302 0.2838 0.00313 0.01389
1 0.40911 0.27824 0.00573 0.02315
1 0.38542 0.26111 0.00417 0.02407
1 0.41693 0.25046 0.00469 0.02315
1 0.42917 0.3287 0.00521 0.02778
1 0.4388 0.32407 0.00469 0.02778
1 0.44245 0.3213 0.00469 0.03148
1 0.42448 0.31389 0.00417 0.01852
1 0.43438 0.3088 0.00521 0.02315
1 0.43984 0.29861 0.00365 0.01574
1 0.42474 0.2912 0.00365 0.01574
1 0.36927 0.23472 0.00313 0.01944
1 0.36146 0.225 0.00417 0.02037
1 0.37135 0.22824 0.00417 0.01759
1 0.32943 0.2088 0.0026 0.01574
2 0.27786 0.21667 0.00573 0.00926
2 0.33828 0.20694 0.00365 0.01019
2 0.3349 0.20556 0.00208 0.00741
1 0.3724 0.29028 0.00417 0.02685
1 0.36198 0.3 0.00313 0.02222
2 0.36849 0.29491 0.00365 0.00833
2 0.36771 0.30278 0.00417 0.01296
1 0.3638 0.29028 0.00469 0.01759
2 0.35833 0.29769 0.00417 0.01204
2 0.35286 0.29722 0.00469 0.01111
2 0.04531 0.2162 0.00417 0.01019
2 0.05078 0.2037 0.00469 0.01111
1 0.00547 0.24583 0.00677 0.01944
2 0.16042 0.19259 0.00521 0.01296
1 0.24974 0.17685 0.00469 0.01111
1 0.32474 0.1912 0.00469 0.01759
1 0.33802 0.1875 0.00521 0.01759
1 0.2763 0.18565 0.00365 0.01019
1 0.2737 0.1838 0.0026 0.01574
1 0.27135 0.18565 0.00313 0.01389
1 0.35339 0.17315 0.00365 0.01667
1 0.34714 0.17315 0.00365 0.00741
1 0.4474 0.19167 0.00521 0.01296
1 0.24245 0.16435 0.00469 0.01389
1 0.4237 0.17361 0.00365 0.01389
1 0.46146 0.18519 0.00417 0.01852
1 0.46589 0.18472 0.00365 0.01574
1 0.47005 0.1662 0.00365 0.01759
1 0.48438 0.1662 0.00521 0.01759
1 0.38125 0.1625 0.00521 0.01389
2 0.41953 0.1625 0.00365 0.00648
2 0.41589 0.15324 0.00365 0.01204
10 0.41458 0.15602 0.00833 0.00648
1 0.39531 0.14769 0.00313 0.01204
1 0.39193 0.14491 0.00365 0.01204
2 0.3638 0.1375 0.0026 0.00833
10 0.36432 0.14028 0.00677 0.00648
4 0.43411 0.15602 0.0026 0.01019
1 0.27187 0.15324 0.00208 0.00833
10 0.26094 0.15139 0.00521 0.00648
2 0.27656 0.14954 0.00208 0.00833
1 0.26042 0.13704 0.00208 0.01111
2 0.29688 0.15046 0.00313 0.00833
1 0.28646 0.15046 0.00208 0.01019
10 0.3112 0.13519 0.00677 0.00926
2 0.21797 0.13796 0.0026 0.01111
10 0.21771 0.1412 0.00625 0.00648
1 0.25026 0.13935 0.0026 0.01019
2 0.24818 0.14167 0.0026 0.00556
2 0.19141 0.14815 0.00469 0.00926
1 0.16406 0.14306 0.00313 0.01204
1 0.1862 0.14028 0.0026 0.01389
1 0.18932 0.14167 0.00156 0.01111
2 0.17214 0.14907 0.0026 0.00556
2 0.17682 0.14907 0.00156 0.00741
2 0.17474 0.15 0.00156 0.00741
2 0.17943 0.14815 0.0026 0.00741
1 0.16927 0.14583 0.00208 0.01204
1 0.19948 0.13657 0.00208 0.01019
10 0.20365 0.1375 0.00521 0.00648
10 0.2237 0.13565 0.00677 0.00648
4 0.1724 0.09815 0.01146 0.00926
4 0.15313 0.10093 0.01146 0.00926
5 0.13958 0.10139 0.01562 0.01204
0 0.10521 0.09815 0.05312 0.05556
