2 0.08854 0.67315 0.00729 0.02037
3 0.08776 0.68657 0.01094 0.01944
2 0.08984 0.65185 0.0026 0.01481
1 0.08802 0.64167 0.00625 0.02963
1 0.08021 0.64861 0.00729 0.03056
10 0.06693 0.64861 0.01719 0.01944
1 0.06354 0.61759 0.00729 0.02778
1 0.0151 0.61806 0.00729 0.0287
2 0.00365 0.54444 0.00729 0.01667
10 0.00365 0.55417 0.00625 0.01389
3 0.10677 0.50093 0.00729 0.01481
10 0.05443 0.49213 0.00781 0.0213
1 0.09974 0.51435 0.00573 0.02315
1 0.09609 0.50972 0.00573 0.0213
1 0.0901 0.51667 0.00417 0.02037
1 0.08464 0.51019 0.00573 0.01852
10 0.01589 0.47963 0.00885 0.02222
4 0.02161 0.46111 0.02135 0.02037
4 0.0112 0.41806 0.02031 0.01944
0 0.40833 0.36852 0.03021 0.03333
0 0.49531 0.23009 0.03854 0.03981
4 0.49401 0.25278 0.00573 0.00926
4 0.48984 0.26852 0.00469 0.00741
4 0.47969 0.25926 0.00313 0.00741
8 0.4862 0.28426 0.00469 0.01111
4 0.50703 0.2713 0.00677 0.00926
2 0.50052 0.26852 0.00208 0.00556
10 0.50104 0.2713 0.00208 0.00556
4 0.48828 0.31343 0.00677 0.01204
2 0.49818 0.3162 0.0026 0.00833
10 0.49792 0.3213 0.00208 0.00741
1 0.51016 0.32315 0.00365 0.01296
2 0.50599 0.32269 0.00365 0.00648
10 0.50573 0.32731 0.00208 0.00648
2 0.49896 0.32824 0.00313 0.00648
10 0.49974 0.33426 0.0026 0.00741
4 0.49193 0.3375 0.00781 0.01204
4 0.49349 0.35231 0.00781 0.01389
4 0.51719 0.3412 0.00833 0.01204
4 0.52109 0.35 0.00677 0.01481
4 0.52656 0.3588 0.00729 0.01389
1 0.5125 0.34306 0.00313 0.01389
1 0.50755 0.33843 0.00365 0.01204
8 0.5099 0.35093 0.00417 0.01296
10 0.50417 0.34907 0.00313 0.01296
2 0.50026 0.34444 0.00365 0.00556
10 0.50052 0.34907 0.00208 0.00741
2 0.48125 0.32824 0.00313 0.00648
10 0.48203 0.3338 0.0026 0.00833
1 0.47839 0.32731 0.00365 0.01204
1 0.4763 0.33148 0.0026 0.01481
1 0.47396 0.33981 0.00313 0.01296
1 0.47318 0.35602 0.00365 0.01389
1 0.47865 0.36991 0.00313 0.01389
1 0.47682 0.37222 0.0026 0.01111
4 0.47031 0.36898 0.00937 0.01389
4 0.50208 0.37222 0.01042 0.01667
2 0.5112 0.36204 0.0026 0.00741
3 0.5112 0.36898 0.00365 0.01019
2 0.52214 0.36528 0.00573 0.01019
10 0.52187 0.3713 0.00521 0.00926
4 0.52995 0.37546 0.01094 0.01574
4 0.53281 0.3912 0.00937 0.01759
5 0.53411 0.40556 0.00885 0.01481
2 0.52109 0.39028 0.00365 0.01574
3 0.52344 0.39398 0.00313 0.01204
4 0.52578 0.42917 0.01302 0.0213
4 0.46563 0.38333 0.01042 0.01667
4 0.46354 0.39769 0.01146 0.01574
2 0.4763 0.39491 0.00469 0.01019
10 0.47656 0.40278 0.00313 0.01111
4 0.4875 0.40185 0.01042 0.01667
4 0.48594 0.4162 0.00937 0.01759
4 0.48776 0.43056 0.01094 0.02037
8 0.48229 0.43889 0.00729 0.02037
4 0.46641 0.4412 0.01198 0.01944
2 0.45443 0.42917 0.00365 0.01389
10 0.45312 0.4338 0.00417 0.01204
4 0.4513 0.44861 0.01823 0.01944
2 0.50495 0.39722 0.00469 0.01111
10 0.50573 0.40463 0.00521 0.00926
4 0.49974 0.41296 0.0099 0.01852
2 0.51562 0.41435 0.00417 0.01019
10 0.51536 0.41944 0.00469 0.01111
2 0.51458 0.42824 0.00417 0.00648
10 0.51458 0.43426 0.00313 0.00926
2 0.51641 0.44074 0.00469 0.00926
10 0.51693 0.44583 0.00365 0.00833
10 0.53359 0.47731 0.00469 0.0213
2 0.5263 0.48009 0.00365 0.01019
10 0.525 0.4875 0.01042 0.01204
1 0.52292 0.47407 0.00313 0.01667
1 0.51667 0.47361 0.00313 0.01944
3 0.51953 0.47778 0.00365 0.01296
2 0.51302 0.4588 0.00313 0.01204
10 0.51354 0.46528 0.00313 0.01019
2 0.51198 0.48056 0.00313 0.00926
2 0.51172 0.47593 0.00365 0.01111
10 0.51146 0.48333 0.00417 0.01111
2 0.50417 0.46852 0.00417 0.01296
10 0.50391 0.47731 0.0026 0.01389
2 0.50026 0.47963 0.00365 0.01111
10 0.50078 0.48611 0.00469 0.01852
2 0.48203 0.47963 0.00365 0.01111
3 0.48281 0.48843 0.00417 0.01389
2 0.47969 0.48657 0.00417 0.01204
10 0.47995 0.49537 0.00469 0.01481
4 0.48724 0.50972 0.01302 0.025
4 0.48542 0.54491 0.01562 0.0287
4 0.45964 0.48657 0.01406 0.03056
1 0.46875 0.50833 0.00417 0.01852
1 0.47031 0.50139 0.00417 0.01759
3 0.47161 0.50741 0.00677 0.01481
1 0.50703 0.52037 0.00469 0.02222
1 0.50286 0.53241 0.00469 0.02407
1 0.51641 0.50602 0.00469 0.02315
3 0.51875 0.50417 0.00417 0.01574
1 0.52526 0.50694 0.00573 0.01944
2 0.5224 0.51898 0.00417 0.00833
10 0.52344 0.52593 0.00521 0.01481
2 0.5138 0.52593 0.00365 0.01111
10 0.51458 0.53565 0.00417 0.01389
4 0.50104 0.66481 0.02187 0.04815
2 0.45703 0.61019 0.00469 0.01296
2 0.45729 0.60648 0.00521 0.01852
10 0.45729 0.62083 0.00417 0.01944
1 0.43854 0.56296 0.00521 0.02407
2 0.47031 0.63148 0.00521 0.01852
10 0.46953 0.64028 0.00365 0.01204
8 0.47057 0.66528 0.00885 0.03796
2 0.44167 0.74815 0.01146 0.02037
3 0.44036 0.76435 0.00781 0.0287
4 0.38828 0.74444 0.06198 0.0463
2 0.47578 0.7088 0.00677 0.0213
2 0.47422 0.71204 0.00573 0.01481
10 0.47526 0.7213 0.00885 0.02963
1 0.56484 0.79352 0.00573 0.04074
1 0.55781 0.78889 0.00833 0.03889
2 0.5349 0.74537 0.00625 0.02037
1 0.5375 0.74213 0.00417 0.01759
10 0.53542 0.76019 0.00625 0.02407
8 0.52708 0.7787 0.01562 0.05556
4 0.53932 0.86204 0.02865 0.06481
4 0.49974 0.89583 0.03073 0.08426
10 0.56849 0.97778 0.01302 0.04444
2 0.45417 0.81667 0.00833 0.02407
7 0.45625 0.8412 0.0125 0.02685
2 0.46432 0.90602 0.00885 0.03241
10 0.4638 0.925 0.00677 0.03519
2 0.44219 0.93935 0.01042 0.02685
10 0.44323 0.95509 0.00625 0.03426
4 0.42083 0.89306 0.03021 0.08981
4 0.35469 0.8963 0.04583 0.06111
