2 0.13177 0.5463 0.02813 0.06667
1 0.63281 0.07685 0.01354 0.0537
1 0.63542 0.12963 0.0125 0.05185
1 0.59375 0.20278 0.0125 0.06111
1 0.60833 0.20093 0.01458 0.06852
1 0.60469 0.36019 0.01979 0.07222
1 0.56875 0.39352 0.0125 0.06852
1 0.68021 0.32315 0.02708 0.07593
1 0.74635 0.32037 0.03021 0.07037
1 0.75104 0.24815 0.02083 0.06667
2 0.78802 0.22778 0.02396 0.05926
3 0.78177 0.24815 0.01562 0.05556
1 0.67292 0.12593 0.01458 0.05926
1 0.73958 0.10741 0.01875 0.06667
1 0.85052 0.16759 0.02813 0.06852
1 0.87135 0.19722 0.02604 0.06111
1 0.88385 0.21759 0.02396 0.0537
1 0.90156 0.09444 0.02396 0.06296
1 0.96094 0.06111 0.02813 0.06296
1 0.9125 0.08056 0.01875 0.05741
1 0.91927 0.08889 0.02813 0.06296
1 0.91615 0.06574 0.01354 0.06111
1 0.92708 0.05463 0.01875 0.0537
1 0.95365 0.22778 0.03438 0.08519
1 0.97188 0.22963 0.02917 0.06296
3 0.96615 0.26481 0.03646 0.05926
1 0.93281 0.35648 0.03021 0.06852
1 0.95781 0.36481 0.03021 0.06296
1 0.90885 0.45741 0.03229 0.07037
1 0.91719 0.43611 0.03021 0.07222
1 0.58385 0.60093 0.01771 0.06852
1 0.6 0.60463 0.01667 0.06852
2 0.78646 0.64722 0.0375 0.07222
1 0.87708 0.72222 0.04167 0.06667
1 0.92292 0.75833 0.04583 0.06481
1 0.92031 0.54722 0.03438 0.06481
1 0.94375 0.53889 0.03333 0.06667
1 0.39896 0.8963 0.03333 0.07037
1 0.43021 0.96296 0.03333 0.05926
2 0.375 0.09815 0.01042 0.04074
2 0.38281 0.07593 0.00937 0.03704
3 0.40521 0.0963 0.0125 0.04815
