4 0.03802 0.84583 0.07604 0.13241
5 0.06719 0.88056 0.09688 0.13889
9 0.0875 0.65185 0.17083 0.20556
4 0.11589 0.725 0.08281 0.1
5 0.14922 0.75741 0.06823 0.11481
4 0.18984 0.63241 0.06094 0.07593
5 0.18828 0.57037 0.04323 0.05741
4 0.20521 0.68519 0.0625 0.08333
4 0.2526 0.6125 0.05104 0.06944
5 0.23854 0.56157 0.04688 0.06574
4 0.23854 0.51759 0.04271 0.05185
5 0.27526 0.46898 0.03802 0.04722
4 0.28359 0.50926 0.04323 0.05185
4 0.30417 0.54583 0.04271 0.05648
5 0.32969 0.49398 0.03542 0.06389
4 0.31406 0.46806 0.03854 0.04537
4 0.30677 0.44167 0.03542 0.04074
4 0.31536 0.4 0.03073 0.03333
5 0.34922 0.42593 0.03281 0.04444
5 0.3612 0.44769 0.03385 0.05648
2 0.525 0.5588 0.01042 0.0287
10 0.52474 0.56667 0.01198 0.03704
7 0.57734 0.46806 0.01198 0.0287
2 0.58568 0.45787 0.00677 0.0213
4 0.45885 0.49676 0.03333 0.04722
4 0.49036 0.38241 0.02031 0.03148
1 0.61615 0.36204 0.00521 0.02778
4 0.43385 0.28611 0.01875 0.02222
4 0.49557 0.2625 0.01302 0.01944
5 0.48646 0.24583 0.0125 0.01759
2 0.48047 0.21574 0.00365 0.01111
7 0.48177 0.21852 0.00625 0.01296
4 0.51146 0.21528 0.01042 0.01389
6 0.50807 0.20278 0.0099 0.01667
1 0.4987 0.18102 0.0026 0.01389
4 0.52839 0.19861 0.0099 0.01389
4 0.54323 0.22269 0.01146 0.01574
4 0.57057 0.23935 0.01198 0.01759
4 0.53385 0.18009 0.00937 0.01204
4 0.53516 0.17176 0.00781 0.01019
5 0.55911 0.16991 0.00781 0.01389
5 0.54896 0.15417 0.00625 0.01204
2 0.54427 0.14722 0.00208 0.00741
10 0.54453 0.14907 0.00156 0.00556
4 0.55182 0.15093 0.00677 0.00926
4 0.5638 0.1412 0.00573 0.00833
4 0.56068 0.15556 0.00677 0.00926
5 0.56875 0.15694 0.00625 0.01204
4 0.57214 0.14028 0.00573 0.00833
5 0.57604 0.13472 0.00521 0.01019
4 0.57526 0.1287 0.00469 0.00741
4 0.58281 0.12917 0.00521 0.00648
2 0.5901 0.12685 0.00104 0.00556
4 0.57344 0.16991 0.00833 0.01019
4 0.575 0.16713 0.00729 0.01019
4 0.57708 0.16389 0.00729 0.00926
4 0.58021 0.15972 0.00729 0.00833
5 0.58255 0.15509 0.00781 0.01019
5 0.58411 0.15046 0.00677 0.00833
4 0.58542 0.14861 0.00625 0.00833
5 0.58854 0.14583 0.00625 0.01019
5 0.59036 0.14213 0.00677 0.01019
4 0.59245 0.13796 0.00573 0.00926
4 0.59401 0.13565 0.00469 0.00648
4 0.59688 0.13426 0.00521 0.00741
4 0.59661 0.13241 0.00573 0.00741
4 0.59792 0.12963 0.00521 0.00741
6 0.60026 0.12037 0.00781 0.02037
4 0.61771 0.12546 0.00417 0.00648
4 0.60964 0.12361 0.00469 0.00648
4 0.6112 0.1213 0.00469 0.00556
4 0.5875 0.11389 0.00417 0.00556
0 0.6125 0.09722 0.04479 0.02407
0 0.6151 0.11343 0.01667 0.00833
0 0.75911 0.1713 0.04219 0.04074
