2 0.12135 0.31898 0.01042 0.02685
2 0.1362 0.31296 0.00781 0.02407
1 0.13672 0.31435 0.00365 0.0213
1 0.17839 0.23241 0.00573 0.02407
1 0.24401 0.24306 0.00573 0.03056
1 0.2513 0.25231 0.00677 0.03056
1 0.25938 0.24167 0.00521 0.02963
1 0.2638 0.24491 0.00469 0.02685
1 0.26849 0.23935 0.00573 0.02685
1 0.27344 0.24537 0.00521 0.02593
1 0.42083 0.20926 0.00521 0.01667
1 0.42448 0.21019 0.00521 0.01852
1 0.48984 0.21157 0.00469 0.01759
4 0.45625 0.19398 0.01875 0.01574
5 0.47292 0.19306 0.01979 0.01944
4 0.49141 0.19491 0.01719 0.01389
5 0.49297 0.18843 0.01406 0.01574
