1,0.6401041666666667,0.09305555555555556,0.008333333333333333,0.030555555555555555
1,0.6479166666666667,0.08055555555555556,0.009375,0.02962962962962963
7,0.63515625,0.1,0.018229166666666668,0.020370370370370372
1,0.6549479166666666,0.08981481481481482,0.0067708333333333336,0.02962962962962963
1,0.6684895833333333,0.09444444444444444,0.0078125,0.03333333333333333
1,0.6783854166666666,0.09861111111111111,0.011979166666666667,0.03981481481481482
1,0.7028645833333333,0.09583333333333334,0.0078125,0.03796296296296296
6,0.6268229166666667,0.1587962962962963,0.06197916666666667,0.12129629629629629
6,0.675,0.16805555555555557,0.06666666666666667,0.11944444444444445
6,0.6260416666666667,0.031018518518518518,0.04375,0.06018518518518518
6,0.57890625,0.02638888888888889,0.04635416666666667,0.05092592592592592
6,0.5424479166666667,0.02361111111111111,0.028645833333333332,0.04351851851851852
6,0.5041666666666667,0.024074074074074074,0.030208333333333334,0.046296296296296294
6,0.46536458333333336,0.023148148148148147,0.024479166666666666,0.046296296296296294
6,0.37552083333333336,0.018055555555555554,0.026041666666666668,0.03611111111111111
6,0.19505208333333332,0.02175925925925926,0.0578125,0.04351851851851852
6,0.25494791666666666,0.04675925925925926,0.0796875,0.06574074074074074
1,0.27578125,0.01898148148148148,0.0078125,0.026851851851851852
6,0.2578125,0.10787037037037037,0.059375,0.08796296296296297
6,0.14869791666666668,0.16342592592592592,0.1171875,0.09166666666666666
6,0.27760416666666665,0.24351851851851852,0.07604166666666666,0.16111111111111112
6,0.3776041666666667,0.262037037037037,0.05416666666666667,0.14074074074074075
1,0.40520833333333334,0.02361111111111111,0.00625,0.030555555555555555
1,0.40911458333333334,0.02638888888888889,0.0046875,0.03611111111111111
1,0.5153645833333333,0.23703703703703705,0.0109375,0.05
1,0.5203125,0.2796296296296296,0.017708333333333333,0.053703703703703705
1,0.49583333333333335,0.27037037037037037,0.0125,0.05185185185185185
1,0.4979166666666667,0.25833333333333336,0.010416666666666666,0.05
6,0.5106770833333333,0.4083333333333333,0.18072916666666666,0.1574074074074074
6,0.4239583333333333,0.6129629629629629,0.08645833333333333,0.19074074074074074
3,0.09140625,0.15555555555555556,0.018229166666666668,0.037037037037037035
6,0.14296875,0.012962962962962963,0.0421875,0.024074074074074074
6,0.10833333333333334,0.0125,0.03854166666666667,0.023148148148148147
1,0.08828125,0.01898148148148148,0.008854166666666666,0.032407407407407406
1,0.08125,0.021296296296296296,0.009375,0.03333333333333333
1,0.075,0.01990740740740741,0.008333333333333333,0.03611111111111111
1,0.06588541666666667,0.019444444444444445,0.008854166666666666,0.03333333333333333
1,0.05677083333333333,0.02175925925925926,0.008333333333333333,0.03425925925925926
1,0.052083333333333336,0.016666666666666666,0.007291666666666667,0.03148148148148148
1,0.03307291666666667,0.017592592592592594,0.009895833333333333,0.03333333333333333
1,0.034375,0.06527777777777778,0.00625,0.03425925925925926
1,0.03723958333333333,0.07453703703703704,0.009895833333333333,0.03981481481481482
1,0.03411458333333333,0.09490740740740741,0.0140625,0.04351851851851852
1,0.013541666666666667,0.08703703703703704,0.011458333333333333,0.04259259259259259
1,0.0046875,0.08796296296296297,0.009375,0.037037037037037035
6,0.024739583333333332,0.1337962962962963,0.049479166666666664,0.0712962962962963
6,0.06927083333333334,0.07314814814814814,0.051041666666666666,0.07592592592592592
6,0.10572916666666667,0.10092592592592593,0.08125,0.08518518518518518
