0 0.40781 0.02037 0.01042 0.02778
0 0.3974 0.03657 0.00937 0.03611
0 0.41016 0.05463 0.00677 0.02222
0 0.38594 0.04907 0.01354 0.02037
4 0.42344 0.23241 0.02292 0.01481
4 0.4224 0.22222 0.025 0.01667
1 0.24453 0.4838 0.00677 0.03241
1 0.25286 0.46111 0.00781 0.02778
1 0.27708 0.41111 0.00521 0.02778
10 0.2974 0.17963 0.00313 0.01111
3 0.29427 0.18704 0.00417 0.01111
7 0.31432 0.16389 0.00573 0.01111
4 0.36302 0.24074 0.01354 0.02407
4 0.37344 0.18009 0.01042 0.01759
4 0.4151 0.15463 0.02083 0.01481
4 0.40937 0.14213 0.01875 0.01204
4 0.40964 0.1375 0.01927 0.01204
6 0.4112 0.12824 0.02031 0.01944
4 0.40026 0.12083 0.0099 0.01019
4 0.3888 0.12546 0.00677 0.01204
4 0.41042 0.09259 0.0125 0.00741
4 0.40833 0.08611 0.0125 0.00741
4 0.40052 0.06157 0.00521 0.00648
0 0.41016 0.0713 0.01198 0.00926
4 0.41042 0.07639 0.01042 0.00833
1 0.33203 0.1412 0.0026 0.00833
2 0.33359 0.14907 0.0026 0.00926
10 0.33333 0.15046 0.00417 0.01019
1 0.35807 0.10787 0.00156 0.00833
1 0.35911 0.10417 0.00156 0.00833
1 0.36745 0.07917 0.00156 0.00648
2 0.39036 0.08889 0.00156 0.00556
10 0.39036 0.08981 0.00156 0.00556
1 0.38177 0.10185 0.00313 0.00926
4 0.3487 0.14815 0.01927 0.01296
4 0.35 0.14259 0.01771 0.01296
4 0.36328 0.13843 0.00781 0.01389
5 0.35573 0.12824 0.01354 0.01389
5 0.35911 0.12361 0.01406 0.01389
4 0.36146 0.11528 0.0125 0.00833
4 0.3625 0.11343 0.01354 0.01019
4 0.36328 0.11111 0.01406 0.00926
4 0.38594 0.06204 0.00521 0.00556
4 0.38099 0.06574 0.00885 0.00556
0 0.37734 0.07546 0.01198 0.01204
0 0.37396 0.0875 0.01146 0.01204
0 0.3651 0.09259 0.00521 0.00926
0 0.37292 0.09769 0.00833 0.00463
4 0.36719 0.10324 0.01354 0.01019
