0 0.06979 0.25324 0.10625 0.10648
0 0.32786 0.22454 0.03906 0.05463
0 0.2862 0.2088 0.04323 0.03611
0 0.35417 0.88796 0.06458 0.21296
0 0.30339 0.64167 0.11927 0.18704
0 0.33151 0.75972 0.06615 0.06389
0 0.31797 0.8412 0.01927 0.12315
3 0.03099 0.96019 0.0276 0.06296
10 0.01589 0.92083 0.02031 0.075
3 0.01927 0.84028 0.0125 0.05093
1 0.07422 0.82037 0.01406 0.05556
1 0.23125 0.80185 0.01562 0.05926
1 0.28307 0.83704 0.01719 0.05926
1 0.28828 0.76343 0.01094 0.04907
2 0.3125 0.96389 0.01458 0.0537
3 0.31562 0.98241 0.01875 0.03333
1 0.25208 0.98333 0.02083 0.03333
1 0.11641 0.83426 0.0151 0.05556
1 0.1026 0.82269 0.01354 0.05278
1 0.11328 0.80648 0.01615 0.05926
3 0.21927 0.70463 0.00833 0.04259
2 0.21927 0.69259 0.01042 0.04444
1 0.08828 0.62454 0.01406 0.04167
3 0.20026 0.61574 0.01094 0.03889
2 0.20156 0.60139 0.00833 0.04352
3 0.23359 0.59907 0.0099 0.03704
2 0.23307 0.58704 0.0099 0.03889
3 0.21172 0.51898 0.0099 0.03426
2 0.21068 0.50833 0.00781 0.04074
3 0.19297 0.51898 0.00677 0.0287
2 0.19193 0.50787 0.0099 0.03241
3 0.19583 0.48148 0.00937 0.02593
2 0.19531 0.47222 0.01042 0.03148
4 0.12578 0.50139 0.06719 0.04167
4 0.08021 0.4375 0.025 0.04167
4 0.01927 0.52454 0.03854 0.04537
3 0.05781 0.51759 0.01146 0.02963
2 0.05729 0.5088 0.00833 0.03241
5 0.0974 0.40787 0.05625 0.06019
1 0.12474 0.41343 0.00781 0.03056
3 0.14401 0.38102 0.00573 0.0213
2 0.14401 0.37361 0.00677 0.025
3 0.1987 0.40694 0.00677 0.025
10 0.15599 0.39398 0.00677 0.01944
2 0.15573 0.38796 0.00625 0.02037
2 0.15547 0.3838 0.00677 0.01944
3 0.13255 0.35602 0.00469 0.0213
2 0.13255 0.35046 0.00573 0.025
10 0.14245 0.3287 0.00573 0.01667
2 0.14193 0.32269 0.00469 0.01759
4 0.0138 0.37315 0.0276 0.04815
4 0.20286 0.29537 0.02031 0.02407
4 0.23932 0.30324 0.02031 0.03056
4 0.25495 0.29352 0.01927 0.02407
9 0.87161 0.8875 0.2474 0.225
4 0.95495 0.91759 0.08281 0.10741
4 0.86172 0.80278 0.09115 0.10185
5 0.71615 0.78935 0.07708 0.10093
4 0.73724 0.73565 0.0724 0.0787
4 0.79036 0.71806 0.07552 0.07685
9 0.85078 0.68935 0.19844 0.23426
3 0.75964 0.57778 0.02344 0.01852
1 0.76094 0.56759 0.01146 0.03519
4 0.82214 0.55093 0.05469 0.0537
1 0.87344 0.61157 0.01042 0.04352
4 0.72109 0.6537 0.05885 0.06296
5 0.67474 0.65324 0.07031 0.07685
5 0.66875 0.58889 0.05937 0.06111
4 0.65755 0.70417 0.06823 0.08056
4 0.59714 0.625 0.05677 0.06296
4 0.54818 0.56667 0.05052 0.05556
4 0.60859 0.5787 0.05781 0.06667
4 0.64922 0.52917 0.04844 0.05093
4 0.60833 0.52917 0.05208 0.05463
4 0.55885 0.52269 0.04479 0.04722
4 0.50964 0.51991 0.03906 0.04722
4 0.57057 0.48843 0.03802 0.04167
4 0.51849 0.47963 0.04115 0.04074
4 0.48073 0.48519 0.03333 0.04074
4 0.52318 0.4463 0.0349 0.03519
9 0.57005 0.43611 0.08177 0.10185
4 0.49453 0.41852 0.0276 0.03704
3 0.66771 0.46204 0.01562 0.02593
2 0.66953 0.4537 0.00781 0.02407
4 0.67786 0.45185 0.04323 0.0463
4 0.64635 0.42407 0.03854 0.03519
10 0.63047 0.44213 0.0151 0.0213
2 0.63047 0.43333 0.00781 0.02407
3 0.6 0.40833 0.0125 0.01852
2 0.60104 0.40185 0.00625 0.02222
9 0.4651 0.40741 0.07292 0.09815
4 0.4474 0.44491 0.03438 0.03611
9 0.48906 0.37222 0.07292 0.08519
4 0.53203 0.33148 0.0349 0.02407
4 0.41563 0.41574 0.03125 0.03333
4 0.41823 0.38241 0.03125 0.02963
4 0.38776 0.38333 0.02552 0.03148
4 0.41589 0.3537 0.02135 0.02593
4 0.425 0.3375 0.02708 0.02685
4 0.35156 0.34676 0.025 0.025
4 0.37552 0.34491 0.025 0.025
4 0.3724 0.31713 0.02396 0.025
4 0.32057 0.31713 0.02135 0.02685
4 0.33646 0.3088 0.02187 0.02315
4 0.34766 0.29861 0.0224 0.02315
9 0.37474 0.28472 0.03906 0.05278
4 0.30156 0.29907 0.01979 0.02037
4 0.30599 0.28287 0.01823 0.01944
4 0.32318 0.27917 0.01823 0.0213
4 0.34375 0.27685 0.01875 0.02037
4 0.33099 0.2625 0.01302 0.01574
4 0.28203 0.27917 0.01927 0.0213
4 0.28229 0.26111 0.01771 0.02037
4 0.29609 0.25833 0.01719 0.01852
5 0.36146 0.25463 0.01771 0.01852
4 0.18411 0.39537 0.02448 0.03889
0 0.20443 0.3787 0.01927 0.03333
0 0.21536 0.40602 0.01719 0.03611
1 0.1875 0.36759 0.00625 0.02593
4 0.19609 0.25185 0.01719 0.02407
4 0.21563 0.24769 0.01667 0.0213
5 0.25391 0.25231 0.0151 0.01759
4 0.27552 0.23935 0.01667 0.01759
4 0.25365 0.23935 0.01667 0.01759
4 0.23177 0.23519 0.01458 0.01667
4 0.16979 0.24074 0.01667 0.02037
4 0.18073 0.22824 0.01354 0.01759
2 0.56432 0.38796 0.00677 0.02037
1 0.54193 0.38657 0.00677 0.01759
2 0.52786 0.37824 0.00573 0.02315
1 0.51589 0.31806 0.00469 0.02315
1 0.51068 0.31759 0.00365 0.02222
4 0.50313 0.30926 0.03021 0.02407
5 0.48646 0.3037 0.03125 0.02593
4 0.46823 0.2963 0.02396 0.02407
4 0.43984 0.27454 0.0224 0.01574
4 0.25104 0.21991 0.01458 0.01574
4 0.23021 0.22222 0.01458 0.01481
4 0.20859 0.21296 0.01302 0.01481
4 0.23151 0.2125 0.01406 0.01574
4 0.18438 0.21481 0.0125 0.01481
4 0.19714 0.19444 0.01198 0.01296
4 0.18984 0.18102 0.01094 0.01204
5 0.1737 0.16898 0.01094 0.01389
4 0.15495 0.22176 0.01406 0.01944
4 0.15521 0.20324 0.0125 0.01574
4 0.14062 0.20509 0.0125 0.01944
4 0.12917 0.19444 0.00937 0.01481
5 0.12083 0.18333 0.0125 0.01667
4 0.16458 0.16065 0.01042 0.01204
4 0.11068 0.17315 0.0099 0.01296
4 0.11667 0.16481 0.01042 0.01296
