4 0.95588 0.18366 0.08824 0.09281
5 0.96765 0.37059 0.06471 0.09804
4 0.90588 0.2902 0.09265 0.09673
4 0.80478 0.21438 0.08456 0.09673
4 0.78456 0.3634 0.09412 0.10458
4 0.83971 0.51699 0.09412 0.10588
6 0.65772 0.58039 0.10074 0.10719
4 0.64963 0.47516 0.09632 0.11111
4 0.5364 0.55163 0.09338 0.1098
4 0.46618 0.44575 0.10147 0.11242
4 0.41544 0.33791 0.07206 0.08497
4 0.4125 0.6281 0.10882 0.11373
4 0.46912 0.70327 0.1 0.12026
4 0.27757 0.69608 0.10662 0.12418
4 0.18199 0.86732 0.12279 0.13203
4 0.125 0.7915 0.10882 0.11634
