5 0.72865 0.89815 0.11458 0.2037
4 0.20208 0.79907 0.07708 0.16481
4 0.49089 0.59907 0.04531 0.1
4 0.77187 0.53843 0.09583 0.06019
4 0.69896 0.45833 0.08542 0.05
5 0.42188 0.41898 0.03229 0.07315
9 0.54401 0.35185 0.0474 0.11481
4 0.23932 0.45694 0.0401 0.06019
4 0.25964 0.41389 0.03594 0.06111
10 0.28776 0.325 0.01823 0.02222
4 0.30651 0.30833 0.02344 0.04074
4 0.29245 0.29491 0.04531 0.0287
4 0.30234 0.2838 0.04115 0.025
4 0.36172 0.33611 0.02448 0.04259
4 0.36641 0.3037 0.02344 0.03704
6 0.5138 0.27315 0.02344 0.03889
4 0.46719 0.26574 0.02083 0.02407
4 0.45182 0.23611 0.01406 0.02222
9 0.50495 0.2412 0.02031 0.04907
6 0.49974 0.22176 0.02552 0.04537
9 0.48958 0.19722 0.01875 0.03889
10 0.47474 0.20694 0.00365 0.01204
2 0.47474 0.2037 0.00365 0.01296
4 0.38932 0.18333 0.0099 0.01296
4 0.4 0.1838 0.01042 0.01389
6 0.48151 0.17361 0.01198 0.025
1 0.47005 0.15972 0.00365 0.01204
6 0.47943 0.16528 0.01094 0.02315
4 0.35547 0.43333 0.06823 0.0537
0 0.45625 0.1213 0.03646 0.05926
