0 0.49062 0.0787 0.01875 0.01296
0 0.50938 0.07315 0.01458 0.01667
0 0.54375 0.09907 0.03333 0.03519
0 0.51979 0.07963 0.00625 0.02963
0 0.51198 0.09074 0.00521 0.01852
0 0.57292 0.09815 0.0125 0.02963
2 0.2474 0.85463 0.04896 0.10185
1 0.10625 0.92407 0.02917 0.11111
1 0.12865 0.89074 0.04271 0.08889
1 0.09167 0.88796 0.02917 0.15
1 0.21979 0.70926 0.02083 0.09259
1 0.23125 0.63981 0.02083 0.07963
1 0.2599 0.64444 0.00937 0.06667
2 0.26198 0.74907 0.03229 0.05741
2 0.26979 0.72037 0.02292 0.05926
2 0.28594 0.69444 0.03438 0.05926
1 0.3125 0.6463 0.01458 0.07407
1 0.29792 0.63056 0.01667 0.07963
1 0.29896 0.63056 0.01667 0.07963
1 0.31198 0.64722 0.01354 0.07593
1 0.32031 0.61944 0.02187 0.10556
1 0.24635 0.57315 0.01979 0.07593
1 0.36667 0.58796 0.01875 0.10556
10 0.35938 0.69722 0.03958 0.15
10 0.40677 0.56574 0.03854 0.08333
10 0.43281 0.51481 0.05312 0.08519
1 0.54063 0.40278 0.0125 0.07963
1 0.29635 0.54352 0.01562 0.08704
1 0.26927 0.53981 0.01771 0.09444
1 0.24948 0.56667 0.02396 0.07037
1 0.42552 0.43056 0.01354 0.08704
1 0.43802 0.41944 0.01354 0.08333
1 0.47135 0.46667 0.01354 0.08889
1 0.46771 0.45 0.01042 0.08148
1 0.47604 0.40278 0.01667 0.06852
1 0.48906 0.39259 0.01354 0.07407
1 0.53125 0.35926 0.01667 0.07037
2 0.55625 0.34259 0.00625 0.03704
2 0.55573 0.33519 0.01146 0.05926
2 0.55052 0.33889 0.00729 0.04074
2 0.55625 0.33519 0.0125 0.05926
1 0.51406 0.31667 0.01354 0.06296
1 0.49792 0.30648 0.01042 0.07593
1 0.43854 0.25833 0.01042 0.0463
1 0.46667 0.25093 0.01042 0.03889
1 0.52969 0.26296 0.00729 0.05556
1 0.48854 0.26481 0.00833 0.05185
1 0.5151 0.26296 0.00729 0.04815
2 0.4849 0.24537 0.00729 0.02778
1 0.49427 0.24815 0.00729 0.03333
1 0.48333 0.22037 0.00625 0.03704
1 0.4776 0.21481 0.00729 0.04074
1 0.50677 0.25648 0.00521 0.02778
2 0.50625 0.23519 0.00417 0.01852
2 0.51719 0.25 0.00937 0.04444
1 0.51042 0.24537 0.00625 0.0463
3 0.51302 0.26019 0.01354 0.02778
3 0.55573 0.3537 0.01979 0.04815
2 0.56042 0.18519 0.00833 0.03333
10 0.56042 0.19352 0.00625 0.02037
1 0.5901 0.1463 0.00521 0.02593
1 0.5849 0.1463 0.00521 0.02593
2 0.57292 0.14444 0.00417 0.01481
2 0.5724 0.14167 0.00521 0.02037
10 0.57188 0.14722 0.00417 0.01296
1 0.52865 0.1963 0.00521 0.03333
1 0.52656 0.19352 0.00521 0.02778
1 0.52135 0.18611 0.00521 0.02037
2 0.51406 0.17315 0.00729 0.02407
1 0.53177 0.18241 0.00521 0.03148
1 0.525 0.18056 0.00625 0.03148
2 0.5026 0.225 0.00729 0.03148
10 0.50052 0.23333 0.00729 0.02593
1 0.49167 0.22963 0.00625 0.02222
1 0.49531 0.21574 0.00729 0.03889
2 0.77604 0.94444 0.06458 0.11111
2 0.61875 0.94074 0.05417 0.11852
8 0.62083 0.88611 0.07708 0.22778
2 0.26146 0.72407 0.01458 0.03704
10 0.51094 0.20833 0.00729 0.02407
10 0.5151 0.20185 0.00937 0.01852
1 0.48854 0.14259 0.00417 0.01852
2 0.48906 0.16852 0.00521 0.01852
1 0.55677 0.13241 0.00521 0.02407
0 0.53854 0.13056 0.02917 0.02407
1 0.54219 0.16389 0.00937 0.02407
1 0.53125 0.16019 0.00417 0.02037
1 0.53073 0.15648 0.00313 0.02407
1 0.52812 0.14722 0.00417 0.02037
1 0.53385 0.14352 0.00313 0.01667
1 0.53073 0.1463 0.00521 0.01852
11 0.53698 0.16296 0.00729 0.02222
1 0.56615 0.1287 0.00313 0.01296
7 0.56771 0.13889 0.00833 0.01481
1 0.50417 0.12222 0.00208 0.01852
1 0.50781 0.12315 0.00313 0.01296
2 0.49896 0.13148 0.00208 0.01111
1 0.49479 0.13056 0.00417 0.01667
1 0.49635 0.12778 0.00313 0.02222
2 0.51927 0.12963 0.00313 0.01111
