4 0.18411 0.58565 0.13073 0.12685
10 0.09792 0.4625 0.03438 0.05278
2 0.09818 0.44954 0.01823 0.05463
10 0.25911 0.37593 0.02448 0.06296
2 0.25885 0.36343 0.01667 0.05093
4 0.19349 0.27315 0.07135 0.08889
4 0.25312 0.22824 0.06354 0.06204
1 0.06432 0.28333 0.01615 0.05926
4 0.34766 0.33796 0.06615 0.09259
4 0.40156 0.26019 0.05208 0.07963
4 0.44531 0.21204 0.04375 0.06111
4 0.47604 0.16852 0.04063 0.05741
4 0.4112 0.14907 0.05469 0.05
5 0.34609 0.16481 0.04948 0.05926
1 0.25964 0.12685 0.0099 0.03889
1 0.37995 0.1088 0.00677 0.03611
1 0.38594 0.11065 0.00625 0.03241
10 0.36589 0.12778 0.01719 0.02407
4 0.42031 0.10185 0.04896 0.03519
10 0.44896 0.13426 0.00833 0.02778
10 0.45937 0.14028 0.00833 0.0213
2 0.45 0.12407 0.00729 0.02407
2 0.4599 0.13194 0.00729 0.02315
5 0.44167 0.08657 0.03958 0.03981
4 0.50052 0.09537 0.03333 0.03889
7 0.48542 0.08843 0.01875 0.0287
8 0.52812 0.10972 0.01979 0.03796
10 0.5349 0.08843 0.0125 0.0213
2 0.53568 0.07963 0.00885 0.02593
3 0.47187 0.06389 0.01042 0.02222
1 0.52474 0.05556 0.00677 0.02593
1 0.52161 0.05602 0.00573 0.03056
1 0.51771 0.05417 0.00625 0.0287
4 0.48568 0.04676 0.03594 0.03056
