2 0.32426 0.96471 0.02647 0.06275
10 0.32463 0.98235 0.02279 0.03529
5 0.32904 0.43268 0.04632 0.11765
4 0.50294 0.26405 0.03235 0.06536
5 0.44007 0.12549 0.02574 0.06536
5 0.51434 0.44967 0.04191 0.09412
5 0.36287 0.12941 0.03015 0.06013
1 0.59081 0.24379 0.00956 0.04314
1 0.66066 0.20327 0.00809 0.04314
1 0.66949 0.20523 0.00809 0.04444
1 0.65257 0.15229 0.00809 0.04314
1 0.65147 0.11699 0.00735 0.03529
1 0.64191 0.11373 0.00735 0.03399
6 0.69926 0.18497 0.06618 0.13203
4 0.82574 0.1281 0.04412 0.03922
4 0.88125 0.20784 0.05074 0.03922
5 0.95221 0.25752 0.08824 0.08366
5 0.70074 0.02157 0.02206 0.04314
1 0.68346 0.00784 0.00662 0.01569
0 0.18934 0.04444 0.18456 0.08889
6 0.37022 0.07843 0.03015 0.06275
2 0.39449 0.08301 0.00809 0.03268
2 0.40588 0.0549 0.00735 0.02876
10 0.39449 0.08758 0.0125 0.02614
10 0.40735 0.06144 0.01029 0.02353
2 0.39412 0.02418 0.01029 0.02745
1 0.28566 0.10196 0.00809 0.0366
1 0.29265 0.10784 0.00588 0.02484
6 0.26287 0.12157 0.03309 0.05752
4 0.31066 0.0634 0.05368 0.04052
7 0.36801 0.02614 0.03456 0.03137
7 0.4511 0.01438 0.02426 0.02876
7 0.56728 0.30588 0.02574 0.07059
4 0.67316 0.66013 0.0625 0.13856
2 0.70846 0.81242 0.01691 0.07451
2 0.72243 0.84706 0.02279 0.06275
6 0.73015 0.8085 0.06324 0.15817
8 0.7489 0.94444 0.05809 0.1085
1 0.92353 0.76863 0.01765 0.09412
4 0.43897 0.21569 0.025 0.07059
4 0.34926 0.25229 0.03382 0.0732
4 0.36581 0.18301 0.03309 0.05752
4 0.51507 0.1634 0.02721 0.04706
4 0.49265 0.06275 0.02206 0.0366
4 0.52243 0.03072 0.01985 0.03529
4 0.48015 0.12092 0.02794 0.05098
