5 0.17422 0.96944 0.08073 0.06111
5 0.30911 0.96204 0.0599 0.07593
4 0.39531 0.97037 0.05625 0.05926
5 0.22057 0.58102 0.07031 0.07685
4 0.17474 0.43796 0.05573 0.03704
4 0.43724 0.48611 0.05365 0.04815
4 0.60208 0.85278 0.05 0.11852
5 0.65365 0.40093 0.03958 0.04444
4 0.36276 0.3713 0.03906 0.03148
4 0.39557 0.33241 0.0276 0.02593
5 0.56354 0.2912 0.02708 0.03056
6 0.43099 0.27222 0.02031 0.0463
9 0.48359 0.23472 0.01719 0.03426
2 0.49948 0.22361 0.00313 0.01019
7 0.49974 0.22685 0.00573 0.01296
5 0.45729 0.19861 0.00937 0.01759
5 0.48073 0.19537 0.00937 0.01481
4 0.50547 0.19167 0.00885 0.01296
4 0.47786 0.16343 0.00781 0.01019
4 0.46094 0.17083 0.00729 0.01019
4 0.4388 0.19815 0.0099 0.01296
5 0.4651 0.1412 0.00521 0.01204
5 0.45833 0.12454 0.00521 0.00833
5 0.4763 0.1338 0.00573 0.00833
4 0.47734 0.10417 0.00365 0.00648
4 0.47266 0.09444 0.00365 0.00556
4 0.46484 0.08194 0.0026 0.00463
5 0.47448 0.08657 0.00313 0.00463
5 0.4862 0.0963 0.00365 0.00556
5 0.47604 0.08102 0.00208 0.00463
0 0.4599 0.0625 0.04688 0.0287
2 0.18854 0.29306 0.00417 0.01574
2 0.18958 0.29398 0.00625 0.01944
10 0.18828 0.30046 0.00573 0.01574
4 0.22474 0.29907 0.02448 0.02593
5 0.24271 0.27824 0.01771 0.02315
4 0.25573 0.29583 0.02083 0.025
5 0.27083 0.31481 0.02187 0.03148
4 0.25781 0.26343 0.01771 0.0213
4 0.26823 0.27963 0.01979 0.02407
4 0.27891 0.26528 0.01719 0.0213
5 0.29479 0.28056 0.01771 0.03333
4 0.3151 0.2963 0.01771 0.02593
4 0.30104 0.27269 0.01562 0.0213
5 0.325 0.27824 0.01771 0.02685
5 0.32943 0.2662 0.01719 0.02685
5 0.26823 0.24907 0.01562 0.02778
2 0.24792 0.23102 0.00417 0.01574
10 0.24714 0.2338 0.00365 0.01389
2 0.26562 0.21898 0.00417 0.01019
7 0.26589 0.22315 0.00573 0.01296
4 0.28255 0.23704 0.01406 0.02037
5 0.29271 0.24769 0.01771 0.03241
4 0.28958 0.23009 0.01562 0.01944
4 0.30208 0.24167 0.01354 0.01852
5 0.30781 0.25926 0.01667 0.02407
5 0.31562 0.24769 0.01458 0.02685
4 0.33802 0.25602 0.01562 0.0213
4 0.3237 0.24167 0.01406 0.01852
4 0.34219 0.24583 0.01354 0.01944
5 0.34661 0.23472 0.01302 0.02315
4 0.29896 0.21991 0.01354 0.01759
5 0.30885 0.22917 0.01354 0.02315
4 0.31536 0.22361 0.01302 0.01759
4 0.29688 0.20417 0.0125 0.01759
4 0.30625 0.21389 0.01354 0.02037
4 0.31328 0.20509 0.01198 0.01574
5 0.32318 0.21343 0.01198 0.02315
4 0.32995 0.22963 0.01302 0.01852
4 0.3362 0.22176 0.01302 0.01759
4 0.34036 0.21343 0.01198 0.01574
4 0.33177 0.20278 0.01146 0.01667
4 0.35729 0.23009 0.0125 0.01759
4 0.31797 0.18148 0.0099 0.01296
4 0.36042 0.22222 0.0125 0.01667
5 0.36354 0.21389 0.01146 0.01667
4 0.34766 0.20741 0.0099 0.01481
4 0.3375 0.1963 0.01146 0.01481
4 0.32083 0.19583 0.01042 0.01204
4 0.32682 0.18981 0.01094 0.01296
4 0.33177 0.1838 0.01042 0.01389
5 0.34193 0.18704 0.0099 0.01852
4 0.33932 0.1787 0.00885 0.01296
4 0.33802 0.17315 0.00937 0.01481
5 0.34844 0.18056 0.00937 0.01667
4 0.35208 0.2 0.00937 0.01481
5 0.37005 0.20509 0.01198 0.01759
4 0.35755 0.19491 0.0099 0.01389
4 0.3599 0.1875 0.01042 0.01204
4 0.37266 0.19954 0.0099 0.01574
5 0.37734 0.19259 0.0099 0.01667
5 0.3763 0.18565 0.00781 0.01574
4 0.36589 0.18056 0.00885 0.01296
5 0.38203 0.18657 0.0099 0.01759
4 0.36927 0.17593 0.00833 0.01296
4 0.3526 0.17778 0.01042 0.01296
4 0.34427 0.16806 0.00833 0.01019
5 0.35104 0.16481 0.00833 0.01296
4 0.35521 0.15833 0.00833 0.01111
4 0.35885 0.17361 0.00833 0.01204
5 0.36094 0.16574 0.00729 0.01481
5 0.36458 0.16204 0.00729 0.01481
4 0.35495 0.14676 0.00677 0.01019
4 0.37318 0.16852 0.00781 0.01667
5 0.37708 0.16343 0.00729 0.01574
4 0.36094 0.15324 0.00833 0.01204
4 0.36172 0.14028 0.00677 0.01019
5 0.36484 0.14769 0.00677 0.01389
4 0.38542 0.17917 0.00833 0.01019
4 0.38854 0.17454 0.00729 0.01204
4 0.39089 0.17083 0.00781 0.01204
4 0.39427 0.16667 0.00833 0.01111
5 0.39427 0.16204 0.00729 0.01111
4 0.39844 0.15926 0.00833 0.01111
4 0.40052 0.15602 0.00729 0.01204
4 0.40365 0.15139 0.00729 0.01019
4 0.40599 0.1463 0.00677 0.01111
4 0.40286 0.13981 0.00677 0.00926
4 0.41016 0.14167 0.00573 0.00926
4 0.41094 0.1375 0.00833 0.01204
5 0.4138 0.12917 0.00677 0.01389
4 0.38151 0.16065 0.00781 0.01204
4 0.38385 0.15787 0.00729 0.01019
4 0.3862 0.15278 0.00781 0.01111
5 0.38854 0.14907 0.00729 0.01111
5 0.39167 0.14583 0.00729 0.01019
5 0.39349 0.14306 0.00573 0.01019
5 0.39714 0.13519 0.00677 0.01296
4 0.37161 0.15648 0.00677 0.00926
4 0.37344 0.15185 0.00729 0.00926
5 0.37734 0.1463 0.00781 0.01111
5 0.38151 0.14583 0.00677 0.01019
5 0.38464 0.14306 0.00573 0.01019
4 0.36979 0.14444 0.00625 0.00926
4 0.3724 0.1412 0.00729 0.00833
4 0.37682 0.13657 0.00677 0.01019
4 0.37448 0.12963 0.00625 0.00926
4 0.66745 0.3088 0.0349 0.02315
5 0.70339 0.35787 0.03385 0.0287
5 0.73255 0.3625 0.04323 0.03426
5 0.7401 0.37454 0.05 0.03796
5 0.76146 0.35324 0.03542 0.03056
5 0.79036 0.36296 0.04323 0.02963
5 0.79427 0.37546 0.03542 0.02685
4 0.80182 0.38981 0.04531 0.02778
5 0.80729 0.34907 0.04375 0.03148
5 0.84375 0.37361 0.04688 0.0287
5 0.86458 0.33519 0.03958 0.02778
4 0.86667 0.34907 0.04167 0.02778
5 0.86172 0.35741 0.04219 0.02963
9 0.9125 0.3662 0.08333 0.05833
5 0.94844 0.3625 0.03854 0.03056
4 0.96302 0.35093 0.03854 0.02593
