5 0.45833 0.60926 0.01875 0.04815
4 0.46615 0.69815 0.01979 0.04444
4 0.52031 0.67685 0.01771 0.03889
4 0.51667 0.71944 0.01875 0.04259
4 0.51354 0.76296 0.02292 0.04815
1 0.48177 0.78796 0.01146 0.03148
1 0.45625 0.78704 0.00833 0.03333
4 0.5125 0.8213 0.02292 0.06481
2 0.47135 0.90926 0.00937 0.03704
10 0.47135 0.91296 0.02604 0.02963
1 0.58437 0.79259 0.00833 0.03333
1 0.5974 0.81019 0.00729 0.03148
1 0.58646 0.83241 0.00833 0.03148
1 0.58281 0.85833 0.00729 0.03519
3 0.58646 0.86389 0.00833 0.03519
0 0.61927 0.8213 0.01562 0.0537
0 0.625 0.86759 0.00833 0.03519
7 0.59792 0.675 0.0125 0.02778
7 0.58542 0.66944 0.01042 0.02778
7 0.57396 0.66204 0.01042 0.03148
10 0.59375 0.65741 0.01458 0.01852
7 0.58698 0.63981 0.01146 0.02778
4 0.55417 0.59537 0.03333 0.02778
5 0.54792 0.58056 0.03542 0.02778
4 0.51615 0.60741 0.01771 0.03704
4 0.51667 0.56111 0.0125 0.02222
4 0.5125 0.54074 0.0125 0.02222
2 0.4974 0.66389 0.00521 0.02407
3 0.4974 0.66944 0.00521 0.02037
9 0.48021 0.55278 0.01875 0.0537
4 0.49896 0.53056 0.0125 0.02407
2 0.4901 0.51944 0.00521 0.02037
3 0.4901 0.525 0.00521 0.02037
4 0.46146 0.54167 0.01458 0.02407
4 0.47396 0.50463 0.0125 0.02037
4 0.49792 0.48333 0.01042 0.01852
4 0.47656 0.45926 0.01146 0.01852
4 0.50677 0.47037 0.01562 0.01481
4 0.52031 0.49722 0.01979 0.02037
4 0.51615 0.47685 0.00937 0.01667
4 0.475 0.48519 0.01042 0.01852
1 0.48646 0.48056 0.00625 0.01296
7 0.48646 0.48426 0.00625 0.01667
0 0.49062 0.30833 0.07083 0.07963
0 0.54531 0.3537 0.00937 0.03333
0 0.54271 0.38796 0.01667 0.02407
0 0.56354 0.52037 0.01042 0.02222
1 0.55469 0.51852 0.00521 0.01852
0 0.5125 0.36852 0.00417 0.01111
0 0.51615 0.38241 0.00313 0.01296
0 0.51146 0.4 0.00417 0.01111
0 0.50104 0.41574 0.00417 0.01296
0 0.50469 0.35278 0.00521 0.00926
5 0.49635 0.37222 0.00729 0.01481
4 0.4901 0.40278 0.00729 0.01296
9 0.46198 0.35926 0.00937 0.02222
4 0.46927 0.425 0.00937 0.01667
1 0.31979 0.91574 0.01042 0.03519
1 0.28594 0.90833 0.00937 0.03519
5 0.32656 0.86111 0.03854 0.09259
4 0.36302 0.86296 0.03021 0.07407
4 0.39115 0.78148 0.02813 0.06296
10 0.31927 0.74537 0.01146 0.03148
4 0.28854 0.73889 0.0375 0.03704
5 0.33281 0.70185 0.02396 0.05185
4 0.3724 0.60278 0.01979 0.03519
2 0.35104 0.57037 0.00625 0.01852
10 0.35104 0.575 0.01667 0.01667
2 0.3849 0.65741 0.00729 0.01852
10 0.38594 0.66111 0.00937 0.02593
4 0.41771 0.6537 0.01875 0.04074
4 0.36146 0.53704 0.02708 0.02593
4 0.36146 0.51667 0.02708 0.02222
4 0.39323 0.54444 0.01562 0.02593
4 0.40469 0.51481 0.01354 0.02222
4 0.41042 0.49722 0.01458 0.02407
4 0.38802 0.46296 0.01979 0.01852
4 0.39115 0.45556 0.02187 0.01481
4 0.41667 0.47963 0.0125 0.01852
0 0.42917 0.47593 0.00417 0.01481
0 0.44167 0.47315 0.0125 0.02037
0 0.45469 0.46759 0.00521 0.01667
0 0.45729 0.43889 0.00625 0.01852
0 0.42656 0.46204 0.00313 0.01667
4 0.43073 0.44815 0.01146 0.02222
4 0.43594 0.43611 0.01146 0.01667
4 0.4401 0.4213 0.01146 0.02037
4 0.44479 0.41019 0.01042 0.01667
4 0.44844 0.40093 0.00937 0.01296
4 0.45417 0.39352 0.00833 0.01296
1 0.14062 0.925 0.01042 0.03519
0 0.1224 0.92315 0.01146 0.02778
1 0.1224 0.95741 0.01146 0.04074
