4 0.97969 0.7125 0.04063 0.06389
5 0.86771 0.63981 0.08646 0.09074
4 0.86875 0.61019 0.09167 0.05926
5 0.61667 0.94028 0.07187 0.11944
4 0.44766 0.9713 0.05885 0.05741
4 0.22396 0.9588 0.06979 0.08241
4 0.47161 0.69954 0.04115 0.09537
5 0.54427 0.64676 0.03854 0.08796
9 0.32396 0.56389 0.0875 0.20741
2 0.24948 0.59907 0.01146 0.03519
10 0.24896 0.61574 0.01458 0.04074
2 0.25521 0.54028 0.01146 0.03796
3 0.25547 0.56296 0.01198 0.03333
2 0.27526 0.53704 0.00885 0.02407
3 0.27734 0.5588 0.0099 0.0287
2 0.66354 0.57546 0.00833 0.0213
2 0.6625 0.56111 0.01042 0.02778
10 0.65938 0.57731 0.0125 0.03981
2 0.63099 0.45787 0.00781 0.025
8 0.625 0.46065 0.02708 0.05648
4 0.5901 0.46481 0.04688 0.0537
4 0.05885 0.3787 0.03958 0.03519
4 0.04583 0.34907 0.04063 0.03333
4 0.13516 0.31898 0.03073 0.03056
4 0.47839 0.48935 0.03281 0.04907
4 0.51016 0.37917 0.02344 0.04352
5 0.46641 0.38935 0.02344 0.04722
4 0.43698 0.42407 0.02292 0.04074
4 0.4 0.45278 0.02813 0.05185
4 0.36641 0.4125 0.02552 0.04537
4 0.40651 0.3713 0.02448 0.03889
4 0.48385 0.32685 0.02292 0.03148
9 0.48125 0.24907 0.03021 0.05741
2 0.49349 0.23241 0.00677 0.01667
4 0.4513 0.28009 0.01615 0.02685
4 0.42188 0.32685 0.01979 0.02778
4 0.38333 0.33472 0.02187 0.03056
4 0.41693 0.29352 0.01615 0.02778
4 0.39141 0.28843 0.01823 0.0287
4 0.41224 0.26944 0.01615 0.02593
4 0.41693 0.24213 0.01198 0.01944
4 0.3849 0.25324 0.01354 0.02315
4 0.38594 0.23472 0.01354 0.0213
6 0.40651 0.22083 0.01719 0.0287
4 0.37682 0.21713 0.01198 0.025
4 0.39323 0.2125 0.0125 0.01759
4 0.39245 0.20046 0.01198 0.01759
6 0.39427 0.19167 0.00937 0.01667
7 0.38828 0.17917 0.00677 0.01574
5 0.36797 0.18889 0.0099 0.02222
4 0.35156 0.20324 0.0125 0.0213
4 0.36094 0.17963 0.01146 0.01852
4 0.34609 0.1588 0.00885 0.01389
4 0.32266 0.13426 0.00885 0.01296
6 0.26562 0.20417 0.01979 0.03426
4 0.25599 0.23009 0.01406 0.01759
4 0.25885 0.24583 0.01667 0.0213
6 0.27526 0.19167 0.01302 0.01852
1 0.22578 0.18241 0.00469 0.02037
5 0.91458 0.24491 0.01562 0.02685
5 0.96589 0.31991 0.02448 0.03241
4 0.97604 0.33333 0.02604 0.03333
4 0.98776 0.35324 0.02448 0.03611
6 0.17005 0.40093 0.05885 0.05926
