2 0.2276 0.47222 0.00729 0.02222
2 0.22786 0.48472 0.0099 0.02685
10 0.22812 0.48565 0.01146 0.0287
3 0.21302 0.43009 0.00937 0.03056
2 0.21276 0.42037 0.00885 0.02778
4 0.25234 0.25833 0.01719 0.03519
5 0.23333 0.12315 0.01042 0.02037
8 0.20625 0.13843 0.00729 0.01944
4 0.21719 0.09352 0.00729 0.01481
4 0.18568 0.0963 0.01927 0.01481
4 0.18411 0.08611 0.0151 0.01111
4 0.46927 0.45093 0.05833 0.07407
1 0.20964 0.04352 0.0026 0.00926
4 0.21641 0.01343 0.00365 0.00648
4 0.21198 0.01991 0.00208 0.00648
10 0.21146 0.03241 0.00208 0.00556
10 0.21328 0.00972 0.00156 0.00463
2 0.21146 0.03102 0.00208 0.00648
2 0.21302 0.00833 0.00104 0.00556
4 0.02448 0.12963 0.01875 0.01852
4 0.04063 0.12685 0.01771 0.01852
4 0.03073 0.13981 0.03021 0.02037
