4 0.08802 0.23935 0.03854 0.03981
4 0.14062 0.17546 0.02813 0.0287
4 0.19062 0.60046 0.11354 0.09352
5 0.19687 0.66852 0.13437 0.07963
4 0.54896 0.65972 0.13125 0.09722
5 0.48854 0.59213 0.11875 0.13056
4 0.47865 0.52269 0.09583 0.06389
4 0.45339 0.47593 0.08594 0.06481
5 0.44089 0.42454 0.08281 0.05833
4 0.41432 0.3713 0.06615 0.05556
4 0.24245 0.38241 0.07031 0.05185
4 0.24714 0.33519 0.0651 0.0537
4 0.2474 0.30278 0.05729 0.04444
4 0.25312 0.28287 0.05729 0.03796
4 0.39635 0.33426 0.05729 0.04444
4 0.41094 0.29537 0.05 0.03704
1 0.46198 0.31481 0.00833 0.04074
1 0.47891 0.30833 0.00885 0.03889
1 0.41198 0.22824 0.00625 0.03056
1 0.39583 0.26574 0.04375 0.03519
1 0.38958 0.24861 0.04167 0.03241
1 0.38229 0.23333 0.04167 0.02778
1 0.37682 0.21852 0.04323 0.02593
4 0.2763 0.23009 0.04115 0.03241
4 0.27552 0.21713 0.04375 0.0287
4 0.27917 0.20093 0.04479 0.03333
1 0.65964 0.41111 0.00885 0.04815
1 0.64375 0.41667 0.01458 0.04815
2 0.62187 0.37222 0.0125 0.04074
2 0.63594 0.36852 0.0125 0.04259
4 0.18307 0.13102 0.02031 0.025
4 0.21563 0.10046 0.01458 0.01574
5 0.24167 0.07407 0.01042 0.01852
4 0.24141 0.0625 0.00885 0.01019
4 0.25365 0.05231 0.00729 0.01019
4 0.26432 0.04352 0.00677 0.00926
4 0.2763 0.04444 0.00677 0.00926
4 0.2737 0.03519 0.00573 0.00741
4 0.27734 0.03241 0.00573 0.00741
6 0.08281 0.02593 0.01146 0.00926
9 0.21563 0.01852 0.02083 0.01481
0 0.26589 0.02083 0.02552 0.01204
0 0.29766 0.02685 0.02969 0.01852
4 0.32708 0.02454 0.01042 0.00648
4 0.34375 0.025 0.01146 0.00741
4 0.42578 0.02546 0.01094 0.00648
4 0.55964 0.02778 0.0099 0.00741
4 0.62865 0.02917 0.01042 0.00648
4 0.6901 0.02917 0.00937 0.00833
