4 0.64375 0.68241 0.10625 0.05185
4 0.61771 0.63426 0.09896 0.07037
2 0.39896 0.52917 0.01146 0.03241
10 0.39792 0.54213 0.0125 0.04722
4 0.24922 0.53843 0.05469 0.10278
8 0.2388 0.47269 0.04219 0.04352
8 0.24271 0.45046 0.04688 0.04722
10 0.1151 0.5662 0.04271 0.03981
4 0.25417 0.41481 0.06875 0.05185
10 0.18307 0.33657 0.02344 0.02685
5 0.25859 0.35185 0.0526 0.06667
1 0.20391 0.3213 0.0099 0.03704
1 0.22396 0.31435 0.00937 0.03611
10 0.2099 0.27407 0.02083 0.02407
4 0.25729 0.25 0.05 0.0463
4 0.28099 0.21065 0.01823 0.04167
10 0.5112 0.34954 0.02656 0.0287
10 0.51224 0.33148 0.01302 0.02593
1 0.49036 0.30648 0.00469 0.02963
1 0.4888 0.29537 0.00677 0.02778
10 0.49062 0.3 0.01458 0.02778
7 0.48099 0.31296 0.02031 0.0537
1 0.44609 0.27778 0.00781 0.03519
1 0.43958 0.27685 0.00729 0.03148
1 0.4224 0.2412 0.00625 0.03056
10 0.47474 0.23519 0.01719 0.02037
1 0.47083 0.22731 0.00625 0.02685
1 0.4651 0.22778 0.00521 0.02778
10 0.47057 0.20602 0.0151 0.01574
10 0.46953 0.19907 0.01406 0.01667
10 0.44036 0.14167 0.01198 0.01667
10 0.43411 0.09954 0.00885 0.01574
3 0.4388 0.11389 0.01094 0.01296
4 0.40729 0.1588 0.01979 0.0287
4 0.4013 0.10509 0.0151 0.02685
4 0.26068 0.10046 0.01198 0.02315
4 0.27786 0.09815 0.01302 0.02407
1 0.28125 0.11852 0.00417 0.02222
4 0.29453 0.10509 0.01406 0.02315
4 0.38698 0.08009 0.01146 0.02315
4 0.38932 0.06389 0.01198 0.02222
1 0.37578 0.07593 0.00573 0.02037
1 0.41224 0.05509 0.00469 0.01759
4 0.40156 0.0287 0.01042 0.01667
4 0.39297 0.01389 0.0099 0.01481
1 0.39427 0.00463 0.00208 0.00926
1 0.38932 0.00602 0.0026 0.01204
4 0.38359 0.02361 0.00885 0.01574
4 0.35677 0.01204 0.00937 0.01481
4 0.30833 0.05648 0.02708 0.02037
4 0.27917 0.06343 0.025 0.0213
3 0.26901 0.07824 0.00573 0.01574
8 0.26432 0.06713 0.00781 0.02315
5 0.3125 0.03148 0.01771 0.02037
6 0.31328 0.01111 0.02031 0.01852
4 0.31875 0.00602 0.01667 0.01204
1 0.33177 0.00463 0.00313 0.00926
2 0.34427 0.00509 0.00313 0.01019
3 0.34427 0.01019 0.00208 0.00926
