0 0.38438 0.5037 0.09688 0.05556
0 0.30964 0.5412 0.04427 0.04907
0 0.50703 0.57315 0.03906 0.04815
4 0.43542 0.68704 0.06667 0.10741
4 0.3125 0.83657 0.10938 0.17315
4 0.33984 0.7088 0.06823 0.10648
4 0.32344 0.65648 0.05 0.08519
4 0.3362 0.60648 0.04219 0.06852
4 0.27604 0.5875 0.07708 0.05463
1 0.1513 0.67361 0.01615 0.09352
2 0.62292 0.79769 0.0375 0.13796
3 0.62135 0.84028 0.04063 0.11944
3 0.55599 0.68657 0.02135 0.06574
1 0.53906 0.62361 0.01562 0.06944
1 0.53021 0.61065 0.01042 0.06019
1 0.27708 0.59676 0.01562 0.05648
3 0.27734 0.60787 0.03281 0.03796
3 0.25677 0.6213 0.0125 0.03704
3 0.45807 0.59259 0.01302 0.03333
1 0.45807 0.57824 0.01198 0.03981
3 0.46979 0.58102 0.02187 0.025
1 0.46771 0.57361 0.01354 0.04167
4 0.39974 0.60833 0.04323 0.06296
4 0.37031 0.56574 0.02813 0.03519
5 0.40469 0.55093 0.02187 0.03889
4 0.36016 0.54954 0.01927 0.025
