10 0.03932 0.56111 0.03281 0.03148
10 0.05573 0.51389 0.03021 0.02778
10 0.07812 0.3787 0.02917 0.03519
10 0.06172 0.34259 0.02865 0.02778
10 0.04323 0.32685 0.02292 0.01852
10 0.03932 0.30139 0.0224 0.0287
1 0.14896 0.4625 0.0125 0.03796
1 0.1513 0.41343 0.01094 0.0287
1 0.17344 0.36852 0.01146 0.03889
1 0.16302 0.36991 0.01042 0.03796
4 0.02083 0.11157 0.04167 0.04352
4 0.0099 0.02176 0.01979 0.03981
4 0.06484 0.02454 0.04948 0.03981
2 0.23906 0.14537 0.00729 0.02593
3 0.23984 0.15463 0.02135 0.02037
2 0.23177 0.01667 0.01042 0.02037
7 0.23438 0.02037 0.01979 0.04074
4 0.2849 0.67731 0.03438 0.06204
4 0.2763 0.51157 0.03073 0.11204
4 0.29115 0.30231 0.02813 0.08241
5 0.32917 0.4338 0.03229 0.10833
10 0.49401 0.67731 0.02865 0.03981
1 0.44219 0.57269 0.0125 0.03611
10 0.50625 0.51389 0.02813 0.02963
10 0.46667 0.47639 0.02813 0.0287
10 0.45339 0.4338 0.0224 0.025
10 0.49271 0.43796 0.02187 0.03148
10 0.53307 0.44954 0.02448 0.03611
10 0.51146 0.38611 0.02604 0.03889
10 0.47005 0.35 0.02448 0.02778
10 0.46224 0.33935 0.02552 0.025
3 0.46016 0.30231 0.02135 0.02315
10 0.54818 0.65046 0.02031 0.01944
10 0.56771 0.64861 0.01354 0.04537
3 0.53542 0.41944 0.02292 0.03519
3 0.5349 0.40417 0.01771 0.03611
3 0.57917 0.38935 0.02187 0.03056
10 0.58359 0.38194 0.02135 0.03056
10 0.55964 0.35602 0.01927 0.0287
1 0.46719 0.39722 0.01042 0.03704
1 0.42839 0.3838 0.01198 0.03056
1 0.42943 0.18148 0.0099 0.03148
1 0.41849 0.08148 0.0099 0.03148
1 0.34245 0.11435 0.00885 0.03241
1 0.40339 0.16574 0.00781 0.03148
1 0.42344 0.33657 0.00833 0.03056
1 0.4974 0.34954 0.0125 0.03611
1 0.52318 0.33796 0.00885 0.03148
1 0.60755 0.28333 0.01198 0.03148
1 0.51745 0.3287 0.01302 0.02963
1 0.48828 0.34306 0.0099 0.03426
1 0.49245 0.33935 0.0099 0.03426
1 0.50078 0.33611 0.0099 0.03148
1 0.59323 0.11667 0.01354 0.03148
1 0.59375 0.19815 0.0125 0.03148
10 0.55443 0.31111 0.0099 0.04259
10 0.56302 0.34213 0.02083 0.02315
10 0.57448 0.32824 0.02604 0.03056
10 0.56693 0.34537 0.0224 0.03333
1 0.59115 0.35046 0.01354 0.03241
10 0.61589 0.34583 0.01406 0.03611
10 0.58828 0.22778 0.01302 0.03704
10 0.61328 0.23102 0.01302 0.03611
10 0.60026 0.23009 0.01302 0.03611
1 0.44479 0.2537 0.00833 0.02778
1 0.46927 0.28519 0.00729 0.02963
1 0.46536 0.27731 0.0099 0.03056
2 0.45182 0.25972 0.00781 0.01944
2 0.44766 0.24306 0.00781 0.02685
2 0.37161 0.14213 0.00885 0.02685
10 0.37109 0.14722 0.00781 0.02778
2 0.39401 0.17315 0.00885 0.03148
10 0.39453 0.18426 0.00573 0.02222
2 0.44974 0.11944 0.01094 0.02778
10 0.45026 0.12593 0.0099 0.02593
2 0.41328 0.15185 0.00781 0.02037
2 0.41302 0.14398 0.00833 0.025
10 0.41198 0.15 0.00937 0.02778
1 0.44557 0.06574 0.00677 0.02593
1 0.42786 0.05278 0.00677 0.02593
1 0.43438 0.0537 0.00729 0.02593
1 0.4401 0.04537 0.00729 0.02593
4 0.46146 0.01296 0.04167 0.02593
2 0.32995 0.1088 0.00781 0.02315
10 0.32839 0.1213 0.00677 0.02407
2 0.35078 0.02407 0.00781 0.02037
10 0.35 0.03565 0.00625 0.0213
1 0.45286 0.04167 0.00469 0.02222
2 0.45078 0.03056 0.00781 0.01296
3 0.45339 0.04259 0.0151 0.01111
3 0.45052 0.03519 0.01562 0.01296
1 0.49089 0.01157 0.00781 0.02315
1 0.49922 0.01157 0.00781 0.02315
4 0.66302 0.23009 0.04375 0.04537
4 0.66693 0.16806 0.05469 0.04167
4 0.68932 0.125 0.03802 0.04074
4 0.68464 0.0625 0.04531 0.03981
10 0.51562 0.2463 0.01458 0.03704
7 0.33099 0.2287 0.01927 0.05741
2 0.33021 0.2125 0.01146 0.01759
