9 0.2349 0.63889 0.06667 0.13889
4 0.35417 0.65833 0.03438 0.0963
4 0.35104 0.55231 0.02813 0.07685
4 0.38958 0.48009 0.02396 0.06019
4 0.34453 0.46574 0.02656 0.06481
4 0.31536 0.42407 0.02448 0.05556
5 0.31979 0.36019 0.02292 0.04815
4 0.34844 0.39676 0.02396 0.05463
4 0.375 0.38056 0.02292 0.05185
4 0.34349 0.32593 0.02344 0.04259
4 0.36641 0.30787 0.02031 0.03981
9 0.36667 0.24259 0.02396 0.08148
6 0.32786 0.23194 0.02969 0.1213
4 0.26042 0.24537 0.01875 0.03704
4 0.27135 0.19907 0.01875 0.03148
1 0.28229 0.19907 0.00521 0.02222
4 0.30469 0.17963 0.0125 0.02778
4 0.27266 0.11944 0.01302 0.01852
4 0.31797 0.11898 0.01094 0.02315
4 0.29922 0.08287 0.01094 0.02315
4 0.35677 0.1338 0.01146 0.025
4 0.37656 0.16713 0.02083 0.02685
4 0.37734 0.13056 0.02344 0.01852
4 0.38177 0.11667 0.025 0.01852
11 0.34193 0.1088 0.01615 0.04722
4 0.32109 0.1037 0.01094 0.02037
4 0.31979 0.09167 0.01042 0.01852
4 0.31146 0.08519 0.00937 0.01852
4 0.32578 0.07917 0.0099 0.01944
4 0.31745 0.06806 0.00885 0.01759
4 0.34818 0.07731 0.01406 0.01759
4 0.37474 0.08796 0.0099 0.01852
4 0.36615 0.07639 0.00833 0.01574
4 0.37344 0.06944 0.00937 0.01667
4 0.39687 0.10556 0.02083 0.01481
4 0.39714 0.09769 0.02031 0.01574
4 0.39974 0.08102 0.02135 0.01574
4 0.40156 0.07639 0.02083 0.01574
4 0.39635 0.0662 0.01771 0.01574
5 0.39557 0.05694 0.02031 0.01759
4 0.42552 0.04861 0.01875 0.01574
4 0.59219 0.27315 0.02917 0.04074
4 0.55286 0.20417 0.02448 0.03241
4 0.58724 0.17315 0.02656 0.03148
4 0.62344 0.23935 0.02813 0.03426
4 0.61016 0.20972 0.0276 0.03241
4 0.62734 0.20972 0.0276 0.02685
4 0.63958 0.23611 0.03021 0.03333
4 0.64661 0.21065 0.02969 0.025
4 0.66302 0.21019 0.03021 0.02593
4 0.68073 0.20694 0.02604 0.03241
4 0.68281 0.24028 0.03021 0.03611
4 0.69427 0.23704 0.02813 0.03333
4 0.69635 0.3463 0.02396 0.05556
4 0.62708 0.16898 0.02396 0.03056
4 0.68021 0.10509 0.01562 0.01944
4 0.66979 0.10463 0.01667 0.02222
4 0.65078 0.10602 0.01719 0.01944
4 0.63776 0.10694 0.01719 0.01759
4 0.62552 0.10741 0.01458 0.01667
4 0.61432 0.10694 0.01719 0.0213
4 0.6013 0.10787 0.01823 0.01944
4 0.57969 0.10787 0.01771 0.02315
4 0.56615 0.11019 0.01771 0.02037
4 0.55469 0.11019 0.01875 0.02037
4 0.54089 0.11065 0.01719 0.01944
4 0.52865 0.11157 0.01771 0.01944
4 0.51875 0.11065 0.0125 0.01944
6 0.55521 0.07778 0.01667 0.03333
1 0.12031 0.45972 0.00937 0.03056
2 0.29792 0.12963 0.00417 0.01852
3 0.29766 0.13241 0.00365 0.01667
4 0.13151 0.0412 0.01094 0.01389
11 0.03646 0.03472 0.03229 0.0287
4 0.32552 0.04815 0.00833 0.01481
4 0.36536 0.03611 0.00677 0.01111
4 0.39271 0.05 0.01875 0.01296
4 0.39115 0.04167 0.01875 0.01296
4 0.38932 0.03519 0.01615 0.01111
4 0.34948 0.02963 0.00729 0.01111
4 0.3388 0.03194 0.00781 0.01204
4 0.325 0.02593 0.00729 0.01481
4 0.34193 0.01111 0.00677 0.01111
4 0.3638 0.01343 0.00677 0.01019
5 0.35495 0.01343 0.0099 0.01389
4 0.3862 0.02639 0.0151 0.01019
4 0.38542 0.02361 0.01458 0.01204
4 0.41276 0.01435 0.0151 0.01019
4 0.37969 0.01204 0.01458 0.01111
4 0.38073 0.01481 0.01354 0.00926
5 0.37943 0.00833 0.0151 0.01296
5 0.40625 0.0037 0.01354 0.00741
1 0.50859 0.13241 0.00365 0.01481
1 0.50911 0.12731 0.00365 0.01389
2 0.33932 0.04861 0.00365 0.01019
10 0.33906 0.05139 0.00417 0.01204
2 0.35677 0.05648 0.00313 0.00926
10 0.35677 0.05926 0.00313 0.01111
2 0.30833 0.07315 0.00417 0.01111
