4 0.5224 0.91944 0.06771 0.16111
4 0.68672 0.92593 0.0724 0.14815
4 0.79844 0.95278 0.07396 0.09444
4 0.74922 0.80648 0.08073 0.15926
4 0.69557 0.64352 0.0651 0.12037
4 0.61094 0.65741 0.06458 0.14259
4 0.54922 0.69491 0.05781 0.14352
4 0.48203 0.69537 0.05781 0.14444
4 0.44427 0.53009 0.05104 0.1213
4 0.23464 0.43796 0.05156 0.12593
4 0.21094 0.16435 0.03854 0.09352
4 0.56797 0.48102 0.05469 0.11574
10 0.11823 0.60741 0.02396 0.05556
0 0.04531 0.11898 0.08021 0.17315
4 0.1026 0.07037 0.03125 0.07037
4 0.10833 0.0162 0.03021 0.03241
4 0.41615 0.40324 0.05312 0.11019
4 0.62448 0.45 0.06667 0.10185
4 0.7026 0.40278 0.07708 0.07222
3 0.73594 0.56157 0.01562 0.05278
3 0.73385 0.53009 0.01771 0.04907
3 0.71901 0.50093 0.02656 0.03519
4 0.61641 0.91528 0.06615 0.16574
3 0.83099 0.78287 0.03073 0.05648
4 0.94818 0.83565 0.07448 0.08241
4 0.92161 0.7463 0.07865 0.08704
4 0.8737 0.675 0.07552 0.06852
4 0.85599 0.60648 0.07552 0.06852
4 0.94167 0.46852 0.0625 0.09259
4 0.99036 0.47176 0.01927 0.04907
4 0.97083 0.41019 0.05833 0.08148
5 0.95286 0.33519 0.06719 0.07037
5 0.90807 0.24583 0.06615 0.06759
4 0.92161 0.18009 0.05365 0.0713
4 0.875 0.09583 0.04688 0.06019
4 0.83229 0.03241 0.04167 0.06481
4 0.86927 0.19398 0.07292 0.06759
4 0.56667 0.21667 0.04063 0.07222
4 0.38411 0.2713 0.04427 0.09074
4 0.36068 0.18889 0.03906 0.07778
4 0.33776 0.09444 0.03281 0.06481
4 0.36693 0.0375 0.0276 0.05278
4 0.38932 0.13148 0.03906 0.07407
4 0.4513 0.22824 0.03906 0.08426
4 0.42083 0.09907 0.03333 0.06667
4 0.49036 0.20556 0.03698 0.07778
4 0.70755 0.24491 0.07135 0.05833
4 0.68411 0.2 0.06198 0.04444
4 0.67266 0.15972 0.0651 0.04722
4 0.84427 0.15833 0.06667 0.06296
4 0.82969 0.12917 0.0625 0.05093
4 0.81536 0.09398 0.06094 0.05833
4 0.79922 0.07315 0.05885 0.0537
4 0.64557 0.09815 0.0651 0.04815
4 0.61953 0.06435 0.0599 0.04907
4 0.60521 0.02778 0.05729 0.04074
5 0.72813 0.05046 0.05729 0.0787
4 0.77708 0.04167 0.05521 0.05
4 0.76302 0.01944 0.05521 0.03704
9 0.48411 0.4088 0.11198 0.30278
6 0.525 0.325 0.06667 0.1463
4 0.53958 0.13843 0.04167 0.08056
1 0.58073 0.125 0.0125 0.04259
2 0.5026 0.10602 0.01146 0.03056
2 0.50417 0.1162 0.00833 0.0213
10 0.49974 0.11389 0.01615 0.03704
5 0.46615 0.07407 0.04583 0.09074
4 0.50286 0.01898 0.03802 0.03611
4 0.40365 0.02361 0.03229 0.04537
4 0.32656 0.02639 0.03229 0.05278
