4 0.27578 0.26528 0.0276 0.06944
4 0.33411 0.31528 0.03802 0.0787
5 0.3763 0.27315 0.03698 0.05926
7 0.40104 0.26389 0.02396 0.04444
4 0.33047 0.11713 0.01927 0.0287
4 0.3651 0.10046 0.02396 0.03056
4 0.37734 0.06157 0.0224 0.03056
7 0.39271 0.05278 0.01875 0.02037
11 0.32031 0.0838 0.01458 0.03426
4 0.10286 0.13889 0.01927 0.03704
6 0.0987 0.10602 0.01198 0.03056
2 0.09323 0.0662 0.00729 0.01574
2 0.09036 0.0713 0.00885 0.01481
7 0.12552 0.08241 0.0125 0.02963
1 0.14948 0.09491 0.00729 0.01944
7 0.10417 0.04306 0.00729 0.01944
2 0.20521 0.23241 0.00729 0.01852
2 0.37083 0.0625 0.00729 0.02315
3 0.20547 0.24074 0.00677 0.02222
1 0.49661 0.09907 0.00677 0.02222
