9 0.55807 0.84537 0.09323 0.30926
4 0.43359 0.9338 0.06094 0.13241
5 0.44036 0.7838 0.04635 0.11574
4 0.18177 0.82963 0.08021 0.13519
4 0.29505 0.50648 0.0401 0.0537
4 0.3651 0.46111 0.05104 0.04444
4 0.38724 0.42917 0.04948 0.04352
6 0.52604 0.51065 0.07604 0.06204
6 0.93125 0.57824 0.11042 0.08611
4 0.77448 0.5963 0.075 0.07037
4 0.66406 0.51435 0.06458 0.04907
8 0.62109 0.47315 0.03073 0.04259
4 0.52396 0.46713 0.05625 0.04907
4 0.43333 0.37917 0.02708 0.03241
4 0.21771 0.43287 0.04896 0.04537
4 0.23828 0.41713 0.04115 0.04907
4 0.25052 0.40139 0.0375 0.03056
4 0.12839 0.33194 0.02865 0.0287
4 0.07109 0.33565 0.01719 0.03241
1 0.68646 0.89722 0.01354 0.06852
2 0.69688 0.90833 0.01458 0.03704
10 0.69688 0.90787 0.01458 0.0713
1 0.46693 0.4162 0.00677 0.02315
10 0.46615 0.42407 0.01667 0.02222
1 0.48464 0.41111 0.00885 0.02778
1 0.4901 0.41574 0.00833 0.02037
10 0.48594 0.41852 0.01667 0.02037
1 0.31823 0.34398 0.00729 0.0213
1 0.31016 0.34259 0.00573 0.02593
3 0.30911 0.34907 0.00677 0.02037
1 0.31771 0.29861 0.00521 0.01574
10 0.31745 0.30463 0.00677 0.01667
3 0.31797 0.34954 0.00677 0.01944
4 0.42031 0.25417 0.01458 0.01759
4 0.38906 0.3213 0.01771 0.03148
6 0.36042 0.31806 0.01875 0.03426
4 0.39479 0.30648 0.01458 0.02407
4 0.38281 0.29444 0.01354 0.02222
4 0.3862 0.28102 0.01406 0.02315
4 0.37682 0.26898 0.01302 0.01944
4 0.37266 0.25787 0.01198 0.01759
4 0.36667 0.24954 0.01042 0.01944
4 0.37422 0.24259 0.01198 0.01667
6 0.3625 0.2287 0.01562 0.02222
4 0.34479 0.21713 0.01146 0.01389
4 0.33958 0.22963 0.01042 0.01852
4 0.34271 0.24074 0.01146 0.01667
9 0.35599 0.27315 0.0224 0.05556
4 0.3526 0.24722 0.01146 0.01667
7 0.38255 0.19213 0.00469 0.01574
1 0.38255 0.19167 0.00365 0.01111
1 0.41953 0.20556 0.0026 0.01481
1 0.18047 0.35 0.00573 0.02037
10 0.18255 0.35694 0.01406 0.01944
0 0.11536 0.23657 0.04635 0.05093
5 0.2974 0.16204 0.00729 0.01296
4 0.30703 0.18796 0.01094 0.01481
5 0.83307 0.25787 0.01406 0.025
4 0.87109 0.31528 0.02031 0.02685
4 0.87734 0.32639 0.0224 0.02685
4 0.88906 0.34259 0.025 0.02963
0 0.2401 0.22963 0.02187 0.03519
