5 0.44036 0.94491 0.05365 0.11019
1 0.64792 0.70093 0.0125 0.06296
10 0.55807 0.65787 0.01406 0.04722
2 0.55911 0.64861 0.01302 0.03426
4 0.16953 0.75509 0.06094 0.10648
4 0.26693 0.55278 0.03802 0.05556
6 0.25208 0.5 0.03542 0.05
4 0.43776 0.41991 0.02135 0.03426
4 0.32031 0.45185 0.02708 0.04444
4 0.28047 0.43796 0.02865 0.0463
7 0.26745 0.4037 0.0151 0.02963
2 0.2651 0.40139 0.00937 0.025
4 0.32474 0.35972 0.0224 0.03241
5 0.3724 0.3838 0.02083 0.04537
4 0.41927 0.35833 0.01771 0.02963
5 0.39844 0.30694 0.01562 0.03056
4 0.35859 0.26528 0.01406 0.0213
5 0.375 0.26481 0.0125 0.02407
4 0.39974 0.26852 0.01302 0.02222
4 0.40313 0.24167 0.01146 0.01667
4 0.39661 0.22963 0.0099 0.01667
3 0.38333 0.22037 0.00417 0.01111
2 0.38307 0.21759 0.0026 0.01111
4 0.40885 0.20602 0.00937 0.01389
5 0.41745 0.21296 0.00885 0.01852
4 0.42344 0.1963 0.00833 0.01296
4 0.44193 0.23981 0.01094 0.01667
4 0.44557 0.22731 0.0099 0.01574
4 0.44583 0.2213 0.00937 0.01111
4 0.44766 0.21574 0.00885 0.01296
4 0.47474 0.22546 0.00885 0.01574
4 0.45 0.20926 0.00937 0.01296
4 0.45052 0.20463 0.00937 0.01111
4 0.45182 0.19676 0.00781 0.01204
0 0.46406 0.14861 0.07083 0.09167
0 0.20339 0.14306 0.11927 0.04537
0 0.6737 0.21806 0.04948 0.03981
