0 0.24974 0.07269 0.02865 0.0287
4 0.24583 0.09167 0.00313 0.00556
4 0.24479 0.09583 0.00313 0.00648
5 0.24036 0.0912 0.00365 0.00648
4 0.24219 0.09676 0.00313 0.00648
4 0.23776 0.09907 0.00365 0.00741
2 0.23255 0.09907 0.00156 0.0037
10 0.23255 0.10093 0.00156 0.0037
2 0.23542 0.10046 0.00208 0.00463
10 0.23542 0.1037 0.00208 0.00556
10 0.23099 0.10417 0.00156 0.00463
10 0.05469 0.43009 0.02604 0.03056
10 0.06354 0.41435 0.01667 0.025
3 0.07005 0.40741 0.01927 0.02778
3 0.0737 0.4 0.01719 0.03333
10 0.07917 0.38704 0.01875 0.02593
2 0.12344 0.37037 0.00729 0.02778
10 0.12448 0.38102 0.00833 0.0287
10 0.12396 0.29676 0.0125 0.02315
10 0.12552 0.28935 0.0125 0.0213
10 0.12917 0.28333 0.01875 0.02037
10 0.14297 0.26204 0.01198 0.02037
10 0.15 0.24954 0.01042 0.01389
10 0.1513 0.24491 0.0099 0.01204
2 0.1737 0.21667 0.00469 0.01481
10 0.17422 0.22083 0.00885 0.01574
2 0.19479 0.21806 0.00417 0.01019
10 0.19479 0.22407 0.00521 0.01481
4 0.21823 0.21898 0.01354 0.025
2 0.20729 0.17546 0.00313 0.01204
10 0.20651 0.18009 0.00365 0.01019
1 0.23958 0.12685 0.00208 0.00926
2 0.24167 0.12963 0.00208 0.00741
10 0.24297 0.13241 0.00469 0.00556
2 0.23099 0.11481 0.00156 0.00556
10 0.23073 0.11852 0.00208 0.00556
2 0.22969 0.12407 0.00208 0.00556
7 0.22995 0.12685 0.00365 0.00741
2 0.21979 0.13241 0.00208 0.00556
10 0.22005 0.13657 0.0026 0.00463
2 0.22448 0.12917 0.00208 0.00463
2 0.22292 0.12824 0.00208 0.00833
10 0.22292 0.13102 0.00417 0.00463
1 0.22682 0.10833 0.00156 0.00556
1 0.21484 0.12546 0.0026 0.00833
2 0.22422 0.12083 0.00156 0.00463
10 0.22422 0.12361 0.00156 0.00463
1 0.22396 0.11481 0.00208 0.00741
1 0.22839 0.1088 0.00156 0.00648
5 0.25443 0.14306 0.00885 0.01944
2 0.25625 0.17361 0.00313 0.01019
10 0.25599 0.17824 0.0026 0.01019
2 0.26693 0.18981 0.0026 0.00926
10 0.26667 0.19306 0.00208 0.01019
2 0.27031 0.18056 0.00313 0.01111
10 0.27031 0.18611 0.00208 0.00926
2 0.275 0.18241 0.00208 0.00926
10 0.27474 0.1875 0.00156 0.00833
1 0.27995 0.18426 0.00365 0.01481
5 0.29922 0.19306 0.02448 0.025
0 0.2625 0.09491 0.0125 0.01389
2 0.26745 0.10556 0.00156 0.00556
10 0.26745 0.10787 0.00156 0.00648
2 0.26615 0.1162 0.00208 0.00648
10 0.26589 0.11944 0.00156 0.00556
2 0.27161 0.11713 0.00156 0.00648
10 0.27161 0.11944 0.00156 0.00741
2 0.2763 0.15602 0.0026 0.00833
10 0.27656 0.16065 0.00208 0.00833
4 0.27422 0.15139 0.00885 0.01204
2 0.27552 0.1338 0.00208 0.00648
10 0.2763 0.1375 0.00156 0.00648
2 0.2724 0.1375 0.00208 0.00648
10 0.2724 0.1412 0.00313 0.00648
2 0.26719 0.12963 0.00104 0.00556
10 0.26745 0.13333 0.0026 0.00741
8 0.27266 0.12685 0.00573 0.00926
1 0.36042 0.31806 0.00729 0.03611
0 0.17708 0.19583 0.01667 0.0213
0 0.17969 0.18102 0.00625 0.01204
