4,0.24322916666666666,0.1388888888888889,0.00625,0.012962962962962963
4,0.2390625,0.15787037037037038,0.007291666666666667,0.013888888888888888
4,0.25,0.21712962962962962,0.013541666666666667,0.023148148148148147
2,0.20104166666666667,0.23333333333333334,0.004166666666666667,0.012962962962962963
10,0.20130208333333333,0.24259259259259258,0.0046875,0.009259259259259259
8,0.21536458333333333,0.22685185185185186,0.008854166666666666,0.027777777777777776
2,0.2630208333333333,0.25462962962962965,0.004166666666666667,0.012962962962962963
10,0.26328125,0.26296296296296295,0.0046875,0.011111111111111112
7,0.2713541666666667,0.27824074074074073,0.009375,0.025
4,0.24895833333333334,0.28703703703703703,0.0125,0.027777777777777776
2,0.22005208333333334,0.275,0.005729166666666666,0.012962962962962963
10,0.2203125,0.28379629629629627,0.005208333333333333,0.017592592592592594
2,0.21276041666666667,0.27361111111111114,0.0078125,0.01574074074074074
10,0.21171875,0.2814814814814815,0.005729166666666666,0.018518518518518517
2,0.16458333333333333,0.3592592592592593,0.009375,0.020370370370370372
10,0.16302083333333334,0.37592592592592594,0.009375,0.022222222222222223
8,0.21770833333333334,0.38055555555555554,0.013541666666666667,0.05925925925925926
2,0.29401041666666666,0.4,0.0078125,0.022222222222222223
10,0.29322916666666665,0.40879629629629627,0.008333333333333333,0.030555555555555555
2,0.2638020833333333,0.31342592592592594,0.0078125,0.017592592592592594
10,0.2638020833333333,0.324537037037037,0.005729166666666666,0.017592592592592594
2,0.27838541666666666,0.4708333333333333,0.008854166666666666,0.030555555555555555
10,0.27734375,0.4824074074074074,0.009895833333333333,0.03333333333333333
10,0.43125,0.4699074074074074,0.023958333333333335,0.026851851851851852
10,0.38125,0.4912037037037037,0.027083333333333334,0.017592592592592594
10,0.3734375,0.4777777777777778,0.022916666666666665,0.024074074074074074
10,0.42864583333333334,0.45740740740740743,0.022916666666666665,0.022222222222222223
