0 0.425 0.06209 0.13088 0.05882
0 0.33603 0.10784 0.02941 0.04052
0 0.23713 0.16863 0.03015 0.02353
4 0.27169 0.14641 0.01103 0.01569
4 0.28346 0.18366 0.01544 0.01699
4 0.1636 0.21111 0.03603 0.01961
7 0.99081 0.31242 0.01838 0.03137
10 0.91324 0.72941 0.03676 0.0549
2 0.91544 0.7183 0.02206 0.05098
4 0.71176 0.64771 0.08529 0.07451
7 0.58493 0.37059 0.02721 0.04575
2 0.57757 0.36863 0.00956 0.02614
4 0.37206 0.10523 0.00588 0.00915
6 0.38346 0.1098 0.00956 0.02876
8 0.39118 0.12418 0.00441 0.01307
4 0.3739 0.15229 0.00956 0.01438
5 0.39669 0.14837 0.01397 0.02484
4 0.40221 0.17712 0.01176 0.01699
4 0.45919 0.24967 0.01985 0.02092
1 0.47721 0.22549 0.00588 0.01438
6 0.49191 0.10588 0.02941 0.0183
4 0.7114 0.25425 0.02426 0.02745
5 0.59816 0.27582 0.03015 0.02614
6 0.57132 0.1268 0.03676 0.02353
6 0.50809 0.1366 0.03824 0.02484
7 0.6364 0.30261 0.03015 0.02484
7 0.65368 0.29935 0.02794 0.02614
7 0.62243 0.28758 0.02279 0.02092
7 0.63713 0.28431 0.02132 0.02222
