6,0.08802083333333334,0.3731481481481482,0.028125,0.09074074074074075
5,0.2838541666666667,0.6236111111111111,0.03333333333333333,0.12129629629629629
7,0.31536458333333334,0.3074074074074074,0.0109375,0.03518518518518519
2,0.3140625,0.3050925925925926,0.007291666666666667,0.017592592592592594
4,0.35546875,0.45,0.021354166666666667,0.05740740740740741
9,0.4276041666666667,0.6388888888888888,0.06354166666666666,0.1388888888888889
2,0.37994791666666666,0.674074074074074,0.009895833333333333,0.027777777777777776
10,0.3796875,0.6791666666666667,0.013541666666666667,0.04351851851851852
9,0.4049479166666667,0.48842592592592593,0.043229166666666666,0.16944444444444445
4,0.39036458333333335,0.4009259259259259,0.03697916666666667,0.037037037037037035
5,0.41744791666666664,0.37824074074074077,0.018229166666666668,0.04351851851851852
4,0.41067708333333336,0.32083333333333336,0.018229166666666668,0.03981481481481482
4,0.35911458333333335,0.35694444444444445,0.019270833333333334,0.04351851851851852
4,0.35911458333333335,0.27314814814814814,0.015104166666666667,0.03148148148148148
4,0.3963541666666667,0.22083333333333333,0.014583333333333334,0.030555555555555555
4,0.38984375,0.17777777777777778,0.013020833333333334,0.025925925925925925
5,0.36666666666666664,0.1884259259259259,0.0125,0.030555555555555555
4,0.3341145833333333,0.24768518518518517,0.0140625,0.03425925925925926
4,0.31875,0.2111111111111111,0.015625,0.03518518518518519
5,0.2703125,0.16620370370370371,0.014583333333333334,0.026851851851851852
1,0.29661458333333335,0.12638888888888888,0.0036458333333333334,0.023148148148148147
1,0.30130208333333336,0.125,0.0046875,0.024074074074074074
4,0.31197916666666664,0.14814814814814814,0.014583333333333334,0.027777777777777776
9,0.3888020833333333,0.13425925925925927,0.0171875,0.05740740740740741
5,0.36171875,0.12777777777777777,0.011979166666666667,0.02962962962962963
4,0.3171875,0.10277777777777777,0.011458333333333333,0.024074074074074074
4,0.36302083333333335,0.09675925925925925,0.009375,0.019444444444444445
4,0.3111979166666667,0.040740740740740744,0.008854166666666666,0.014814814814814815
1,0.32786458333333335,0.05648148148148148,0.0026041666666666665,0.012962962962962963
1,0.32890625,0.05324074074074074,0.0026041666666666665,0.012037037037037037
4,0.3390625,0.060648148148148145,0.010416666666666666,0.019444444444444445
4,0.36432291666666666,0.06157407407407407,0.009895833333333333,0.019444444444444445
1,0.334375,0.018055555555555554,0.0020833333333333333,0.012037037037037037
4,0.35078125,0.04398148148148148,0.009895833333333333,0.017592592592592594
9,0.34479166666666666,0.0060185185185185185,0.0125,0.012037037037037037
4,0.3515625,0.027777777777777776,0.009375,0.014814814814814815
5,0.3723958333333333,0.03564814814814815,0.008333333333333333,0.019444444444444445
4,0.36380208333333336,0.01990740740740741,0.0078125,0.013888888888888888
4,0.3854166666666667,0.004166666666666667,0.009375,0.008333333333333333
4,0.39114583333333336,0.011574074074074073,0.008333333333333333,0.013888888888888888
4,0.41171875,0.0060185185185185185,0.018229166666666668,0.012037037037037037
4,0.41015625,0.020370370370370372,0.016145833333333335,0.011111111111111112
4,0.41067708333333336,0.028703703703703703,0.018229166666666668,0.011111111111111112
4,0.4591145833333333,0.0587962962962963,0.0234375,0.01574074074074074
6,0.403125,0.04351851851851852,0.027083333333333334,0.025925925925925925
4,0.5075520833333333,0.03194444444444444,0.008854166666666666,0.013888888888888888
4,0.5169270833333334,0.031018518518518518,0.0109375,0.013888888888888888
4,0.5265625,0.030555555555555555,0.011458333333333333,0.016666666666666666
4,0.5361979166666667,0.02962962962962963,0.011979166666666667,0.018518518518518517
5,0.5419270833333333,0.009722222222222222,0.009895833333333333,0.01574074074074074
4,0.546875,0.03148148148148148,0.010416666666666666,0.014814814814814815
4,0.5572916666666666,0.030555555555555555,0.013541666666666667,0.020370370370370372
4,0.575,0.02824074074074074,0.013541666666666667,0.01574074074074074
4,0.5854166666666667,0.02824074074074074,0.011458333333333333,0.019444444444444445
4,0.5955729166666667,0.02962962962962963,0.0109375,0.014814814814814815
4,0.6049479166666667,0.028703703703703703,0.011979166666666667,0.014814814814814815
4,0.6158854166666666,0.029166666666666667,0.011979166666666667,0.013888888888888888
4,0.59921875,0.05462962962962963,0.019270833333333334,0.016666666666666666
4,0.5135416666666667,0.044444444444444446,0.019791666666666666,0.014814814814814815
1,0.5052083333333334,0.07037037037037037,0.003125,0.014814814814814815
4,0.5153645833333333,0.08518518518518518,0.011979166666666667,0.020370370370370372
4,0.5875,0.08009259259259259,0.014583333333333334,0.019444444444444445
4,0.57734375,0.07962962962962963,0.013020833333333334,0.020370370370370372
4,0.5544270833333333,0.08055555555555556,0.016145833333333335,0.018518518518518517
4,0.54140625,0.12361111111111112,0.015104166666666667,0.021296296296296296
4,0.5455729166666666,0.1638888888888889,0.0203125,0.03518518518518519
4,0.5677083333333334,0.11157407407407408,0.017708333333333333,0.019444444444444445
4,0.5815104166666667,0.10972222222222222,0.016145833333333335,0.017592592592592594
4,0.5942708333333333,0.11064814814814815,0.019791666666666666,0.017592592592592594
4,0.6075520833333333,0.1111111111111111,0.018229166666666668,0.020370370370370372
4,0.6197916666666666,0.1087962962962963,0.017708333333333333,0.021296296296296296
4,0.6278645833333333,0.13240740740740742,0.0203125,0.024074074074074074
4,0.6153645833333333,0.1337962962962963,0.019270833333333334,0.025
4,0.584375,0.12962962962962962,0.014583333333333334,0.018518518518518517
4,0.571875,0.13055555555555556,0.015625,0.024074074074074074
1,0.6690104166666667,0.11944444444444445,0.0046875,0.016666666666666666
10,0.67890625,0.11944444444444445,0.009895833333333333,0.012962962962962963
3,0.6833333333333333,0.12314814814814815,0.009375,0.012962962962962963
7,0.6893229166666667,0.12824074074074074,0.013020833333333334,0.023148148148148147
2,0.6973958333333333,0.15555555555555556,0.005208333333333333,0.016666666666666666
5,0.6794270833333333,0.16296296296296298,0.0234375,0.03333333333333333
4,0.6135416666666667,0.17685185185185184,0.013541666666666667,0.022222222222222223
4,0.6236979166666666,0.17314814814814813,0.0171875,0.020370370370370372
4,0.6330729166666667,0.1685185185185185,0.024479166666666666,0.024074074074074074
4,0.6502604166666667,0.16805555555555557,0.022395833333333334,0.025
4,0.6669270833333333,0.16898148148148148,0.022395833333333334,0.023148148148148147
4,0.615625,0.2023148148148148,0.023958333333333335,0.032407407407407406
5,0.6309895833333333,0.1962962962962963,0.0203125,0.02962962962962963
4,0.6447916666666667,0.19675925925925927,0.025,0.03425925925925926
4,0.6596354166666667,0.1925925925925926,0.024479166666666666,0.03518518518518519
4,0.6747395833333333,0.19027777777777777,0.022395833333333334,0.03425925925925926
4,0.6893229166666667,0.19305555555555556,0.0234375,0.026851851851851852
4,0.6997395833333333,0.19027777777777777,0.0171875,0.028703703703703703
4,0.6083333333333333,0.22824074074074074,0.03958333333333333,0.032407407407407406
4,0.61015625,0.2564814814814815,0.025520833333333333,0.03333333333333333
1,0.5986979166666667,0.3060185185185185,0.005729166666666666,0.025
1,0.6010416666666667,0.31342592592592594,0.00625,0.021296296296296296
4,0.6166666666666667,0.3162037037037037,0.026041666666666668,0.04351851851851852
2,0.6203125,0.2791666666666667,0.005208333333333333,0.012037037037037037
10,0.6200520833333333,0.287962962962963,0.008854166666666666,0.020370370370370372
4,0.65,0.32407407407407407,0.03854166666666667,0.044444444444444446
1,0.675,0.3458333333333333,0.007291666666666667,0.025
1,0.6799479166666667,0.350462962962963,0.0067708333333333336,0.028703703703703703
4,0.6453125,0.26157407407407407,0.025,0.032407407407407406
4,0.6645833333333333,0.26296296296296295,0.021875,0.024074074074074074
4,0.6846354166666667,0.26064814814814813,0.022395833333333334,0.030555555555555555
4,0.69375,0.24814814814814815,0.028125,0.037037037037037035
4,0.6747395833333333,0.29953703703703705,0.030729166666666665,0.04351851851851852
4,0.6921875,0.29259259259259257,0.03125,0.03518518518518519
5,0.7018229166666666,0.2791666666666667,0.013020833333333334,0.032407407407407406
