0 0.79844 0.45602 0.05 0.05648
4 0.43307 0.8287 0.05052 0.12963
10 0.62005 0.59028 0.0099 0.03611
2 0.49505 0.6912 0.00781 0.03796
10 0.49479 0.70417 0.00937 0.03981
2 0.51276 0.65046 0.0099 0.03796
10 0.5125 0.66019 0.0125 0.03889
2 0.51823 0.58102 0.00833 0.03426
3 0.51823 0.58981 0.00833 0.02963
1 0.58385 0.49306 0.00833 0.03241
5 0.5375 0.36481 0.01354 0.02593
4 0.52734 0.33843 0.0099 0.01574
4 0.52422 0.32778 0.01094 0.01852
0 0.46068 0.2287 0.01198 0.01852
0 0.47005 0.25463 0.02344 0.02593
0 0.43359 0.27083 0.01615 0.03611
0 0.45026 0.25787 0.0151 0.03611
4 0.42214 0.33935 0.01198 0.0213
1 0.5651 0.44676 0.00521 0.025
1 0.5138 0.45926 0.00365 0.02407
1 0.50234 0.45602 0.00573 0.03056
1 0.50703 0.4625 0.00365 0.01759
4 0.45703 0.41343 0.01719 0.02685
1 0.47578 0.45185 0.00469 0.01852
1 0.475 0.45509 0.00417 0.01759
10 0.47526 0.45972 0.00573 0.0213
2 0.49036 0.46065 0.00573 0.01944
2 0.49089 0.46528 0.00469 0.01759
10 0.49089 0.46574 0.00573 0.02222
0 0.79063 0.6162 0.01146 0.03056
2 0.49609 0.40648 0.00469 0.02037
10 0.49661 0.41157 0.00469 0.01759
2 0.49245 0.39907 0.00365 0.01667
10 0.49245 0.40231 0.00365 0.01574
2 0.47865 0.40185 0.00417 0.01852
10 0.47891 0.40694 0.00469 0.01759
10 0.4724 0.39907 0.00313 0.01667
10 0.48281 0.38981 0.00417 0.01481
10 0.4901 0.38194 0.00313 0.01389
10 0.46979 0.38657 0.00521 0.01574
2 0.47214 0.39583 0.00365 0.01574
2 0.46953 0.38241 0.00469 0.01667
2 0.48307 0.38657 0.00365 0.01574
2 0.48984 0.37685 0.00365 0.01481
2 0.48516 0.36204 0.0026 0.01111
10 0.48516 0.36574 0.00365 0.01296
1 0.47656 0.28796 0.00208 0.01111
1 0.48568 0.31111 0.0026 0.01296
2 0.48047 0.32083 0.0026 0.01019
10 0.48047 0.325 0.00365 0.01111
4 0.06198 0.74352 0.10729 0.09074
4 0.15365 0.63009 0.06979 0.06019
0 0.22526 0.74028 0.0474 0.0713
2 0.35573 0.83102 0.0125 0.06204
10 0.35417 0.84398 0.01771 0.0713
2 0.35781 0.62824 0.01042 0.03426
10 0.35729 0.63472 0.01458 0.03611
2 0.34714 0.69398 0.01198 0.04167
10 0.34792 0.70139 0.0125 0.05833
1 0.33151 0.69398 0.01302 0.05648
1 0.3 0.50046 0.00625 0.03241
10 0.28984 0.49398 0.01615 0.0213
