4 0.01042 0.96713 0.02083 0.05463
4 0.14089 0.89444 0.06198 0.08519
4 0.12135 0.81157 0.06458 0.06389
4 0.05547 0.675 0.05781 0.06852
4 0.21615 0.47593 0.04375 0.0463
4 0.26589 0.53565 0.04844 0.05278
4 0.28437 0.55648 0.04688 0.05185
10 0.1138 0.42176 0.01823 0.02315
10 0.12266 0.49259 0.01615 0.02037
4 0.06823 0.30417 0.04375 0.03796
4 0.06016 0.28472 0.04219 0.03056
5 0.48125 0.6375 0.03438 0.04537
4 0.5349 0.53704 0.04167 0.05
4 0.62995 0.63009 0.04531 0.05833
4 0.67422 0.6838 0.04635 0.06759
4 0.69896 0.7213 0.04792 0.07037
4 0.72109 0.76019 0.04844 0.07037
4 0.76849 0.83472 0.04948 0.08241
4 0.85521 0.96065 0.05208 0.07315
4 0.78438 0.30185 0.03438 0.04444
5 0.97396 0.22731 0.04479 0.04537
