4 0.46094 0.69259 0.02187 0.07222
4 0.43151 0.54074 0.02031 0.07037
4 0.39635 0.56296 0.01875 0.08148
5 0.35885 0.47685 0.02083 0.05741
4 0.29844 0.42731 0.01979 0.05093
4 0.42318 0.39028 0.01719 0.04907
4 0.32708 0.27824 0.01771 0.03611
8 0.35234 0.23796 0.01927 0.06296
4 0.37839 0.19491 0.01406 0.03241
5 0.43177 0.21435 0.01354 0.04907
4 0.41302 0.16389 0.0125 0.04259
5 0.45339 0.14907 0.01302 0.04074
4 0.41589 0.06991 0.01302 0.03056
9 0.43281 0.025 0.01667 0.05
9 0.3763 0.02269 0.02135 0.04537
4 0.34036 0.08981 0.01406 0.02407
4 0.34844 0.0125 0.01146 0.025
9 0.13646 0.43287 0.05625 0.12685
9 0.07448 0.37361 0.07187 0.05833
9 0.22448 0.1213 0.01979 0.08148
9 0.2112 0.07037 0.02031 0.06111
6 0.23281 0.05926 0.01875 0.04444
5 0.15964 0.05046 0.01406 0.02685
5 0.1362 0.02685 0.01823 0.02593
5 0.09688 0.04352 0.01875 0.02593
5 0.11068 0.05602 0.02031 0.01574
5 0.11406 0.06157 0.01667 0.01019
5 0.11589 0.07778 0.0224 0.01852
5 0.17786 0.03935 0.02135 0.01759
5 0.18281 0.04722 0.02083 0.01296
5 0.18516 0.0588 0.01927 0.01759
5 0.18516 0.08935 0.01719 0.01759
6 0.09635 0.00972 0.02292 0.01759
9 0.0362 0.14352 0.03281 0.02778
9 0.03281 0.15463 0.03333 0.02778
9 0.01042 0.14028 0.01667 0.01759
9 0.00833 0.16065 0.01458 0.02685
9 0.03854 0.23287 0.06354 0.04722
