1 0.40703 0.71157 0.0224 0.09352
1 0.45312 0.66991 0.025 0.08056
1 0.47839 0.61944 0.02135 0.07963
1 0.50807 0.58796 0.01927 0.08333
1 0.45937 0.55509 0.01667 0.075
1 0.42995 0.59444 0.01823 0.07222
1 0.39297 0.63657 0.01823 0.08241
1 0.36042 0.68611 0.02396 0.09444
1 0.31771 0.64722 0.02708 0.08889
1 0.27734 0.61574 0.02552 0.08889
1 0.21875 0.60417 0.02396 0.0787
1 0.32188 0.57222 0.02187 0.08889
1 0.35495 0.60324 0.01615 0.07685
1 0.3888 0.5662 0.02344 0.075
1 0.41745 0.53426 0.01927 0.06296
1 0.37917 0.52176 0.02187 0.07315
1 0.34974 0.55278 0.01927 0.07963
1 0.30417 0.48009 0.01875 0.06574
3 0.22422 0.53611 0.02865 0.04259
3 0.19687 0.56574 0.03438 0.04815
1 0.32109 0.31157 0.0099 0.03426
1 0.38958 0.30278 0.00729 0.02963
1 0.41198 0.30509 0.00729 0.0287
1 0.46276 0.29259 0.00677 0.02963
1 0.53177 0.28009 0.00729 0.02685
1 0.54766 0.28519 0.00677 0.02222
1 0.56563 0.2787 0.00521 0.02593
1 0.6112 0.27917 0.00573 0.02685
1 0.54193 0.28426 0.00573 0.02222
2 0.59714 0.27315 0.00469 0.01852
3 0.59583 0.27917 0.0125 0.01204
1 0.63906 0.25463 0.00417 0.01481
10 0.66354 0.33843 0.02083 0.01759
2 0.66302 0.32361 0.00729 0.0213
1 0.72031 0.27593 0.00521 0.01852
2 0.39193 0.29398 0.00573 0.01944
4 0.13385 0.27917 0.03021 0.03056
4 0.09062 0.28519 0.025 0.02963
4 0.04531 0.24907 0.02396 0.02407
4 0.16068 0.23333 0.01823 0.01667
4 0.22891 0.21713 0.01927 0.0213
