9 0.05339 0.44306 0.05781 0.02685
9 0.01302 0.44028 0.02604 0.02685
9 0.02891 0.41528 0.05781 0.0287
9 0.03151 0.38519 0.04635 0.03148
6 0.04583 0.36481 0.02604 0.02037
6 0.01771 0.36065 0.03229 0.02315
6 0.03984 0.3375 0.04115 0.02315
6 0.02734 0.30602 0.0349 0.025
6 0.16875 0.36667 0.01667 0.04815
6 0.18255 0.36204 0.01615 0.05
4 0.19323 0.33889 0.0125 0.03704
4 0.20208 0.32824 0.01042 0.0287
6 0.24349 0.21806 0.01302 0.05463
4 0.22161 0.50602 0.0099 0.03611
4 0.1513 0.76157 0.01302 0.03611
4 0.10052 0.77407 0.02083 0.01667
4 0.10182 0.75417 0.0224 0.01759
4 0.05885 0.76528 0.02187 0.0287
4 0.22526 0.73426 0.02031 0.01852
4 0.49505 0.40556 0.01094 0.03519
4 0.50547 0.38426 0.01094 0.03333
4 0.51641 0.38981 0.0099 0.03519
4 0.52786 0.39398 0.01094 0.03241
4 0.71875 0.36991 0.01458 0.03611
4 0.41589 0.95093 0.01302 0.04074
4 0.43828 0.95324 0.01198 0.03611
4 0.26797 0.93889 0.02135 0.02222
4 0.13516 0.93843 0.02552 0.01759
4 0.0487 0.96481 0.02448 0.01481
4 0.04115 0.9287 0.02292 0.02037
10 0.33828 0.96296 0.0099 0.01111
