4 0.21214 0.97905 0.04286 0.0419
6 0.05964 0.69476 0.11786 0.14762
10 0.27929 0.68238 0.01429 0.02571
10 0.35893 0.48 0.00786 0.02286
10 0.45179 0.25238 0.00643 0.01333
10 0.475 0.21143 0.00429 0.01143
10 0.48214 0.21 0.00571 0.01238
10 0.515 0.08857 0.00286 0.00762
10 0.52679 0.05571 0.00357 0.00667
4 0.50393 0.13 0.00786 0.01238
4 0.59786 0.27143 0.02429 0.01333
4 0.6 0.26333 0.02286 0.01238
4 0.59821 0.25286 0.02643 0.01429
4 0.57214 0.24381 0.01714 0.01143
4 0.57393 0.23857 0.02214 0.01238
5 0.57464 0.23238 0.01929 0.01333
4 0.575 0.22476 0.02 0.01143
4 0.57607 0.21905 0.01929 0.01333
4 0.57571 0.21571 0.01857 0.01238
4 0.60071 0.23333 0.02143 0.01333
4 0.6 0.22286 0.01714 0.01143
4 0.60071 0.21667 0.02 0.01048
6 0.33071 0.26048 0.02 0.03905
6 0.37393 0.19524 0.03786 0.06286
6 0.45286 0.15143 0.03286 0.02667
6 0.46429 0.13762 0.02714 0.03524
6 0.46393 0.12714 0.03214 0.04095
6 0.45071 0.11952 0.01571 0.02952
9 0.47214 0.18143 0.01143 0.02571
4 0.52321 0.23286 0.01643 0.01238
4 0.52679 0.22714 0.01786 0.01238
4 0.5275 0.21857 0.02071 0.01048
4 0.52857 0.20905 0.01714 0.01429
4 0.53321 0.2 0.01929 0.01143
3 0.33393 0.49952 0.00643 0.01619
7 0.42679 0.43381 0.01786 0.0219
4 0.54214 0.03143 0.00429 0.00762
5 0.62286 0.01143 0.01 0.00762
1 0.30714 0.30857 0.00571 0.01333
1 0.45964 0.22143 0.00357 0.01238
1 0.46286 0.22048 0.00429 0.01048
1 0.45964 0.21381 0.00357 0.01048
2 0.46107 0.23905 0.00357 0.00762
2 0.33357 0.49762 0.00429 0.01238
2 0.35893 0.47476 0.005 0.01048
2 0.27821 0.68095 0.00786 0.01714
