4 0.22857 0.5481 0.05286 0.11333
4 0.24929 0.43714 0.04714 0.09714
4 0.16 0.89429 0.07429 0.17143
4 0.12929 0.68143 0.06143 0.12667
5 0.30786 0.23429 0.05 0.08571
5 0.29786 0.18571 0.03286 0.06476
10 0.24893 0.27286 0.03071 0.02952
2 0.23464 0.3319 0.01786 0.0219
2 0.46143 0.07143 0.00857 0.02667
3 0.46071 0.08 0.00571 0.02286
4 0.61071 0.2 0.07143 0.04571
5 0.63893 0.41381 0.09214 0.06
4 0.60607 0.14143 0.065 0.04286
5 0.58536 0.1181 0.055 0.04762
4 0.49357 0.11524 0.02714 0.06476
5 0.50143 0.24286 0.02857 0.06476
4 0.5025 0.40143 0.035 0.08286
4 0.49821 0.30714 0.03214 0.07143
4 0.50821 0.49381 0.04071 0.10381
4 0.50857 0.59952 0.04143 0.10571
4 0.685 0.78143 0.11571 0.08667
4 0.51643 0.91048 0.03857 0.12
10 0.65107 0.28429 0.01929 0.02
10 0.64571 0.28095 0.01571 0.01524
1 0.56536 0.21429 0.01071 0.03238
1 0.58607 0.41667 0.01071 0.02952
4 0.33536 0.02143 0.02786 0.04286
