4 0.49401 0.87083 0.06719 0.20278
4 0.55911 0.90231 0.06302 0.13981
4 0.36302 0.86435 0.06354 0.21574
4 0.2888 0.85556 0.07552 0.22407
5 0.2151 0.80972 0.10312 0.2213
4 0.07786 0.73194 0.10781 0.19722
4 0.37865 0.61528 0.04792 0.16574
4 0.48698 0.51852 0.04375 0.14074
4 0.44193 0.51852 0.02969 0.12778
4 0.39792 0.46944 0.03438 0.14074
4 0.31484 0.44306 0.07656 0.08981
4 0.61667 0.54954 0.09792 0.0787
4 0.61146 0.6037 0.10833 0.11111
4 0.33359 0.36713 0.07552 0.06574
4 0.3526 0.30787 0.06771 0.06019
5 0.44844 0.3875 0.03854 0.11204
4 0.26875 0.21852 0.04479 0.06852
1 0.25755 0.15972 0.0099 0.03611
1 0.16224 0.37824 0.01302 0.04537
4 0.03438 0.45463 0.06875 0.11296
2 0.04505 0.44537 0.01927 0.02407
4 0.3625 0.24352 0.05417 0.05556
4 0.37422 0.18194 0.05052 0.05648
5 0.4263 0.07963 0.04635 0.05
5 0.39297 0.14815 0.05052 0.05556
5 0.49193 0.15231 0.0224 0.06204
5 0.42005 0.22593 0.03177 0.07963
4 0.47604 0.26944 0.02604 0.09074
4 0.48958 0.21065 0.02187 0.06204
4 0.49688 0.10833 0.02083 0.0463
5 0.5 0.07639 0.01875 0.05093
4 0.5 0.04398 0.02083 0.03981
5 0.52344 0.07407 0.02396 0.05556
4 0.42969 0.04167 0.04896 0.02963
4 0.43854 0.00926 0.03542 0.01852
4 0.50286 0.01481 0.0151 0.02593
4 0.52422 0.01713 0.0224 0.03426
1 0.53984 0.19815 0.01094 0.03889
4 0.60339 0.43102 0.0474 0.12315
4 0.58385 0.28565 0.07083 0.05278
4 0.58516 0.25602 0.07656 0.04537
4 0.58177 0.22315 0.06354 0.03889
4 0.59661 0.20278 0.0599 0.04074
4 0.58646 0.17407 0.06042 0.04074
4 0.57786 0.14167 0.04948 0.03889
4 0.57057 0.12083 0.05469 0.03241
4 0.56875 0.10139 0.05312 0.03981
4 0.57188 0.07407 0.04792 0.03148
4 0.57057 0.05278 0.04635 0.03148
4 0.56927 0.03287 0.04479 0.025
4 0.57708 0.02176 0.0375 0.0213
4 0.57083 0.01157 0.04479 0.02315
1 0.2375 0.92361 0.02708 0.04722
3 0.62969 0.6963 0.03854 0.03889
3 0.64609 0.93194 0.05052 0.04352
10 0.6401 0.87361 0.04375 0.04907
10 0.64323 0.83009 0.04583 0.05093
10 0.64427 0.79815 0.04896 0.03889
10 0.64609 0.77778 0.05052 0.0463
10 0.63568 0.74074 0.0401 0.03704
4 0.1099 0.09259 0.04271 0.0463
4 0.06354 0.14722 0.04688 0.06667
4 0.0474 0.11944 0.05 0.05
4 0.04427 0.09028 0.04479 0.05093
4 0.09297 0.07731 0.03698 0.04907
4 0.09635 0.04583 0.04063 0.04722
4 0.1362 0.0375 0.03698 0.04537
4 0.01901 0.08519 0.03802 0.05
4 0.17214 0.03056 0.03698 0.05
