4 0.83071 0.84074 0.03857 0.05457
4 0.98714 0.88896 0.02429 0.05457
4 0.6675 0.70305 0.02929 0.05584
4 0.62857 0.67576 0.02857 0.05457
4 0.63071 0.61294 0.02143 0.03553
4 0.61071 0.57487 0.02429 0.03807
6 0.42893 0.93147 0.04071 0.1269
4 0.42393 0.63388 0.01643 0.05203
4 0.33536 0.93464 0.02357 0.0901
4 0.39321 0.63515 0.01786 0.05711
4 0.32429 0.60787 0.01857 0.05584
4 0.425 0.52094 0.02 0.04442
4 0.33607 0.43084 0.015 0.04188
6 0.42071 0.38135 0.02143 0.08756
4 0.36429 0.33249 0.01429 0.03553
4 0.39714 0.29378 0.01429 0.0368
4 0.41929 0.21256 0.01143 0.03934
4 0.365 0.13071 0.01143 0.02284
4 0.42107 0.07551 0.01071 0.02411
4 0.40143 0.0533 0.01 0.01777
9 0.06214 0.8052 0.06143 0.09518
6 0.12536 0.71129 0.075 0.12563
9 0.17964 0.63832 0.045 0.0736
1 0.155 0.5717 0.00857 0.02411
1 0.16821 0.55266 0.00929 0.02665
4 0.22179 0.4651 0.02214 0.03173
4 0.415 0.01586 0.01 0.01904
5 0.46857 0.71383 0.04143 0.05203
5 0.46286 0.69099 0.03429 0.0368
4 0.45893 0.6764 0.02643 0.03046
4 0.45464 0.65799 0.02357 0.02919
4 0.45036 0.63198 0.02357 0.03046
4 0.47571 0.96637 0.03 0.06218
1 0.63643 0.63642 0.00571 0.01904
1 0.55893 0.36231 0.00786 0.0165
1 0.47857 0.20305 0.00571 0.01777
1 0.46107 0.11358 0.005 0.01396
