1 0.65397 0.70315 0.00939 0.03154
8 0.64457 0.67532 0.03653 0.04824
7 0.6691 0.70826 0.03758 0.04174
7 0.64744 0.54824 0.01305 0.02597
8 0.62265 0.53896 0.03027 0.03711
8 0.61091 0.51763 0.03079 0.04082
7 0.63857 0.52505 0.01305 0.02412
7 0.64666 0.51252 0.01357 0.03432
7 0.63361 0.51206 0.01044 0.02412
2 0.62474 0.47727 0.00522 0.01391
2 0.62657 0.48516 0.00678 0.01484
1 0.65188 0.47959 0.00313 0.0167
1 0.65632 0.48701 0.00887 0.02412
10 0.64953 0.48933 0.00574 0.02134
10 0.66023 0.48562 0.00835 0.02876
10 0.65475 0.46753 0.00783 0.0167
7 0.63622 0.48284 0.01253 0.03989
7 0.66075 0.45176 0.01461 0.03525
7 0.65475 0.4346 0.012 0.03432
8 0.61613 0.43646 0.02349 0.03247
10 0.59447 0.46429 0.01253 0.01948
0 0.61822 0.45918 0.02766 0.02412
10 0.59421 0.31957 0.01096 0.01391
2 0.64483 0.3103 0.00574 0.01391
7 0.59734 0.282 0.00992 0.02226
4 0.62761 0.25557 0.00992 0.02505
5 0.60491 0.2551 0.01044 0.01855
6 0.61822 0.24119 0.01931 0.02041
11 0.57907 0.27597 0.01514 0.02319
2 0.58116 0.27458 0.00574 0.01299
1 0.58899 0.21568 0.00365 0.01391
7 0.51383 0.42022 0.00887 0.03525
2 0.53158 0.34276 0.0047 0.01391
7 0.5321 0.3474 0.00783 0.01763
7 0.55585 0.2885 0.00731 0.02226
8 0.56654 0.28618 0.00783 0.02319
10 0.53471 0.27968 0.0047 0.01206
1 0.52975 0.26855 0.00418 0.01763
7 0.51514 0.25417 0.00626 0.01484
7 0.51096 0.24026 0.01253 0.01299
10 0.53523 0.23098 0.00887 0.01113
1 0.52035 0.22681 0.00418 0.01391
1 0.52557 0.22588 0.00418 0.0102
10 0.52975 0.21568 0.00313 0.01206
10 0.53471 0.21707 0.00261 0.00742
7 0.54097 0.21985 0.00783 0.0167
2 0.56681 0.21011 0.00313 0.0102
7 0.56785 0.21289 0.00418 0.0102
7 0.62265 0.20176 0.01566 0.01763
6 0.59264 0.13219 0.00992 0.01948
10 0.58299 0.13312 0.00313 0.00649
0 0.63257 0.08581 0.00418 0.01391
