4 0.49479 1.36481 0.02708 0.04815
4 0.19974 1.21667 0.05781 0.0463
1 0.10495 1.18704 0.01302 0.03148
1 0.16406 1.09676 0.01042 0.0287
1 0.15234 1.11667 0.01198 0.02778
1 0.14688 1.125 0.01042 0.02778
1 0.15547 1.08843 0.00885 0.02685
1 0.14766 1.08333 0.01198 0.03333
10 0.03724 1.18009 0.02344 0.0213
10 0.04557 1.15278 0.02344 0.02222
1 0.07865 0.94306 0.00937 0.02685
10 0.08958 0.82176 0.01354 0.025
1 0.06953 0.83102 0.0099 0.0213
2 0.06927 0.82731 0.00521 0.01389
1 0.08151 0.80231 0.0099 0.0213
4 0.69531 1.34352 0.05937 0.06481
4 0.67396 1.26713 0.05833 0.06574
4 0.67474 1.20509 0.05156 0.06204
4 0.67708 1.14167 0.05417 0.05556
4 0.65729 1.09676 0.05104 0.05463
4 0.66094 1.02546 0.04583 0.05278
6 0.65104 0.96667 0.05417 0.05741
5 0.62135 0.95093 0.03854 0.0537
4 0.6237 0.9162 0.04531 0.03981
4 0.61927 0.87917 0.0375 0.04352
4 0.58125 0.89398 0.01875 0.05463
4 0.48255 0.94398 0.04323 0.04537
4 0.49609 0.91528 0.03802 0.03796
5 0.50911 0.8838 0.03594 0.04907
4 0.51146 0.85231 0.0375 0.04167
4 0.5987 0.82361 0.02865 0.03611
4 0.58984 0.79028 0.03177 0.03796
4 0.58646 0.75324 0.03021 0.03796
5 0.5099 0.81481 0.03229 0.03704
4 0.5099 0.79028 0.03438 0.03611
4 0.51328 0.76898 0.03281 0.03241
4 0.51302 0.74537 0.03333 0.03148
4 0.5138 0.7213 0.03281 0.02963
4 0.51432 0.69444 0.02969 0.03148
4 0.5138 0.67593 0.02656 0.02407
4 0.51615 0.66065 0.03125 0.02685
4 0.51562 0.6463 0.02708 0.02963
4 0.52005 0.6287 0.02656 0.02222
4 0.51641 0.61065 0.02448 0.0213
4 0.51797 0.5963 0.02448 0.02407
4 0.51641 0.57546 0.02448 0.0213
4 0.5901 0.69491 0.01562 0.03426
4 0.58203 0.65602 0.01719 0.0287
4 0.58047 0.63009 0.02135 0.0287
4 0.57578 0.59491 0.01823 0.025
4 0.57292 0.5412 0.01146 0.0213
4 0.51432 0.55231 0.01094 0.02685
5 0.52005 0.52037 0.01927 0.01852
1 0.53724 0.68796 0.00573 0.02222
1 0.54505 0.6963 0.00469 0.02222
4 0.57031 0.51898 0.01667 0.01944
4 0.56693 0.50417 0.01615 0.01759
4 0.56589 0.48981 0.01615 0.01852
4 0.56641 0.45602 0.0099 0.01759
5 0.56354 0.4375 0.01354 0.01944
4 0.51979 0.42963 0.00833 0.02037
4 0.56432 0.40278 0.00781 0.01296
5 0.52135 0.40694 0.01562 0.01759
4 0.52214 0.38056 0.00781 0.01296
4 0.53672 0.33009 0.00677 0.01389
10 0.31354 0.71528 0.00521 0.01944
10 0.38568 0.51852 0.00885 0.01111
10 0.38802 0.51204 0.00937 0.01296
