4 0.46302 1.32685 0.08229 0.09444
4 0.50182 1.12269 0.06823 0.07315
4 0.29948 1.22222 0.08021 0.08889
1 0.28958 1.12639 0.01458 0.03611
1 0.2974 1.13009 0.00833 0.0287
4 0.36901 0.98981 0.06198 0.06111
4 0.53698 0.90972 0.06042 0.05833
1 0.36406 0.92778 0.01354 0.03889
1 0.35703 0.89352 0.0099 0.02778
1 0.34036 0.88102 0.0099 0.0287
1 0.32109 0.90463 0.0099 0.03148
10 0.32292 0.90417 0.01771 0.03426
4 0.41719 0.83565 0.05312 0.05463
4 0.43047 0.78935 0.05573 0.05463
4 0.55208 0.78843 0.05312 0.05093
4 0.5651 0.72037 0.05 0.0463
4 0.59323 0.61296 0.04583 0.04074
4 0.59427 0.58056 0.04167 0.03704
4 0.51771 0.49815 0.03854 0.03148
4 0.60495 0.51806 0.0401 0.03796
4 0.6138 0.48009 0.03594 0.03611
4 0.53125 0.44907 0.03646 0.03148
1 0.55469 0.49167 0.00625 0.02778
1 0.49688 0.46389 0.00521 0.02593
1 0.50495 0.45185 0.00677 0.02407
4 0.50286 0.4037 0.03073 0.03148
4 0.49453 0.38704 0.02969 0.03519
5 0.47891 0.35046 0.02344 0.03056
4 0.53828 0.3125 0.02969 0.02685
1 0.48333 0.3 0.00521 0.02037
0 0.48932 0.19213 0.01302 0.025
8 0.56354 0.15185 0.00729 0.02222
6 0.53411 0.13241 0.07135 0.03148
1 0.57682 0.15093 0.00365 0.01481
1 0.58932 0.15417 0.00469 0.01759
6 0.84792 1.33333 0.04583 0.11111
6 0.83385 0.96991 0.05833 0.19722
4 0.9224 0.98333 0.03958 0.0963
4 0.94453 0.78565 0.03594 0.0713
4 0.80833 0.73287 0.025 0.07315
4 0.89583 0.52639 0.02708 0.05093
6 0.88438 0.44167 0.02708 0.05926
4 0.81484 0.32917 0.01719 0.03426
4 0.68333 0.42361 0.03542 0.03241
4 0.71016 0.3537 0.02865 0.02593
1 0.66172 0.27083 0.00573 0.01944
1 0.6888 0.2662 0.00469 0.0213
1 0.72422 0.30602 0.00573 0.02315
1 0.65703 0.16574 0.00469 0.01667
1 0.66172 0.16574 0.00469 0.01667
4 0.78177 0.2537 0.0125 0.02593
4 0.78281 0.29861 0.01354 0.0287
4 0.7849 0.32454 0.01458 0.03056
4 0.62943 0.15231 0.02031 0.0213
1 0.69766 0.13519 0.00365 0.01667
1 0.70234 0.13519 0.00469 0.01481
1 0.70573 0.1375 0.00313 0.01389
0 0.57057 0.08565 0.01094 0.01944
4 0.81745 0.21944 0.01406 0.02222
6 0.86458 0.16852 0.02083 0.02037
3 0.87266 0.20231 0.00677 0.01204
3 0.88073 0.20509 0.00729 0.01019
2 0.88151 0.19815 0.00573 0.01481
2 0.87344 0.19583 0.00521 0.01574
4 0.8974 0.16574 0.02187 0.01852
4 0.98594 0.13657 0.01979 0.01944
4 0.93932 0.13102 0.01719 0.01944
4 0.91745 0.12685 0.01823 0.01667
6 0.88776 0.11528 0.01406 0.03241
4 0.78802 0.0963 0.00937 0.01852
4 0.79896 0.09769 0.00937 0.01759
4 0.81432 0.09306 0.0099 0.01574
4 0.81693 0.06389 0.00885 0.01481
4 0.79479 0.08333 0.01042 0.01481
4 0.77344 0.06157 0.00937 0.01944
4 0.77005 0.0287 0.00885 0.01481
