4 0.40729 0.71528 0.01979 0.06389
4 0.39635 0.61944 0.01667 0.05556
4 0.43281 0.56667 0.01771 0.04259
4 0.42031 0.51991 0.01979 0.0287
4 0.51667 0.49537 0.02708 0.02963
4 0.46406 0.22222 0.01042 0.01667
4 0.47682 0.20231 0.01406 0.01204
4 0.49167 0.18333 0.01458 0.01111
5 0.52344 0.18889 0.00937 0.01296
6 0.50677 0.19444 0.04167 0.02407
6 0.53906 0.15509 0.01354 0.025
6 0.55208 0.15509 0.01042 0.0213
6 0.50573 0.20741 0.01979 0.01852
6 0.63281 0.17593 0.02187 0.01852
6 0.54818 0.17546 0.0224 0.01944
1 0.59245 0.17731 0.0026 0.01019
11 0.58437 0.18194 0.01562 0.0213
6 0.52917 0.15694 0.0125 0.02315
6 0.38411 0.51435 0.01719 0.05463
6 0.47005 0.96019 0.02135 0.02407
3 0.41198 0.83194 0.00625 0.0287
2 0.41172 0.82778 0.00573 0.01481
1 0.52812 0.50417 0.00417 0.01759
1 0.53568 0.51435 0.00365 0.01759
1 0.53828 0.50509 0.00365 0.01759
6 0.34609 0.18981 0.01094 0.02963
3 0.36823 0.47407 0.00417 0.01852
2 0.36823 0.47037 0.00313 0.01111
4 0.33229 0.1 0.00417 0.00926
0 0.31875 0.04444 0.01771 0.05556
