4 0.39014 0.89564 0.04123 0.12523
4 0.41388 0.69481 0.03132 0.10761
8 0.42771 0.38544 0.03079 0.06215
4 0.38413 0.36271 0.03549 0.06865
4 0.3142 0.32421 0.03549 0.05844
5 0.35804 0.33905 0.04175 0.08813
2 0.47338 0.45315 0.00731 0.01948
2 0.48669 0.41095 0.00574 0.01855
3 0.48904 0.4077 0.01253 0.01763
10 0.48773 0.47635 0.01514 0.03432
10 0.50678 0.42904 0.01357 0.03061
2 0.49791 0.45176 0.00731 0.0167
10 0.49817 0.52829 0.01931 0.03247
4 0.6083 0.55148 0.03392 0.08627
4 0.64248 0.5705 0.03445 0.08534
4 0.75548 0.63868 0.03497 0.09926
4 0.22416 0.28061 0.03601 0.05288
4 0.20277 0.25928 0.04228 0.05844
