4 0.44193 0.40509 0.03281 0.03426
4 0.55781 0.39398 0.03229 0.03056
5 0.45286 0.45 0.03802 0.04259
4 0.47526 0.63519 0.01823 0.04259
4 0.57214 0.64861 0.04219 0.04907
4 0.51172 0.61111 0.03802 0.04444
4 0.50469 0.66528 0.02083 0.06574
4 0.525 0.68009 0.02187 0.07315
4 0.5474 0.68935 0.01875 0.06759
4 0.35104 0.53843 0.03333 0.04167
4 0.44297 0.47083 0.0349 0.03426
4 0.49818 0.47917 0.03698 0.04537
4 0.47526 0.49167 0.0276 0.03889
4 0.46354 0.5463 0.03542 0.03519
4 0.36068 0.66667 0.03594 0.0463
4 0.34714 0.60741 0.03594 0.03889
4 0.38073 0.68565 0.04792 0.05278
5 0.46927 0.58287 0.03958 0.04907
4 0.57891 0.69352 0.04323 0.0463
4 0.50781 0.56343 0.04896 0.05833
4 0.51849 0.53611 0.04531 0.05556
6 0.56172 0.45509 0.0776 0.0787
6 0.5724 0.50602 0.04167 0.05093
4 0.68047 0.38333 0.01823 0.0463
4 0.70547 0.42593 0.03594 0.03889
4 0.70859 0.40926 0.03594 0.03333
4 0.69948 0.28889 0.03229 0.02963
4 0.70651 0.35231 0.03385 0.02685
4 0.71016 0.3713 0.03802 0.03704
4 0.70365 0.33704 0.03333 0.02778
4 0.70208 0.31991 0.03229 0.0287
4 0.70911 0.31019 0.03594 0.03148
4 0.62604 0.18657 0.01354 0.04167
4 0.6651 0.21435 0.01562 0.03796
4 0.67578 0.2412 0.01302 0.04537
4 0.68958 0.21528 0.0125 0.03241
6 0.71562 0.25833 0.02708 0.03704
9 0.64687 0.21389 0.02604 0.1
4 0.32891 0.07917 0.01406 0.03241
4 0.34089 0.07685 0.01302 0.02778
4 0.425 0.05787 0.02187 0.0213
4 0.42109 0.03611 0.0224 0.02222
4 0.45156 0.03102 0.02083 0.02315
4 0.47318 0.06852 0.02031 0.01852
4 0.47682 0.05509 0.02135 0.025
4 0.39089 0.01481 0.02135 0.02037
5 0.37865 0.0213 0.02083 0.02593
9 0.56016 0.09306 0.06198 0.05833
4 0.61224 0.09074 0.02552 0.02407
4 0.64661 0.11204 0.02552 0.02778
5 0.34141 0.58102 0.0349 0.03796
5 0.34245 0.50602 0.03073 0.03241
5 0.31198 0.40185 0.02813 0.02593
5 0.31562 0.35833 0.03229 0.03333
4 0.31224 0.38148 0.0276 0.02593
4 0.30911 0.32917 0.0276 0.0287
4 0.30312 0.30787 0.02917 0.025
4 0.29401 0.21991 0.01406 0.03611
4 0.28047 0.17546 0.0151 0.03796
4 0.2737 0.15093 0.0099 0.02407
4 0.26797 0.20694 0.02552 0.025
4 0.26146 0.19352 0.025 0.02222
4 0.25911 0.18241 0.0224 0.02593
4 0.25599 0.16944 0.02448 0.02037
4 0.25495 0.15972 0.02135 0.0213
4 0.25443 0.14815 0.01927 0.02222
4 0.26562 0.13287 0.01771 0.0213
4 0.26068 0.12685 0.02031 0.02222
4 0.25729 0.11528 0.02292 0.01944
