4 0.40071 0.49095 0.06714 0.06762
4 0.36286 0.47048 0.07571 0.07619
4 0.495 0.44476 0.04857 0.05524
4 0.01214 0.43333 0.02429 0.04952
4 0.10286 0.39857 0.07286 0.05238
4 0.21357 0.44286 0.09143 0.05333
4 0.31071 0.40238 0.07286 0.05429
4 0.36821 0.36524 0.08357 0.04286
4 0.54429 0.36952 0.04857 0.04381
4 0.59179 0.34905 0.045 0.03714
4 0.05071 0.31905 0.06143 0.0419
4 0.01964 0.29381 0.03786 0.04286
4 0.09393 0.30905 0.05643 0.04286
4 0.05107 0.28667 0.04786 0.03619
4 0.06964 0.24476 0.05357 0.03238
4 0.03821 0.23762 0.05214 0.03143
4 0.02321 0.23619 0.045 0.03238
5 0.13607 0.37619 0.05786 0.04762
4 0.16071 0.36857 0.04571 0.04571
4 0.18143 0.34667 0.05714 0.04571
4 0.21893 0.33667 0.04786 0.04286
4 0.16036 0.31143 0.05071 0.04381
4 0.13321 0.27524 0.06071 0.03429
4 0.1775 0.28381 0.055 0.03429
0 0.21429 0.3 0.02857 0.03238
0 0.26607 0.32429 0.05929 0.05048
4 0.41 0.30048 0.03429 0.03333
3 0.32714 0.31333 0.01714 0.03238
5 0.48893 0.32143 0.045 0.03905
1 0.42286 0.4381 0.01 0.04571
1 0.44143 0.40571 0.01143 0.0381
0 0.43821 0.34381 0.03071 0.03238
0 0.57714 0.28571 0.01143 0.02667
5 0.97643 0.66143 0.04714 0.18762
1 0.9175 0.61667 0.01929 0.05429
1 0.90643 0.58476 0.02143 0.05714
4 0.77143 0.42286 0.04 0.05905
4 0.90857 0.46476 0.03714 0.05333
10 0.89929 0.41429 0.02286 0.03429
5 0.76607 0.32905 0.035 0.03333
5 0.81964 0.27429 0.02643 0.03429
4 0.785 0.31381 0.02571 0.02
4 0.80143 0.29524 0.02286 0.03048
4 0.83964 0.26286 0.01786 0.02667
4 0.8525 0.25095 0.015 0.02
4 0.86429 0.24095 0.01714 0.01524
5 0.87214 0.22762 0.01857 0.02095
0 0.89036 0.21333 0.01643 0.01905
0 0.91893 0.19381 0.02214 0.02
0 0.91107 0.26333 0.00643 0.01429
0 0.975 0.25476 0.01857 0.02571
0 0.95357 0.34286 0.03286 0.05143
1 0.66786 0.24571 0.00571 0.01714
1 0.53536 0.32286 0.00643 0.01714
1 0.5425 0.32333 0.005 0.01619
2 0.89857 0.41238 0.01571 0.03048
