4 0.54857 0.62183 0.01286 0.03553
4 0.55643 0.50825 0.01286 0.03173
4 0.50071 0.55203 0.01286 0.02792
4 0.44464 0.50952 0.00929 0.03173
4 0.42214 0.57551 0.01286 0.0368
4 0.46357 0.68211 0.01571 0.04695
4 0.55036 0.88388 0.01643 0.05203
4 0.52357 0.93528 0.01857 0.06345
4 0.50107 0.6948 0.015 0.04442
4 0.47571 0.39721 0.01143 0.02538
4 0.51107 0.36802 0.01071 0.02284
4 0.4925 0.3547 0.01071 0.02157
4 0.61964 0.23731 0.00929 0.01777
4 0.44464 0.34645 0.00929 0.02284
4 0.42929 0.27919 0.00857 0.02284
4 0.455 0.24937 0.01 0.0165
4 0.45893 0.28109 0.00929 0.0165
4 0.45 0.22398 0.00857 0.01904
4 0.43607 0.22335 0.00929 0.01777
4 0.42929 0.18972 0.00857 0.01904
4 0.44 0.24746 0.00857 0.01777
4 0.46357 0.34835 0.00857 0.02665
4 0.4675 0.46764 0.01071 0.0368
4 0.55071 0.75761 0.01714 0.04569
4 0.27893 0.16434 0.01214 0.01396
4 0.28643 0.17449 0.01714 0.0165
4 0.29857 0.1802 0.01571 0.01523
4 0.32214 0.20939 0.01857 0.01269
4 0.33714 0.25508 0.02 0.01269
4 0.33357 0.26396 0.02143 0.01523
4 0.32929 0.29315 0.02286 0.02284
4 0.32286 0.30393 0.02429 0.01904
5 0.49857 0.83249 0.01571 0.05076
5 0.53536 0.47779 0.01214 0.02919
6 0.47036 0.30838 0.01071 0.03553
6 0.52286 0.5349 0.01286 0.04695
6 0.525 0.71129 0.02143 0.07234
4 0.49571 0.98731 0.02143 0.02284
4 0.74786 0.01459 0.00857 0.01142
4 0.81464 0.00761 0.00643 0.01269
4 0.68607 0.09264 0.00786 0.01269
4 0.68679 0.10977 0.00643 0.01396
4 0.70643 0.12881 0.00571 0.01142
4 0.66607 0.41624 0.00929 0.0203
1 0.23643 0.29632 0.00429 0.01142
1 0.27964 0.22081 0.00357 0.01777
4 0.22643 0.02411 0.01143 0.01015
4 0.23786 0.02855 0.01143 0.00888
4 0.2625 0.04188 0.01214 0.00761
4 0.25893 0.03934 0.01214 0.01015
4 0.25536 0.03807 0.01214 0.01015
4 0.25143 0.0349 0.01143 0.00888
5 0.215 0.01967 0.00857 0.00888
4 0.18893 0.00888 0.00929 0.00761
1 0.95893 0.7868 0.00929 0.01777
1 0.93071 0.70812 0.00714 0.01523
1 0.92643 0.69797 0.00571 0.01777
1 0.91357 0.57487 0.00714 0.01777
11 0.89786 0.67513 0.04714 0.16497
