4 0.37464 0.63571 0.025 0.03905
4 0.48214 0.49571 0.02286 0.03333
4 0.48714 0.75762 0.03 0.0219
5 0.56607 0.68762 0.025 0.0381
6 0.64214 0.55857 0.06286 0.09048
4 0.49357 0.61095 0.02286 0.02952
4 0.53357 0.55 0.02143 0.03524
4 0.54536 0.35857 0.01357 0.03333
4 0.66286 0.22667 0.02714 0.02095
4 0.73964 0.20143 0.02357 0.0219
4 0.7625 0.22238 0.025 0.02
4 0.88143 0.42714 0.02714 0.02762
4 0.91679 0.46 0.02786 0.03238
4 0.93107 0.44333 0.02929 0.03143
4 0.8825 0.39952 0.02786 0.03143
4 0.89821 0.39 0.02643 0.03524
5 0.955 0.49714 0.03286 0.0381
4 0.80393 0.16381 0.02071 0.02667
4 0.87786 0.17619 0.01286 0.03048
4 0.85964 0.12429 0.01786 0.02571
4 0.83179 0.08381 0.01786 0.03048
4 0.56036 0.47619 0.02643 0.03238
4 0.56821 0.50524 0.02357 0.03524
4 0.58357 0.51714 0.01857 0.02667
4 0.28571 0.70952 0.02857 0.04381
4 0.24571 0.76905 0.03143 0.03905
9 0.4375 0.84333 0.05357 0.09238
9 0.46393 0.84429 0.04214 0.06952
4 0.2375 0.85714 0.02786 0.0419
4 0.07893 0.1519 0.02357 0.02571
1 0.01107 0.07381 0.00929 0.01048
5 0.25429 0.03571 0.02286 0.02762
4 0.405 0.06429 0.02429 0.02952
4 0.43536 0.04524 0.01929 0.0219
4 0.4725 0.08286 0.02071 0.02857
4 0.51821 0.12952 0.02357 0.02667
4 0.45214 0.28095 0.02286 0.02857
4 0.43107 0.30524 0.02643 0.02762
4 0.36429 0.38857 0.02429 0.02667
4 0.42143 0.32 0.02429 0.03048
4 0.39929 0.34667 0.02429 0.02857
4 0.38893 0.36048 0.02071 0.02571
4 0.3525 0.40524 0.02357 0.02952
4 0.37679 0.37571 0.02643 0.02762
4 0.41107 0.3319 0.02357 0.02952
4 0.39 0.28048 0.02429 0.03143
4 0.32536 0.36095 0.025 0.03238
4 0.27286 0.42524 0.01714 0.02762
4 0.3 0.3919 0.02714 0.02952
4 0.20964 0.49714 0.02643 0.03429
4 0.23964 0.46143 0.02357 0.02952
5 0.28679 0.37048 0.025 0.02857
5 0.34893 0.23762 0.025 0.02952
5 0.37714 0.2281 0.02143 0.03143
4 0.33643 0.19286 0.02143 0.02571
4 0.32357 0.17952 0.02571 0.02762
4 0.31607 0.16857 0.02071 0.01905
4 0.30857 0.16048 0.01714 0.02952
4 0.44714 0.01048 0.02 0.02095
5 0.46429 0.0081 0.01429 0.01619
5 0.47286 0.05762 0.02429 0.02952
6 0.435 0.01762 0.03286 0.03524
4 0.48714 0.04667 0.02286 0.02476
5 0.50429 0.03952 0.02571 0.02952
4 0.50964 0.09667 0.02357 0.02762
4 0.54464 0.1281 0.02357 0.02762
4 0.55071 0.16286 0.02286 0.02857
4 0.61286 0.18952 0.02714 0.02667
4 0.53786 0.09476 0.02429 0.02571
5 0.61536 0.14667 0.02929 0.02857
5 0.59893 0.20333 0.02357 0.03143
5 0.575 0.10857 0.02571 0.02857
5 0.54143 0.07333 0.02571 0.02857
4 0.57107 0.07143 0.02357 0.02286
4 0.56286 0.04381 0.02143 0.02286
4 0.595 0.03381 0.02429 0.02571
4 0.71107 0.04476 0.01786 0.02476
4 0.77964 0.09143 0.01929 0.02667
4 0.79393 0.10762 0.02214 0.03238
4 0.80893 0.12048 0.02071 0.02952
4 0.82536 0.05952 0.02071 0.03143
4 0.81821 0.03667 0.01929 0.02762
4 0.84964 0.0219 0.01929 0.02667
4 0.87536 0.01952 0.01929 0.02762
5 0.85536 0.04952 0.02214 0.03429
5 0.80071 0.06143 0.01714 0.02762
4 0.79821 0.02952 0.015 0.02667
5 0.905 0.15952 0.01857 0.02762
4 0.95071 0.08667 0.01857 0.02286
4 0.82036 0.00571 0.01214 0.01143
1 0.89 0.2281 0.00571 0.01048
1 0.93821 0.28333 0.00643 0.00857
0 0.98786 0.67857 0.01143 0.01429
1 0.86321 0.57762 0.00643 0.00857
1 0.81286 0.57762 0.00571 0.00476
1 0.8175 0.57667 0.00214 0.00286
1 0.905 0.68476 0.00714 0.00571
1 0.90536 0.68143 0.00786 0.00857
1 0.56036 0.64476 0.00357 0.00762
1 0.71571 0.41524 0.00429 0.00952
1 0.81929 0.34762 0.00429 0.00762
1 0.85179 0.33429 0.00643 0.00952
1 0.49679 0.80619 0.005 0.00476
1 0.4575 0.48619 0.005 0.00667
2 0.60464 0.51429 0.00357 0.00571
10 0.60607 0.51524 0.00929 0.01333
1 0.76214 0.0219 0.00429 0.00952
1 0.73429 0.10238 0.00429 0.01048
1 0.71857 0.13048 0.00429 0.01143
1 0.64536 0.18048 0.00214 0.00857
1 0.57679 0.2781 0.00357 0.00952
1 0.65 0.17762 0.00571 0.01048
2 0.63571 0.17524 0.00286 0.00571
2 0.63393 0.11571 0.00357 0.00667
2 0.57893 0.25476 0.005 0.00667
10 0.57893 0.25667 0.00786 0.00857
10 0.63607 0.1781 0.00643 0.01143
10 0.63321 0.11905 0.00786 0.01143
1 0.68857 0.07476 0.00286 0.00857
1 0.72714 0.01333 0.00429 0.00952
1 0.73714 0.02476 0.00429 0.00952
0 0.74071 0.07857 0.00286 0.01048
1 0.70571 0.13238 0.00286 0.01333
1 0.69036 0.12619 0.00357 0.01238
1 0.685 0.12286 0.00429 0.00762
1 0.70571 0.11714 0.00286 0.00762
1 0.70929 0.10857 0.00286 0.00952
1 0.64214 0.09571 0.00571 0.01048
1 0.7075 0.07952 0.00357 0.00667
1 0.71 0.1 0.00429 0.01143
1 0.70893 0.08524 0.00357 0.01048
8 0.67286 0.09905 0.01857 0.01905
1 0.65071 0.07571 0.00286 0.01429
10 0.34714 0.21286 0.00714 0.01048
1 0.39679 0.2081 0.005 0.01048
1 0.41643 0.22952 0.00429 0.01143
1 0.41786 0.22571 0.00286 0.00952
4 0.16929 0.91952 0.03571 0.04857
6 0.20714 0.81048 0.03857 0.05143
5 0.21179 0.68905 0.03214 0.04095
4 0.15143 0.6119 0.02857 0.03524
1 0.05607 0.63143 0.00929 0.00762
1 0.0375 0.71 0.01071 0.00476
1 0.035 0.7019 0.00714 0.00381
1 0.00536 0.70762 0.01071 0.00952
8 0.09357 0.65286 0.02 0.01619
4 0.35821 0.60714 0.02643 0.03905
4 0.32286 0.65952 0.02857 0.03905
4 0.00964 0.74 0.01929 0.03429
4 0.07536 0.98714 0.02929 0.02381
5 0.10607 0.94667 0.03357 0.04571
4 0.1325 0.90476 0.035 0.01714
1 0.39393 0.87571 0.005 0.00667
8 0.64464 0.46619 0.01357 0.02
1 0.48107 0.40952 0.005 0.00571
1 0.47607 0.40048 0.00357 0.00476
1 0.47143 0.3981 0.00429 0.00762
1 0.50321 0.32048 0.00357 0.01048
1 0.55893 0.24381 0.00357 0.00762
1 0.5625 0.23238 0.00357 0.00762
1 0.59357 0.01857 0.00286 0.00476
1 0.58643 0.00952 0.00286 0.00952
1 0.65929 0.07381 0.00143 0.00476
