0 0.07839 0.03472 0.00573 0.01019
5 0.17396 0.03565 0.00625 0.01019
4 0.18984 0.03657 0.00781 0.01019
4 0.16979 0.03519 0.00521 0.00741
6 0.19505 0.05 0.01406 0.01481
4 0.29557 0.02037 0.00781 0.00741
4 0.29688 0.01713 0.00833 0.00648
4 0.29792 0.01343 0.00729 0.00833
4 0.29974 0.00972 0.00885 0.00648
1 0.20625 0.14028 0.00208 0.00833
1 0.20573 0.13426 0.00313 0.01111
1 0.26432 0.17176 0.00156 0.00833
1 0.22839 0.16528 0.00156 0.00463
1 0.24948 0.16019 0.00208 0.00926
1 0.22448 0.16481 0.00208 0.00556
1 0.25391 0.19907 0.0026 0.00556
1 0.24792 0.20463 0.00208 0.00556
1 0.25 0.20463 0.00208 0.00741
1 0.27057 0.1463 0.00156 0.01111
1 0.28203 0.17685 0.00156 0.00556
1 0.28177 0.16852 0.00208 0.00556
0 0.14271 0.30648 0.00313 0.00926
11 0.3099 0.36759 0.00521 0.01111
11 0.29245 0.425 0.00469 0.00741
0 0.31484 0.43657 0.00365 0.01574
4 0.02865 0.51389 0.01042 0.02222
4 0.03906 0.51667 0.01458 0.02593
4 0.05052 0.51435 0.0125 0.0287
4 0.05937 0.51528 0.01146 0.025
4 0.07422 0.52361 0.01927 0.01759
4 0.08073 0.53102 0.01458 0.01574
4 0.08828 0.5375 0.01719 0.01944
5 0.08984 0.54676 0.0151 0.01759
5 0.13411 0.54676 0.01094 0.025
6 0.01146 0.55046 0.02292 0.0213
5 0.2901 0.8213 0.02813 0.02778
5 0.02969 0.64583 0.0125 0.03056
4 0.09792 0.7662 0.02083 0.01944
4 0.23177 0.79907 0.01146 0.03519
4 0.12422 0.55787 0.0099 0.02315
4 0.10781 0.59676 0.01146 0.03241
4 0.0875 0.60972 0.01771 0.01389
4 0.06536 0.59306 0.0099 0.025
4 0.02734 0.57083 0.01302 0.0213
4 0.04896 0.5662 0.01562 0.01389
4 0.05365 0.58843 0.0125 0.0287
4 0.08021 0.69722 0.01771 0.02963
4 0.15234 0.7787 0.02135 0.01852
4 0.18359 0.79306 0.02135 0.0213
4 0.21094 0.79815 0.02187 0.02037
4 0.2125 0.60231 0.01771 0.01759
4 0.21536 0.58611 0.01927 0.01481
4 0.17214 0.6 0.01823 0.02222
4 0.26328 0.60787 0.01823 0.01944
4 0.19245 0.54352 0.01198 0.02963
4 0.17969 0.54167 0.0125 0.02778
4 0.16667 0.54583 0.0125 0.02685
4 0.15573 0.54676 0.01042 0.02685
4 0.14479 0.59861 0.01042 0.0287
4 0.07031 0.65926 0.01667 0.03148
4 0.05885 0.65556 0.01458 0.03148
4 0.03646 0.69213 0.01771 0.03426
5 0.14635 0.54676 0.00729 0.0287
5 0.07604 0.59074 0.00937 0.02593
5 0.19167 0.59676 0.01771 0.01389
4 0.23854 0.60833 0.02083 0.02037
4 0.13385 0.60139 0.01146 0.02685
4 0.1276 0.59722 0.01562 0.02963
4 0.11797 0.59537 0.01198 0.02778
4 0.04219 0.59213 0.00833 0.02315
4 0.03255 0.59769 0.00885 0.025
4 0.025 0.69028 0.01771 0.03241
4 0.03359 0.625 0.01927 0.01481
4 0.05286 0.68889 0.0151 0.02963
4 0.0612 0.69352 0.01719 0.03333
4 0.0724 0.69352 0.01667 0.03333
4 0.09193 0.66065 0.0151 0.03426
4 0.08385 0.65787 0.01458 0.0287
4 0.04896 0.65602 0.01562 0.03056
4 0.03724 0.65417 0.01719 0.03426
4 0.01432 0.68519 0.0151 0.03333
5 0.10208 0.66157 0.01354 0.02685
10 0.2474 0.64398 0.00729 0.00833
10 0.25391 0.64676 0.00677 0.00833
10 0.27214 0.58565 0.00677 0.00463
1 0.28177 0.61898 0.00313 0.00833
1 0.28464 0.61204 0.00156 0.00741
1 0.17943 0.8088 0.00677 0.01019
4 0.31719 0.83611 0.02292 0.02222
4 0.35833 0.84352 0.025 0.02222
4 0.35078 0.66019 0.00781 0.03889
4 0.39323 0.85509 0.02292 0.025
4 0.43177 0.86296 0.02604 0.02407
5 0.33958 0.75648 0.01146 0.04259
5 0.37865 0.63426 0.01667 0.01667
7 0.31901 0.62917 0.01094 0.01019
1 0.36589 0.60417 0.0026 0.01019
1 0.40391 0.62083 0.0026 0.00648
4 0.41719 0.64491 0.02083 0.01574
4 0.44427 0.65278 0.01875 0.01852
4 0.47266 0.66065 0.01719 0.01944
3 0.25365 0.57639 0.00625 0.00463
5 0.41641 0.00509 0.00469 0.01019
5 0.41641 0.0713 0.00365 0.01111
4 0.41276 0.12315 0.00469 0.01111
4 0.41172 0.1338 0.00365 0.01389
0 0.41536 0.15648 0.00156 0.00741
1 0.41224 0.1912 0.0026 0.00833
1 0.40625 0.2088 0.00208 0.00648
1 0.41068 0.19167 0.00156 0.00556
1 0.4099 0.1537 0.00208 0.00926
1 0.4026 0.14954 0.00208 0.00833
10 0.39271 0.19954 0.00625 0.01019
1 0.49661 0.85787 0.0026 0.01019
4 0.49948 0.66713 0.02187 0.01574
4 0.52578 0.67361 0.02344 0.01944
4 0.52057 0.72778 0.00885 0.03519
4 0.63646 0.75602 0.01354 0.03611
4 0.59661 0.68843 0.02344 0.02315
4 0.58646 0.74444 0.01146 0.03889
4 0.59818 0.74907 0.01094 0.04259
4 0.61198 0.75 0.01458 0.04074
4 0.57214 0.74213 0.0099 0.03796
4 0.5599 0.73843 0.00937 0.03611
4 0.54714 0.73519 0.0099 0.03519
4 0.53438 0.73056 0.01042 0.03519
4 0.61172 0.64167 0.0224 0.01852
4 0.59115 0.62037 0.01042 0.03519
4 0.60391 0.58194 0.02031 0.01759
10 0.60156 0.59028 0.00833 0.00833
10 0.6013 0.59491 0.00885 0.01019
10 0.60208 0.60231 0.00937 0.01019
1 0.64167 0.72407 0.00313 0.01111
1 0.64401 0.72361 0.0026 0.00648
1 0.64922 0.88194 0.00469 0.00833
0 0.65391 0.84954 0.00365 0.00833
10 0.46667 0.61528 0.00521 0.00833
4 0.48359 0.00648 0.0099 0.00741
4 0.49609 0.00694 0.00885 0.00833
1 0.52161 0.07731 0.0026 0.00648
1 0.5 0.23194 0.00208 0.01019
11 0.5151 0.18889 0.01146 0.01667
0 0.51224 0.2 0.0026 0.00926
1 0.51354 0.1162 0.00208 0.00463
1 0.4724 0.25787 0.00208 0.00463
4 0.49635 0.37176 0.00833 0.0213
1 0.60469 0.0662 0.00313 0.00648
1 0.61042 0.1037 0.00313 0.00556
9 0.67005 0.02778 0.01406 0.03333
9 0.68021 0.075 0.01354 0.03519
1 0.6776 0.08981 0.00313 0.00741
4 0.67448 0.0588 0.00833 0.01204
4 0.65599 0.17361 0.00573 0.01944
4 0.64141 0.2463 0.00677 0.02037
4 0.68646 0.18287 0.00729 0.01574
4 0.68932 0.24398 0.00885 0.01759
4 0.72161 0.24537 0.0099 0.01667
4 0.72604 0.26713 0.00625 0.01759
4 0.69141 0.00787 0.01094 0.01019
4 0.70807 0.0037 0.01094 0.00741
4 0.72422 0.00417 0.0099 0.00833
4 0.70365 0.01157 0.01042 0.01019
0 0.71745 0.01481 0.01094 0.00926
4 0.70391 0.02685 0.01094 0.00741
4 0.70547 0.03333 0.01094 0.00926
4 0.70885 0.0375 0.01042 0.00833
4 0.70859 0.0463 0.01094 0.00926
4 0.70833 0.05463 0.01042 0.00926
4 0.71042 0.06157 0.00833 0.00833
4 0.7151 0.0662 0.01146 0.01019
4 0.71354 0.07222 0.00833 0.01296
4 0.71615 0.07593 0.01042 0.01111
4 0.71719 0.08102 0.01458 0.01204
4 0.72005 0.08657 0.0151 0.01019
4 0.72188 0.0912 0.0125 0.01204
4 0.71953 0.09676 0.01406 0.01204
4 0.72057 0.10324 0.01302 0.01389
4 0.71979 0.10972 0.0125 0.01019
4 0.72083 0.11944 0.01354 0.01667
4 0.7224 0.12546 0.01146 0.01019
4 0.7237 0.13102 0.01094 0.01204
4 0.72422 0.13796 0.00885 0.01667
4 0.72474 0.14398 0.00677 0.01019
1 0.6237 0.35046 0.00365 0.00833
1 0.61198 0.41528 0.00313 0.00648
1 0.61354 0.51759 0.00313 0.01111
1 0.61016 0.51204 0.00365 0.00926
1 0.61354 0.49954 0.00313 0.00833
3 0.63385 0.54815 0.00521 0.01667
5 0.62083 0.42269 0.00729 0.0287
4 0.62344 0.37083 0.00833 0.02315
4 0.7 0.38935 0.0125 0.02685
4 0.71458 0.48009 0.01042 0.025
4 0.72266 0.52083 0.01094 0.0287
4 0.61641 0.46528 0.01094 0.02685
4 0.64036 0.37407 0.00885 0.02037
4 0.6013 0.53333 0.01823 0.01852
4 0.60052 0.54537 0.01771 0.01667
4 0.60104 0.56065 0.02187 0.01944
4 0.725 0.5588 0.00833 0.0287
2 0.67266 0.93472 0.00573 0.01019
2 0.66406 0.82963 0.00313 0.00741
1 0.67734 0.90694 0.00469 0.00648
1 0.67656 0.83611 0.00417 0.00926
1 0.67786 0.82269 0.00573 0.00463
10 0.67057 0.94028 0.00781 0.01389
10 0.66328 0.83148 0.00677 0.02037
