4 0.45391 0.92454 0.05573 0.05463
4 0.46172 0.81019 0.06094 0.06111
4 0.46484 0.75509 0.05781 0.05463
4 0.35703 0.91019 0.05156 0.10185
4 0.36406 0.81204 0.05 0.09259
4 0.375 0.75 0.04792 0.1037
4 0.38099 0.6838 0.04531 0.08426
4 0.39141 0.6287 0.04323 0.08148
4 0.39375 0.56435 0.04167 0.0713
4 0.39844 0.51204 0.0375 0.07407
4 0.40469 0.45185 0.04271 0.06667
4 0.40313 0.40926 0.04583 0.05926
4 0.40495 0.37176 0.04635 0.04537
4 0.41484 0.34398 0.04427 0.05463
4 0.41589 0.30509 0.04115 0.03426
4 0.48255 0.37963 0.04531 0.04444
4 0.48125 0.35046 0.04583 0.04167
7 0.3526 0.42963 0.01667 0.06111
5 0.32995 0.43519 0.01927 0.06296
4 0.32214 0.51667 0.02552 0.08519
4 0.30885 0.61667 0.02813 0.08889
4 0.29271 0.72917 0.03333 0.09907
4 0.2763 0.86019 0.0349 0.10926
4 0.21198 0.90417 0.03438 0.10833
6 0.23542 0.75417 0.03333 0.11389
5 0.26146 0.63981 0.03021 0.09074
4 0.27578 0.54491 0.02552 0.08241
4 0.28359 0.45417 0.02344 0.075
6 0.20339 0.56991 0.0401 0.1287
6 0.18151 0.68935 0.04323 0.09722
4 0.16016 0.8162 0.03906 0.11019
4 0.11979 0.93843 0.05937 0.06759
10 0.18724 0.41389 0.0151 0.01481
10 0.19141 0.39352 0.01719 0.02593
2 0.1974 0.36204 0.01042 0.01852
4 0.2763 0.33241 0.02344 0.06481
4 0.63021 0.71806 0.025 0.10648
4 0.66198 0.72963 0.03021 0.1037
4 0.69896 0.74815 0.03229 0.11296
4 0.24375 0.2875 0.025 0.05648
3 0.2263 0.26852 0.0151 0.01481
4 0.25417 0.23889 0.03438 0.04259
6 0.36979 0.25139 0.05521 0.08796
0 0.30833 0.13009 0.06875 0.19352
