4 0.51357 0.76048 0.12429 0.18571
4 0.94429 0.79238 0.11143 0.1219
4 0.06179 0.94143 0.12071 0.11714
10 0.10821 0.80429 0.08071 0.07524
4 0.10464 0.24714 0.03929 0.05429
4 0.72321 0.34714 0.09786 0.05429
4 0.67821 0.29619 0.08357 0.04952
4 0.74821 0.27762 0.085 0.05238
4 0.88679 0.30238 0.10071 0.04667
4 0.91107 0.34762 0.09786 0.05143
4 0.90429 0.38429 0.11429 0.0619
4 0.88571 0.18619 0.06 0.04286
4 0.76786 0.16619 0.06286 0.04286
7 0.19786 0.15381 0.04143 0.04476
4 0.26143 0.09762 0.05286 0.03524
4 0.29571 0.0619 0.03429 0.02667
4 0.315 0.05476 0.03143 0.02571
4 0.33286 0.05095 0.03 0.02571
4 0.42214 0.06238 0.02857 0.02952
4 0.44643 0.03714 0.01857 0.02476
4 0.47786 0.01762 0.01857 0.02381
4 0.54143 0.03667 0.03 0.02571
4 0.47571 0.06048 0.02857 0.02381
4 0.6 0.04476 0.01857 0.02476
1 0.53643 0.32476 0.01571 0.04571
1 0.58964 0.18381 0.00929 0.03238
1 0.59714 0.18571 0.00714 0.03048
1 0.65321 0.16619 0.015 0.03714
1 0.61714 0.13286 0.01 0.03143
10 0.59393 0.12238 0.00929 0.0219
1 0.42857 0.10286 0.01143 0.02667
1 0.26143 0.12667 0.01143 0.02857
1 0.26857 0.12524 0.00429 0.03143
1 0.58429 0.09571 0.00714 0.02381
1 0.59929 0.08286 0.00857 0.02667
1 0.37214 0.07381 0.00857 0.02381
1 0.29536 0.09095 0.00929 0.02
1 0.31071 0.10667 0.00857 0.02857
1 0.68643 0.09143 0.00571 0.02667
5 0.20107 0.81286 0.145 0.17429
6 0.6675 0.6781 0.20071 0.1619
4 0.78179 0.91143 0.21786 0.17714
10 0.42964 0.22857 0.03071 0.02667
10 0.51893 0.21476 0.03357 0.02952
10 0.42893 0.19286 0.02357 0.02571
5 0.2 0.07143 0.02857 0.02667
1 0.02179 0.16714 0.015 0.02762
4 0.265 0.07143 0.01714 0.02667
4 0.2375 0.08286 0.01929 0.02667
0 0.16357 0.11952 0.01 0.0219
6 0.13429 0.10571 0.06286 0.04
4 0.17464 0.0919 0.035 0.02381
1 0.40429 0.05476 0.00571 0.0181
4 0.66357 0.06333 0.02714 0.02571
1 0.675 0.08857 0.00714 0.02095
4 0.72607 0.03333 0.02786 0.02476
0 0.68679 0.04762 0.01643 0.02667
1 0.71 0.06 0.00571 0.02095
3 0.57214 0.59238 0.04286 0.05333
2 0.56857 0.59 0.02143 0.05238
2 0.10964 0.8 0.04786 0.05143
2 0.52071 0.21286 0.01429 0.02952
2 0.42714 0.22714 0.01429 0.01619
2 0.42929 0.19095 0.01429 0.0219
2 0.45321 0.11429 0.00643 0.02857
10 0.45393 0.1219 0.02071 0.02095
4 0.52107 0.10333 0.03357 0.02381
4 0.5 0.06905 0.03286 0.02762
2 0.59679 0.12143 0.00786 0.0181
