10 0.42464 0.33048 0.02929 0.02286
5 0.575 0.03571 0.03286 0.07143
10 0.6125 0.04286 0.02214 0.01524
10 0.61286 0.05524 0.02429 0.01524
8 0.60964 0.08143 0.03357 0.02381
4 0.61643 0.12429 0.02714 0.06762
1 0.6525 0.09905 0.00643 0.02667
1 0.62821 0.28143 0.00929 0.02
1 0.44893 0.67095 0.00786 0.01429
1 0.46107 0.66238 0.01214 0.01238
1 0.14 0.78333 0.01571 0.01238
1 0.05857 0.79905 0.01286 0.01524
1 0.60821 0.75476 0.01214 0.01429
10 0.58393 0.14476 0.02071 0.02095
10 0.58929 0.16143 0.02143 0.0181
10 0.60643 0.28286 0.02 0.01524
10 0.6 0.29095 0.02286 0.02952
10 0.57286 0.28619 0.02 0.02381
10 0.57 0.31667 0.02571 0.02381
10 0.57536 0.33857 0.01786 0.01429
10 0.57143 0.36 0.02143 0.01524
10 0.60536 0.40238 0.02214 0.02381
10 0.59893 0.4219 0.025 0.02095
10 0.59714 0.4419 0.01714 0.02667
10 0.99036 0.78 0.01929 0.01905
10 0.93786 0.77476 0.01714 0.04286
10 0.92143 0.77333 0.01714 0.0381
10 0.89071 0.77286 0.01429 0.03333
10 0.87679 0.77476 0.015 0.04476
10 0.86571 0.77619 0.01286 0.0419
10 0.85393 0.77619 0.015 0.04
10 0.84107 0.77952 0.01643 0.04095
10 0.75964 0.78286 0.015 0.03619
10 0.74643 0.78429 0.01429 0.03524
10 0.71893 0.78429 0.015 0.03905
10 0.70643 0.78714 0.01286 0.04476
10 0.69357 0.78619 0.01571 0.04476
10 0.66 0.78857 0.02143 0.03619
10 0.63071 0.79333 0.02 0.03429
10 0.61143 0.79429 0.01286 0.0381
10 0.56857 0.79714 0.01286 0.0381
10 0.5525 0.79857 0.01357 0.03714
10 0.51393 0.79952 0.01071 0.04095
10 0.47107 0.80429 0.01214 0.03905
10 0.455 0.80571 0.01143 0.03619
10 0.44357 0.80714 0.01286 0.03905
10 0.42393 0.80381 0.00929 0.0419
10 0.41464 0.80619 0.01071 0.04286
10 0.38821 0.80905 0.00929 0.04095
10 0.37179 0.81381 0.01214 0.03714
10 0.36071 0.81048 0.01286 0.04
10 0.3475 0.81333 0.01357 0.0381
10 0.33214 0.8119 0.01 0.04286
10 0.305 0.81619 0.01286 0.0381
10 0.28821 0.81714 0.01357 0.0419
10 0.27464 0.8181 0.01071 0.04
10 0.26071 0.81905 0.01286 0.0419
10 0.245 0.81905 0.01143 0.0419
10 0.23393 0.81857 0.01071 0.03714
10 0.215 0.82286 0.01143 0.04
10 0.19679 0.81952 0.01214 0.04476
10 0.12321 0.82524 0.01214 0.04286
10 0.08929 0.83238 0.01429 0.04
2 0.02429 0.84238 0.00857 0.01048
2 0.02964 0.83476 0.01929 0.01619
10 0.02786 0.83714 0.01429 0.03429
10 0.07536 0.5319 0.02643 0.02
4 0.2475 0.64333 0.07357 0.04095
5 0.32786 0.63952 0.06286 0.03905
4 0.41321 0.63857 0.06929 0.04095
5 0.73536 0.6281 0.06929 0.04667
4 0.81 0.6181 0.07143 0.0419
4 0.88643 0.61286 0.06571 0.04095
4 0.97036 0.60571 0.05929 0.04
4 0.55536 0.45238 0.02357 0.0819
5 0.58571 0.22143 0.05 0.07905
4 0.62393 0.20048 0.02786 0.07333
4 0.5775 0.10762 0.03786 0.05524
