5 0.1675 0.919 0.056 0.11933
4 0.19825 0.799 0.0535 0.12067
4 0.24025 0.627 0.0395 0.08467
4 0.26175 0.547 0.0365 0.08067
4 0.28675 0.43333 0.0325 0.06667
5 0.3025 0.373 0.026 0.04867
9 0.327 0.68667 0.079 0.288
4 0.41375 0.26233 0.0285 0.04467
4 0.5085 0.44067 0.03 0.05733
4 0.74 0.84133 0.047 0.10533
4 0.69075 0.58567 0.0405 0.086
5 0.6725 0.46167 0.029 0.05933
4 0.76575 0.12167 0.0365 0.02067
4 0.64975 0.14133 0.0405 0.02267
4 0.7225 0.11867 0.034 0.02133
4 0.722 0.08467 0.035 0.01867
4 0.75725 0.14033 0.0415 0.02467
4 0.61225 0.07733 0.0175 0.02267
4 0.60575 0.05633 0.0165 0.022
4 0.6 0.037 0.016 0.022
4 0.59575 0.01567 0.0135 0.018
4 0.45425 0.05533 0.0155 0.02667
4 0.3815 0.04833 0.016 0.02867
4 0.38675 0.02267 0.0135 0.02133
4 0.3935 0.008 0.013 0.016
2 0.6795 0.75833 0.013 0.02467
2 0.6625 0.74967 0.014 0.02467
2 0.64075 0.46033 0.0075 0.01933
3 0.6415 0.46833 0.01 0.01933
3 0.6775 0.766 0.012 0.03467
0 0.6495 0.53167 0.026 0.074
0 0.4385 0.257 0.011 0.03
0 0.4695 0.25567 0.014 0.03133
0 0.39025 0.217 0.0255 0.02867
1 0.73025 0.257 0.0115 0.03533
