5 0.51667 0.63519 0.05104 0.07963
4 0.40156 0.51157 0.04063 0.06019
4 0.35052 0.44907 0.03542 0.06111
4 0.3099 0.39028 0.03542 0.05648
4 0.2724 0.20324 0.03125 0.04352
4 0.22396 0.27315 0.02813 0.0463
4 0.2151 0.12454 0.01562 0.03426
4 0.23672 0.0588 0.02552 0.025
5 0.27891 0.34815 0.03385 0.06111
1 0.46615 0.67361 0.00729 0.0213
1 0.27734 0.18009 0.00677 0.0213
1 0.27995 0.16898 0.00573 0.01944
1 0.03984 0.15694 0.00885 0.01944
1 0.07656 0.27454 0.00833 0.0213
1 0.06458 0.28611 0.00729 0.01667
1 0.18776 0.05093 0.00677 0.01667
1 0.1776 0.03889 0.00521 0.01481
1 0.22005 0.03472 0.00469 0.01759
1 0.23099 0.04259 0.00573 0.01296
1 0.14896 0.02454 0.00521 0.01944
1 0.15286 0.0213 0.00573 0.01667
2 0.15677 0.46759 0.00937 0.01852
1 0.15833 0.27963 0.00625 0.02407
1 0.1513 0.27963 0.00677 0.02037
4 0.03359 0.01481 0.01823 0.02222
9 0.34089 0.30093 0.05365 0.07778
