4 0.0167 0.31772 0.0261 0.05659
4 0.01905 0.42811 0.0381 0.04174
4 0.33116 0.14425 0.02453 0.0436
10 0.31367 0.08998 0.00835 0.01484
2 0.3155 0.08766 0.0047 0.02134
6 0.03053 0.13822 0.06106 0.05566
6 0.3035 0.01902 0.09864 0.03803
3 0.57672 0.40121 0.01775 0.01763
4 0.57803 0.50278 0.04958 0.04824
4 0.58559 0.54638 0.04384 0.04824
4 0.63674 0.70315 0.05324 0.05566
5 0.66597 0.78525 0.07098 0.07328
4 0.68032 0.85343 0.0642 0.0705
8 0.70929 0.95315 0.0501 0.05844
4 0.87604 0.47449 0.04228 0.04545
