4 0.09609 0.37315 0.03698 0.02593
4 0.10104 0.36065 0.03333 0.01759
4 0.43438 0.74444 0.05208 0.06111
4 0.62083 0.72685 0.04271 0.06296
4 0.71745 0.6787 0.04635 0.0463
4 0.78151 0.65093 0.05052 0.04259
4 0.8724 0.59861 0.04688 0.03796
4 0.43125 0.46852 0.01771 0.0463
4 0.40937 0.45417 0.02083 0.04352
4 0.3987 0.42454 0.0151 0.03796
5 0.41797 0.41574 0.01927 0.04259
6 0.40964 0.3713 0.01823 0.04444
4 0.38776 0.36667 0.01302 0.03148
4 0.40521 0.28981 0.01354 0.02593
4 0.3526 0.2287 0.0125 0.02222
4 0.36901 0.22361 0.0099 0.01944
4 0.36094 0.18009 0.01042 0.01759
4 0.36276 0.15972 0.00885 0.01759
4 0.34844 0.11481 0.00937 0.01481
4 0.3263 0.125 0.00781 0.01667
4 0.33464 0.1125 0.00781 0.01574
4 0.34167 0.09583 0.00521 0.01204
4 0.32396 0.06157 0.00729 0.01204
4 0.32865 0.0838 0.00729 0.01204
4 0.3151 0.05787 0.00521 0.01204
4 0.3776 0.32685 0.0125 0.02778
2 0.5638 0.67083 0.00677 0.01574
2 0.60651 0.59306 0.00469 0.01574
2 0.65964 0.59954 0.00677 0.01759
2 0.32005 0.52731 0.00469 0.01574
2 0.31641 0.36111 0.00573 0.01296
2 0.29219 0.10324 0.00208 0.00833
10 0.31719 0.37083 0.00625 0.01389
10 0.29219 0.10926 0.00313 0.00741
10 0.32005 0.53843 0.00781 0.00833
10 0.60443 0.60417 0.01094 0.01204
10 0.56484 0.67917 0.01302 0.02685
10 0.65885 0.61111 0.01042 0.01481
