4 0.38724 0.89537 0.01198 0.05185
4 0.38542 0.83241 0.01146 0.0537
4 0.44089 0.83657 0.02656 0.02315
4 0.44036 0.81343 0.02552 0.0213
4 0.44089 0.78565 0.02135 0.0213
4 0.44141 0.76019 0.02552 0.02222
4 0.43854 0.68704 0.02604 0.02037
4 0.4349 0.66019 0.02604 0.02407
4 0.43333 0.61389 0.02604 0.02222
4 0.43099 0.54352 0.0224 0.01852
4 0.43099 0.46944 0.02448 0.02037
4 0.46536 0.39352 0.01094 0.04444
1 0.45521 0.90787 0.00625 0.01019
1 0.4513 0.8963 0.00469 0.00741
4 0.38776 0.95185 0.01198 0.04074
4 0.27448 0.92778 0.0125 0.04815
4 0.27422 0.8662 0.01198 0.05093
4 0.27552 0.68657 0.01146 0.04722
4 0.27292 0.63472 0.01146 0.03611
4 0.38177 0.64815 0.0125 0.0463
4 0.38411 0.77454 0.01198 0.04907
4 0.22474 0.82037 0.0151 0.05
4 0.25833 0.95185 0.0125 0.04074
4 0.25599 0.82315 0.01302 0.05185
4 0.25391 0.75926 0.01198 0.05
4 0.27813 0.74583 0.0125 0.05463
5 0.25938 0.90694 0.01146 0.04537
10 0.43802 0.70602 0.01042 0.00833
4 0.39714 0.60556 0.01094 0.04074
4 0.39349 0.54907 0.01198 0.04444
4 0.37943 0.53889 0.01198 0.04815
4 0.38047 0.59306 0.01198 0.04167
4 0.38333 0.70833 0.01146 0.03333
4 0.2625 0.46991 0.01146 0.04722
4 0.2599 0.56019 0.01146 0.04815
4 0.27422 0.48333 0.01198 0.04074
4 0.30469 0.43611 0.01146 0.04259
5 0.27292 0.58194 0.0125 0.04907
5 0.42031 0.26528 0.02083 0.01944
4 0.4263 0.37778 0.02448 0.02222
4 0.42526 0.39907 0.02344 0.02037
4 0.42526 0.35417 0.02448 0.02315
4 0.46094 0.28935 0.01146 0.04167
4 0.5112 0.29306 0.01198 0.04352
4 0.51849 0.22685 0.02552 0.02222
4 0.42474 0.29306 0.02448 0.02315
4 0.42682 0.31481 0.01927 0.02037
4 0.36927 0.08889 0.01146 0.03704
4 0.32917 0.11111 0.01146 0.04074
4 0.3849 0.09815 0.0125 0.04259
6 0.42031 0.1912 0.03229 0.02685
4 0.06224 0.2213 0.0224 0.02037
4 0.11563 0.26389 0.02396 0.02037
4 0.15417 0.33519 0.02604 0.02037
4 0.19062 0.33148 0.02396 0.02037
4 0.12578 0.39352 0.02344 0.03889
1 0.2237 0.4287 0.00469 0.00741
4 0.22422 0.47546 0.02656 0.0213
1 0.22995 0.43333 0.00573 0.00741
1 0.40677 0.43009 0.00417 0.01019
2 0.30703 0.30417 0.00365 0.00833
1 0.39401 0.2662 0.00469 0.01204
10 0.30677 0.30602 0.00313 0.01019
10 0.27865 0.04537 0.00625 0.02037
2 0.27786 0.04306 0.00573 0.00833
1 0.26771 0.08611 0.00417 0.01111
1 0.25677 0.04583 0.00417 0.01204
1 0.25495 0.06157 0.00365 0.01204
4 0.24479 0.10278 0.01146 0.04074
4 0.36693 0.05 0.0099 0.03889
4 0.36667 0.01296 0.01042 0.02593
2 0.26198 0.35 0.00521 0.00741
4 0.26276 0.35231 0.00885 0.00833
1 0.27083 0.32083 0.00417 0.01019
10 0.4487 0.42639 0.00781 0.01019
4 0.08385 0.67407 0.01458 0.0463
4 0.05677 0.66157 0.01458 0.04907
4 0.04427 0.66435 0.01562 0.05463
4 0.01484 0.66528 0.01615 0.04907
4 0.18333 0.21343 0.02604 0.0213
2 0.17135 0.23056 0.00625 0.01296
3 0.17214 0.23102 0.0099 0.01204
10 0.08724 0.23102 0.00781 0.01204
10 0.03438 0.24491 0.01146 0.01019
2 0.03359 0.2463 0.00573 0.01296
1 0.51406 0.17593 0.00417 0.01481
2 0.43229 0.22824 0.00417 0.01019
10 0.43229 0.23056 0.00937 0.00926
6 0.19948 0.27639 0.03021 0.025
