4 0.55643 0.59619 0.13714 0.25905
4 0.63643 0.17857 0.04286 0.04476
4 0.73071 0.19333 0.04571 0.04952
6 0.84286 0.26905 0.10857 0.12476
4 0.67214 0.14905 0.03857 0.04286
4 0.63429 0.12714 0.02857 0.03333
6 0.28464 0.75952 0.32786 0.48095
4 0.41643 0.52 0.12286 0.18857
4 0.47143 0.4119 0.08857 0.11524
4 0.49857 0.32476 0.06571 0.08
4 0.50679 0.27286 0.05929 0.06762
4 0.51607 0.22619 0.04929 0.04857
4 0.52821 0.17143 0.03643 0.05143
4 0.52179 0.14429 0.02786 0.02762
4 0.51429 0.13667 0.02571 0.03333
4 0.5025 0.13429 0.02929 0.03048
1 0.53857 0.14048 0.00857 0.03143
4 0.59929 0.11095 0.02429 0.02571
4 0.59143 0.10476 0.01857 0.02667
4 0.57643 0.1019 0.02143 0.02286
4 0.48786 0.10333 0.02 0.02
