1 0.26321 0.87762 0.03929 0.07524
1 0.20214 0.25762 0.01286 0.04667
1 0.00786 0.61333 0.01571 0.03048
1 0.00536 0.66714 0.01071 0.0219
1 0.03786 0.6281 0.03714 0.05048
1 0.04393 0.70571 0.04214 0.05524
1 0.07964 0.58571 0.03071 0.05333
1 0.14679 0.65524 0.04071 0.05524
1 0.16071 0.50048 0.02571 0.04667
1 0.2325 0.48095 0.01214 0.04571
1 0.22536 0.4619 0.015 0.0381
1 0.2325 0.5981 0.015 0.04762
1 0.24286 0.63238 0.01429 0.03619
1 0.26571 0.64048 0.02286 0.04286
1 0.30643 0.49238 0.00857 0.03238
1 0.30179 0.47381 0.01214 0.02381
1 0.34679 0.56714 0.02214 0.04476
1 0.32821 0.5481 0.01643 0.04476
1 0.37071 0.53 0.01857 0.03714
1 0.46321 0.5419 0.01929 0.04762
1 0.46929 0.50857 0.01714 0.04762
1 0.53786 0.4719 0.01571 0.04286
1 0.56214 0.49286 0.01571 0.03905
1 0.58393 0.53238 0.01786 0.04
1 0.64571 0.50048 0.02 0.04667
1 0.69607 0.46381 0.02357 0.04762
1 0.77536 0.42333 0.02071 0.05238
1 0.8075 0.40762 0.01643 0.0419
1 0.79679 0.38905 0.01786 0.04476
1 0.83821 0.44143 0.015 0.04286
1 0.87857 0.42762 0.01857 0.04762
1 0.98214 0.41 0.02429 0.04857
1 0.71893 0.21762 0.015 0.03524
1 0.67821 0.24857 0.01357 0.03048
1 0.71071 0.29476 0.01286 0.04095
1 0.82464 0.30238 0.01357 0.04857
1 0.49179 0.33 0.01786 0.04857
