1 0.20071 0.59429 0.02286 0.07238
1 0.51357 0.74238 0.02857 0.08476
1 0.5375 0.92048 0.04071 0.11714
1 0.27786 0.48714 0.02143 0.04857
1 0.54857 0.37095 0.01429 0.03905
2 0.06036 0.55048 0.02643 0.03048
2 0.35643 0.49143 0.01143 0.02667
2 0.34964 0.48905 0.015 0.02762
2 0.52643 0.47952 0.01571 0.04095
2 0.55929 0.34524 0.01286 0.02762
2 0.55321 0.29524 0.01214 0.02667
2 0.59464 0.27333 0.00643 0.02286
2 0.61179 0.24238 0.00786 0.01619
2 0.58964 0.21143 0.00357 0.01143
10 0.59 0.21429 0.00429 0.00952
10 0.61143 0.2419 0.00714 0.01333
10 0.55464 0.29571 0.01071 0.02381
3 0.59536 0.27571 0.00929 0.01619
10 0.55929 0.35381 0.00857 0.02571
10 0.52714 0.4981 0.01571 0.04762
3 0.48321 0.8219 0.02357 0.09714
5 0.27893 0.19905 0.01214 0.01905
4 0.2925 0.19952 0.01357 0.01429
6 0.25071 0.19476 0.02 0.02571
1 0.53536 0.2481 0.00643 0.02
1 0.53179 0.23571 0.00643 0.0181
1 0.54214 0.24095 0.00429 0.01143
2 0.54179 0.23762 0.00643 0.0181
1 0.5375 0.24095 0.00643 0.01714
2 0.53321 0.22238 0.00643 0.01238
2 0.53893 0.22143 0.00357 0.00857
3 0.53929 0.22429 0.00429 0.00667
6 0.56964 0.25952 0.02357 0.03905
7 0.5575 0.22143 0.00786 0.01238
2 0.55786 0.21667 0.00429 0.01048
4 0.58571 0.19571 0.00571 0.01048
0 0.58286 0.1519 0.03429 0.01429
4 0.61714 0.19238 0.00571 0.00762
4 0.62071 0.22381 0.01429 0.01333
4 0.60464 0.2119 0.01071 0.01238
4 0.6525 0.22905 0.015 0.01619
4 0.67214 0.21762 0.01143 0.01238
4 0.69714 0.2281 0.01571 0.01429
4 0.70357 0.26048 0.02143 0.02571
4 0.71321 0.28905 0.035 0.02762
4 0.61714 0.21095 0.01143 0.01048
5 0.61429 0.21524 0.01286 0.01524
1 0.71107 0.20667 0.00357 0.00952
1 0.71393 0.2081 0.00357 0.00857
1 0.72857 0.21238 0.00429 0.01333
2 0.72071 0.21619 0.00286 0.00762
3 0.72036 0.21857 0.005 0.00476
3 0.74143 0.23 0.00571 0.00857
2 0.7425 0.22667 0.005 0.00952
2 0.81643 0.24714 0.00714 0.01429
10 0.81679 0.25238 0.00786 0.00952
4 0.73143 0.27238 0.02714 0.02286
4 0.7325 0.33048 0.04643 0.05143
4 0.77714 0.34524 0.04714 0.04286
4 0.77393 0.30095 0.03357 0.03048
4 0.80357 0.3219 0.04143 0.03619
4 0.75429 0.37 0.04857 0.05048
4 0.81821 0.38 0.06071 0.05714
4 0.79607 0.43143 0.06643 0.06476
4 0.865 0.48952 0.08286 0.08
4 0.88714 0.44095 0.08286 0.07048
4 0.9075 0.38143 0.07357 0.05238
5 0.84714 0.34333 0.05429 0.05048
5 0.82357 0.2819 0.03714 0.02857
1 0.87464 0.26 0.00357 0.01143
1 0.87857 0.25762 0.00571 0.01619
1 0.98714 0.28952 0.01 0.02286
3 0.94786 0.28333 0.01714 0.01429
10 0.90893 0.28476 0.01071 0.01333
10 0.88929 0.27667 0.01 0.01429
2 0.88893 0.27048 0.00786 0.01524
2 0.90929 0.27952 0.00857 0.01619
4 0.94143 0.5781 0.11714 0.13333
4 0.97 0.51762 0.06 0.08476
4 0.975 0.45952 0.04714 0.06381
4 0.97179 0.42905 0.05643 0.05429
4 0.94536 0.81667 0.10929 0.21429
6 0.75964 0.28524 0.035 0.03333
1 0.06036 0.20476 0.005 0.01714
1 0.0575 0.20048 0.005 0.01619
2 0.21179 0.52286 0.02071 0.02667
