5 0.64323 0.35139 0.01771 0.04537
9 0.64792 0.27731 0.02187 0.09352
9 0.65104 0.14259 0.02187 0.06852
9 0.29323 0.51204 0.07812 0.08704
9 0.13958 0.39537 0.075 0.09444
9 0.04453 0.21944 0.06302 0.09259
9 0.41432 0.11389 0.01927 0.03704
9 0.40286 0.14028 0.01927 0.03796
9 0.39141 0.16991 0.02031 0.03981
9 0.37734 0.2 0.02344 0.04444
9 0.36797 0.2287 0.01823 0.05
9 0.35208 0.22778 0.01458 0.05
9 0.3599 0.19352 0.01875 0.0463
9 0.37344 0.16296 0.01875 0.04259
9 0.38594 0.13519 0.02187 0.04259
9 0.39714 0.10926 0.01927 0.03519
9 0.19609 0.1787 0.04219 0.07222
9 0.19115 0.14306 0.04063 0.04907
9 0.16693 0.14028 0.03594 0.05648
9 0.14844 0.1338 0.04479 0.0713
9 0.1349 0.1213 0.04792 0.07778
9 0.0888 0.15833 0.0474 0.06481
9 0.0875 0.07083 0.03542 0.04352
9 0.08255 0.06481 0.04635 0.0463
9 0.06771 0.05741 0.04271 0.06852
9 0.0526 0.04722 0.04583 0.06667
9 0.04271 0.03657 0.04583 0.05648
9 0.07396 0.1125 0.04583 0.06019
9 0.23854 0.1375 0.03854 0.07685
9 0.45781 0.42176 0.03125 0.03426
9 0.26172 0.23148 0.01927 0.06852
9 0.28177 0.16806 0.025 0.05093
9 0.30365 0.125 0.02604 0.04259
5 0.33047 0.07731 0.01615 0.0287
5 0.50313 0.31528 0.025 0.04167
5 0.45208 0.33889 0.01042 0.0463
5 0.43333 0.34306 0.01458 0.05648
5 0.63411 0.1625 0.01302 0.03426
5 0.46745 0.30694 0.01823 0.03796
6 0.52969 0.24954 0.01979 0.05833
6 0.57266 0.30509 0.02552 0.06204
4 0.35156 0.4213 0.01146 0.04259
4 0.32526 0.41204 0.02552 0.02593
6 0.32422 0.37685 0.03698 0.03519
4 0.54427 0.13056 0.01458 0.02593
9 0.14531 0.0162 0.03646 0.03241
1 0.45755 0.43102 0.00677 0.01944
9 0.31901 0.23796 0.01719 0.0537
6 0.65026 0.0912 0.01719 0.04537
6 0.65078 0.06111 0.0151 0.04074
1 0.37578 0.33056 0.0151 0.02778
