5 0.13203 0.44769 0.0276 0.01759
4 0.22135 0.48148 0.02396 0.01667
6 0.30938 0.03472 0.01042 0.0213
9 0.31146 0.16852 0.01667 0.0463
5 0.31016 0.13935 0.00677 0.01759
5 0.31771 0.0963 0.00521 0.01296
4 0.30312 0.05833 0.00417 0.00926
5 0.37839 0.23843 0.01094 0.0213
5 0.34375 0.25787 0.00833 0.0213
4 0.32656 0.19028 0.00833 0.01759
5 0.39245 0.24815 0.01198 0.02407
5 0.3849 0.26528 0.00937 0.02315
5 0.28281 0.05463 0.00625 0.01481
6 0.4013 0.15648 0.01406 0.03333
4 0.40182 0.31296 0.0099 0.02222
4 0.43229 0.39398 0.00937 0.02315
6 0.41823 0.35 0.02292 0.06296
5 0.44089 0.41528 0.01406 0.03241
1 0.32839 0.60833 0.00365 0.00741
4 0.55052 0.48889 0.02083 0.01667
5 0.49062 0.54167 0.01771 0.03704
6 0.5138 0.59491 0.03177 0.07315
5 0.53542 0.65556 0.02083 0.04259
4 0.5112 0.63981 0.02031 0.04259
5 0.53047 0.68657 0.01927 0.04537
4 0.55208 0.65972 0.01771 0.03981
4 0.55937 0.71528 0.01875 0.02685
4 0.57396 0.71296 0.01562 0.03148
4 0.58776 0.67593 0.02135 0.04259
4 0.57969 0.59444 0.02292 0.03148
