3 0.28594 0.81574 0.01875 0.02037
3 0.4099 0.80602 0.01562 0.02315
10 0.35859 0.80093 0.01823 0.02407
8 0.275 0.93843 0.025 0.06389
4 0.45521 0.8662 0.03438 0.10648
1 0.29661 0.85 0.00781 0.02037
1 0.26302 0.90463 0.00625 0.02222
1 0.20391 0.90093 0.00677 0.02222
2 0.41068 0.8037 0.00885 0.01667
2 0.35755 0.8 0.00677 0.02407
2 0.28359 0.81204 0.01094 0.02222
6 0.60182 0.575 0.05365 0.11296
10 0.54349 0.70509 0.01302 0.025
1 0.52682 0.65278 0.00469 0.02407
2 0.54609 0.70231 0.00677 0.02315
0 0.6224 0.55324 0.01042 0.04167
0 0.60703 0.51296 0.00885 0.02037
5 0.62917 0.40787 0.02604 0.0213
6 0.45469 0.2713 0.02917 0.04815
6 0.39219 0.17546 0.02083 0.03241
4 0.39974 0.19861 0.00781 0.01389
4 0.47604 0.3213 0.01458 0.01667
4 0.27526 0.09074 0.00365 0.00741
4 0.25677 0.26898 0.00833 0.01389
4 0.25885 0.31204 0.00833 0.01667
4 0.25833 0.29815 0.00833 0.01296
1 0.31016 0.26898 0.0026 0.01204
1 0.28646 0.18611 0.00208 0.00926
1 0.28047 0.1412 0.00156 0.00648
0 0.27292 0.04537 0.01354 0.04259
6 0.27396 0.07963 0.00313 0.00926
6 0.30573 0.11389 0.01146 0.01667
4 0.27083 0.07454 0.00313 0.00463
6 0.23958 0.29676 0.00937 0.02685
6 0.23802 0.26944 0.01146 0.03333
4 0.20443 0.35278 0.02656 0.01852
4 0.20417 0.36435 0.025 0.01389
4 0.125 0.4537 0.01667 0.03519
1 0.15313 0.92361 0.01042 0.0287
2 0.14766 0.95926 0.01615 0.01667
2 0.13776 0.96343 0.01094 0.01759
3 0.15495 0.92083 0.0224 0.0213
