4 0.105 0.5481 0.03143 0.05429
5 0.17286 0.40857 0.04714 0.03429
4 0.18286 0.38 0.04429 0.02476
4 0.18893 0.35143 0.03786 0.02476
4 0.2025 0.32714 0.04071 0.0219
10 0.11321 0.4119 0.01786 0.00857
1 0.10821 0.40571 0.01357 0.01143
4 0.24964 0.28524 0.01786 0.03524
4 0.2125 0.27952 0.03643 0.02571
10 0.20679 0.26667 0.01071 0.00762
4 0.22107 0.25619 0.03643 0.01905
4 0.22714 0.23762 0.03429 0.01619
4 0.23786 0.22429 0.03429 0.02
4 0.24286 0.06476 0.02429 0.01714
4 0.24714 0.05524 0.02429 0.01524
1 0.26857 0.25286 0.00571 0.01429
1 0.27214 0.25095 0.00714 0.01619
4 0.46 0.39381 0.01857 0.04286
9 0.4675 0.20857 0.02071 0.08381
6 0.53071 0.21048 0.04286 0.03429
5 0.52071 0.15905 0.03143 0.02286
4 0.55143 0.16 0.02429 0.02857
10 0.61393 0.2919 0.00643 0.01429
4 0.4575 0.11429 0.01214 0.02476
5 0.475 0.10905 0.01143 0.02571
4 0.47607 0.07571 0.01071 0.02
5 0.47714 0.04286 0.01 0.02286
4 0.47893 0.02857 0.01071 0.01714
4 0.47929 0.00905 0.01 0.0181
6 0.46214 0.03952 0.01571 0.05619
3 0.57179 0.0581 0.005 0.01143
1 0.58286 0.04762 0.00286 0.01333
2 0.57179 0.05333 0.00214 0.00952
5 0.59893 0.05762 0.01786 0.0181
4 0.60357 0.06762 0.02143 0.01524
4 0.72643 0.21429 0.01571 0.03238
1 0.78607 0.36762 0.00643 0.01905
1 0.85786 0.34238 0.00857 0.0181
4 0.86679 0.41143 0.02929 0.04571
4 0.89036 0.46905 0.03357 0.05429
4 0.81821 0.46238 0.02786 0.05048
4 0.9175 0.76 0.04071 0.06667
4 0.89143 0.67381 0.03857 0.06762
4 0.975 0.66762 0.04571 0.06667
4 0.94286 0.59762 0.04 0.0619
4 0.86607 0.59857 0.03643 0.06381
4 0.84 0.53048 0.03143 0.05524
4 0.8575 0.22762 0.01357 0.03238
4 0.10036 0.96476 0.05071 0.07048
