4 0.61641 0.59259 0.0276 0.05926
4 0.64766 0.54815 0.03802 0.0463
4 0.67995 0.49676 0.03698 0.04537
1 0.59844 0.39259 0.00417 0.01852
10 0.59714 0.39815 0.00885 0.01667
4 0.66198 0.37454 0.03021 0.03426
4 0.68359 0.34444 0.03385 0.03333
4 0.29766 0.42407 0.03385 0.04259
4 0.24375 0.42639 0.0375 0.04352
4 0.22943 0.40833 0.03802 0.04259
1 0.1875 0.40972 0.00521 0.01944
1 0.20104 0.41343 0.00625 0.0213
1 0.20599 0.41343 0.00573 0.01944
4 0.20911 0.37269 0.03177 0.03981
4 0.19896 0.3588 0.03333 0.03981
4 0.19401 0.34306 0.03073 0.03611
4 0.18438 0.33333 0.03333 0.03889
5 0.17161 0.31806 0.03281 0.04167
10 0.15156 0.30602 0.01458 0.01759
4 0.14896 0.29028 0.03438 0.03981
4 0.13177 0.26574 0.03229 0.03519
4 0.06484 0.13287 0.0276 0.02685
4 0.00807 0.16667 0.01615 0.02593
2 0.02552 0.14491 0.00417 0.01204
10 0.025 0.14954 0.01042 0.01019
