4 0.34948 0.55 0.00208 0.0037
4 0.35495 0.55139 0.00156 0.00278
4 0.35885 0.55602 0.00417 0.00463
4 0.32109 0.57176 0.00573 0.00463
4 0.32031 0.57222 0.00521 0.0037
4 0.31927 0.57407 0.00625 0.0037
4 0.32031 0.57593 0.00729 0.0037
4 0.36406 0.58519 0.00833 0.0037
4 0.36328 0.58796 0.00781 0.00556
4 0.35599 0.62083 0.01094 0.00833
6 0.33047 0.59491 0.00677 0.01019
5 0.33672 0.59861 0.00885 0.00648
4 0.33307 0.6037 0.00781 0.00556
4 0.33099 0.60509 0.0099 0.00648
4 0.33125 0.60741 0.00937 0.00556
4 0.32917 0.61019 0.00833 0.00556
4 0.3276 0.61296 0.00833 0.00741
4 0.3263 0.61435 0.0099 0.00833
4 0.31536 0.61019 0.00573 0.00741
4 0.30833 0.58565 0.00625 0.00463
4 0.30677 0.58611 0.00729 0.0037
5 0.31719 0.58889 0.00625 0.00556
4 0.31745 0.59167 0.00573 0.00556
4 0.31589 0.59352 0.00677 0.00741
4 0.31536 0.59491 0.00677 0.00648
4 0.31328 0.59583 0.00677 0.00648
4 0.30651 0.59398 0.00677 0.00648
4 0.31198 0.59815 0.00833 0.00556
4 0.30469 0.59444 0.00833 0.00556
4 0.30651 0.60324 0.00885 0.00648
4 0.30599 0.60602 0.00885 0.00648
4 0.29818 0.60093 0.00885 0.00741
4 0.29245 0.60694 0.00885 0.00648
4 0.29089 0.60972 0.00885 0.00648
4 0.2901 0.6125 0.00937 0.00648
4 0.30547 0.60833 0.0099 0.00741
1 0.32604 0.64722 0.00208 0.00926
4 0.31849 0.63009 0.0099 0.00833
4 0.31693 0.63287 0.01302 0.01019
4 0.31849 0.63472 0.01198 0.01019
4 0.31224 0.63843 0.01198 0.01019
4 0.31068 0.64028 0.01198 0.01019
4 0.3112 0.64306 0.01198 0.01019
4 0.30807 0.64491 0.01406 0.00833
4 0.30755 0.64769 0.01406 0.00833
4 0.30573 0.65046 0.01354 0.00833
4 0.30521 0.65509 0.01354 0.00833
4 0.30339 0.65694 0.01406 0.00833
4 0.30026 0.6588 0.01406 0.00833
4 0.29766 0.66111 0.01719 0.01111
4 0.29609 0.66713 0.01719 0.01019
4 0.29141 0.66898 0.01719 0.01019
4 0.28984 0.67407 0.01719 0.01111
4 0.2862 0.67824 0.01719 0.01019
4 0.27057 0.70463 0.01719 0.01111
5 0.28437 0.68102 0.01875 0.01389
4 0.28333 0.68796 0.01562 0.01111
4 0.29922 0.63611 0.00573 0.00926
4 0.27448 0.62407 0.01146 0.00741
1 0.27135 0.62361 0.00208 0.00833
4 0.28828 0.64213 0.00781 0.01019
4 0.27969 0.65 0.00833 0.01111
4 0.27422 0.65833 0.00781 0.01111
4 0.26797 0.66296 0.00781 0.01296
4 0.25755 0.68009 0.01198 0.01389
4 0.24896 0.69074 0.01042 0.01296
1 0.23984 0.66759 0.0026 0.01111
1 0.2362 0.65417 0.0026 0.01204
4 0.25521 0.625 0.0125 0.01111
4 0.25286 0.6287 0.01302 0.00741
5 0.25182 0.64028 0.00781 0.01019
4 0.25104 0.63333 0.0125 0.00741
4 0.24896 0.65 0.00937 0.00926
4 0.23646 0.64491 0.01458 0.00833
1 0.20625 0.6662 0.00208 0.00833
1 0.20417 0.66481 0.00208 0.01296
4 0.23047 0.65278 0.01094 0.00926
4 0.225 0.65741 0.01562 0.00926
4 0.22135 0.6662 0.01146 0.01574
4 0.20833 0.68009 0.01146 0.01389
4 0.19245 0.69537 0.01406 0.01481
4 0.28229 0.63102 0.0125 0.00833
4 0.28021 0.63426 0.0125 0.00741
4 0.27969 0.63611 0.0125 0.00741
4 0.27552 0.63843 0.0125 0.00833
4 0.27187 0.64167 0.0125 0.00741
4 0.26927 0.64583 0.0125 0.00833
4 0.26823 0.64769 0.0125 0.00833
4 0.26562 0.64954 0.0125 0.00833
4 0.26354 0.65324 0.0125 0.00833
4 0.26094 0.65741 0.0125 0.00741
4 0.25781 0.66296 0.0125 0.00741
4 0.25312 0.66528 0.01458 0.01019
4 0.24896 0.66991 0.01458 0.01019
4 0.24635 0.67685 0.01458 0.00926
4 0.2388 0.68565 0.01719 0.01019
4 0.23255 0.68843 0.01719 0.01019
4 0.22865 0.69537 0.01667 0.01111
4 0.21771 0.70556 0.01979 0.01296
4 0.20625 0.71944 0.01979 0.01296
4 0.19922 0.72824 0.0224 0.01574
4 0.24036 0.70231 0.01198 0.01389
4 0.23047 0.71204 0.01302 0.01667
4 0.21979 0.72639 0.01458 0.01574
4 0.19323 0.73472 0.02187 0.01574
4 0.18672 0.74028 0.02135 0.01574
4 0.18281 0.75 0.025 0.01852
4 0.16901 0.76019 0.02656 0.01852
4 0.16172 0.77176 0.02656 0.01759
4 0.14609 0.79028 0.03281 0.025
5 0.14948 0.77685 0.02708 0.01852
4 0.12917 0.81157 0.03542 0.02685
4 0.1151 0.82407 0.03542 0.02593
4 0.10365 0.83981 0.03542 0.02593
4 0.08802 0.85741 0.03542 0.02593
4 0.07656 0.87361 0.03542 0.02685
4 0.05807 0.89306 0.04531 0.0287
4 0.03411 0.91944 0.05365 0.03519
1 0.04714 0.86667 0.00677 0.02963
1 0.17448 0.83194 0.00417 0.02685
1 0.18099 0.83333 0.00469 0.02593
5 0.16068 0.70926 0.02135 0.01667
4 0.15469 0.71759 0.02292 0.01481
4 0.14271 0.7463 0.02083 0.02037
4 0.11797 0.76065 0.0151 0.02315
8 0.12682 0.74028 0.01927 0.01944
4 0.10078 0.76343 0.01198 0.0213
10 0.06224 0.78935 0.0099 0.01759
6 0.11146 0.94769 0.06875 0.04907
6 0.13464 0.91944 0.0474 0.04815
4 0.15339 0.90139 0.03906 0.03241
4 0.16328 0.87824 0.03906 0.0287
4 0.18203 0.8625 0.03906 0.0287
4 0.20078 0.83102 0.03385 0.02685
4 0.20443 0.8162 0.03281 0.02315
4 0.21484 0.80139 0.03177 0.02315
4 0.2276 0.78843 0.01771 0.0213
4 0.2276 0.77778 0.025 0.02037
4 0.23333 0.76759 0.025 0.01852
4 0.24115 0.75648 0.02396 0.01852
4 0.24974 0.74722 0.02344 0.01852
6 0.2487 0.73796 0.0276 0.02037
4 0.25625 0.73287 0.02396 0.01759
4 0.25573 0.72546 0.025 0.01389
4 0.26849 0.71157 0.01615 0.01389
6 0.27187 0.69769 0.02292 0.01574
4 0.26042 0.79769 0.03021 0.02315
4 0.25859 0.78287 0.0224 0.01944
4 0.26589 0.77176 0.02448 0.01944
4 0.27005 0.76019 0.02448 0.01852
4 0.28281 0.7375 0.02292 0.01944
4 0.29245 0.71343 0.02031 0.01574
4 0.29714 0.70509 0.02031 0.01204
4 0.29922 0.7 0.01823 0.01111
4 0.30521 0.68935 0.01771 0.01389
4 0.30911 0.67778 0.0151 0.01296
4 0.35443 0.67037 0.01615 0.01296
9 0.34948 0.70046 0.02708 0.0213
4 0.34349 0.71389 0.01823 0.01481
4 0.3388 0.74398 0.0224 0.01574
4 0.3388 0.75972 0.0224 0.01574
4 0.33958 0.76944 0.02604 0.01667
4 0.3349 0.78241 0.02604 0.02037
4 0.33516 0.82176 0.02656 0.02315
4 0.32734 0.83519 0.03281 0.02778
4 0.32526 0.87639 0.03385 0.03056
4 0.5375 0.95509 0.03021 0.03241
4 0.56615 0.94306 0.03333 0.05278
4 0.48906 0.90602 0.02083 0.05463
4 0.45391 0.87361 0.01927 0.04722
4 0.42422 0.87546 0.01615 0.04352
4 0.47526 0.85556 0.02031 0.04444
4 0.50156 0.85556 0.01979 0.03333
4 0.51276 0.8287 0.01927 0.02778
4 0.46432 0.81898 0.01615 0.03241
4 0.45833 0.78565 0.01458 0.03056
4 0.47526 0.77963 0.01615 0.02778
4 0.49167 0.76898 0.01458 0.0213
4 0.45078 0.75509 0.01198 0.02685
4 0.47083 0.73333 0.01354 0.01852
4 0.43255 0.74861 0.01198 0.02315
4 0.41432 0.76065 0.01094 0.02685
1 0.48698 0.7037 0.00208 0.01481
1 0.48958 0.70417 0.00208 0.01574
4 0.40937 0.69861 0.00833 0.01389
6 0.41016 0.70926 0.01094 0.03333
4 0.39531 0.68935 0.00833 0.01944
4 0.42474 0.70694 0.00885 0.01944
4 0.43854 0.71111 0.01042 0.01667
4 0.44844 0.69954 0.01042 0.01759
4 0.46719 0.70972 0.01146 0.01759
4 0.47656 0.70417 0.01042 0.01574
1 0.47552 0.67731 0.00208 0.01204
4 0.4638 0.67546 0.00885 0.01204
4 0.45 0.66991 0.00833 0.01389
4 0.45495 0.65509 0.00781 0.01204
4 0.43828 0.67454 0.0099 0.01389
5 0.41615 0.67685 0.00833 0.01852
9 0.39115 0.63519 0.00833 0.02593
4 0.4138 0.65231 0.00677 0.01389
4 0.43255 0.65324 0.00677 0.01204
4 0.44141 0.64583 0.00677 0.01019
4 0.43984 0.62824 0.00573 0.00833
4 0.44375 0.61389 0.01146 0.00926
4 0.43229 0.63519 0.00521 0.00926
4 0.42266 0.62407 0.00469 0.00926
4 0.42995 0.61435 0.00469 0.00833
6 0.41615 0.60509 0.00417 0.01019
8 0.40729 0.60324 0.00208 0.00648
1 0.40859 0.59306 0.00156 0.00648
4 0.42552 0.60093 0.00417 0.00556
4 0.4224 0.60556 0.00521 0.00741
4 0.40182 0.60509 0.00365 0.00648
4 0.39714 0.59398 0.00365 0.00833
4 0.41536 0.59306 0.00365 0.00648
4 0.4138 0.58796 0.00365 0.00741
4 0.41693 0.58426 0.00365 0.00556
4 0.41146 0.57824 0.00313 0.00463
4 0.40573 0.56852 0.00313 0.00556
4 0.4 0.575 0.00313 0.00556
4 0.39089 0.57083 0.0026 0.00463
4 0.39245 0.5588 0.0026 0.00463
4 0.39245 0.5537 0.00156 0.0037
4 0.39661 0.55278 0.00156 0.0037
4 0.39401 0.54398 0.00156 0.00278
4 0.3888 0.54491 0.00156 0.00278
4 0.39792 0.54676 0.00208 0.00278
4 0.39844 0.54491 0.00104 0.00278
4 0.40182 0.54583 0.00156 0.00278
4 0.39062 0.53889 0.00104 0.00185
4 0.39089 0.53704 0.00156 0.00185
4 0.39948 0.53704 0.00104 0.00185
0 0.39609 0.52454 0.02656 0.01759
4 0.67708 0.90602 0.04583 0.03426
4 0.65755 0.8875 0.0401 0.03056
4 0.64089 0.86574 0.04219 0.03148
4 0.62865 0.84352 0.03646 0.03148
4 0.61354 0.82824 0.03333 0.025
4 0.60078 0.81296 0.03385 0.02593
1 0.6125 0.80231 0.00521 0.0213
1 0.61875 0.80093 0.00521 0.02222
4 0.5875 0.8 0.03229 0.02222
4 0.58177 0.78657 0.03125 0.0213
4 0.57318 0.77315 0.03073 0.02407
5 0.56094 0.76111 0.02917 0.02407
4 0.55312 0.7463 0.02604 0.01852
4 0.53958 0.73056 0.02604 0.02037
4 0.58255 0.73333 0.01823 0.01852
10 0.56979 0.71481 0.00417 0.01111
4 0.52969 0.67269 0.00937 0.01389
4 0.52786 0.66019 0.01719 0.01481
4 0.54844 0.65602 0.01146 0.01204
