4 0.43281 0.78333 0.02083 0.06667
4 0.43385 0.37593 0.01042 0.02593
4 0.29089 0.90139 0.03073 0.10093
4 0.34036 0.89769 0.02656 0.10648
4 0.34844 0.80509 0.025 0.08056
4 0.35547 0.72454 0.02135 0.075
4 0.36406 0.65926 0.02083 0.06296
4 0.37057 0.6037 0.01615 0.04815
4 0.3724 0.55694 0.01458 0.03981
4 0.37812 0.52639 0.01562 0.04352
4 0.38151 0.48426 0.01406 0.04074
4 0.39167 0.40556 0.01146 0.02778
4 0.36953 0.35278 0.01302 0.03148
4 0.39375 0.38241 0.00833 0.02037
4 0.39661 0.36389 0.00885 0.02407
4 0.39635 0.34491 0.01042 0.02315
4 0.40286 0.29167 0.00885 0.01667
4 0.40443 0.26806 0.00885 0.01944
4 0.40651 0.25 0.00885 0.01852
4 0.39271 0.24167 0.01146 0.01852
5 0.38594 0.29167 0.00833 0.02407
4 0.38958 0.4338 0.0125 0.0287
1 0.30391 0.63611 0.00469 0.02593
1 0.33698 0.58241 0.00417 0.02407
1 0.33828 0.50602 0.00365 0.01759
1 0.34271 0.50463 0.00417 0.01667
1 0.31562 0.47176 0.00313 0.01389
10 0.32318 0.53981 0.00677 0.02778
10 0.3224 0.47315 0.00729 0.01852
10 0.35859 0.53519 0.01198 0.01852
10 0.35677 0.5588 0.0125 0.01944
10 0.36042 0.51111 0.01146 0.01296
10 0.3638 0.49444 0.01302 0.01296
10 0.36484 0.47824 0.01198 0.01574
10 0.36875 0.45787 0.01146 0.01759
10 0.37526 0.41667 0.00885 0.01296
10 0.37031 0.44583 0.00937 0.01204
1 0.36667 0.36991 0.00417 0.01574
1 0.35208 0.32315 0.00313 0.01481
6 0.35729 0.32731 0.00521 0.01944
4 0.40026 0.30972 0.0099 0.01759
4 0.41875 0.2963 0.00833 0.02593
4 0.38568 0.32917 0.0099 0.01574
4 0.38464 0.31713 0.01615 0.01574
4 0.40885 0.23287 0.00729 0.01574
4 0.40964 0.21806 0.00573 0.01204
4 0.40781 0.20741 0.00521 0.01296
4 0.40937 0.19722 0.00521 0.01111
4 0.38984 0.15787 0.01302 0.01204
4 0.39036 0.17778 0.00885 0.01111
4 0.39062 0.21435 0.0125 0.01389
4 0.39062 0.20278 0.00833 0.00926
4 0.39271 0.22778 0.01042 0.01111
4 0.37005 0.13843 0.01198 0.01019
1 0.37839 0.29491 0.00156 0.01019
10 0.43125 0.22917 0.00417 0.01574
4 0.41198 0.14259 0.01458 0.01111
4 0.39219 0.05648 0.00729 0.00741
4 0.38542 0.07454 0.00521 0.00648
4 0.38854 0.04907 0.00313 0.00556
5 0.38099 0.07546 0.00365 0.00833
5 0.38125 0.11898 0.00417 0.01204
4 0.42005 0.00185 0.00573 0.0037
4 0.41979 0.00602 0.00625 0.00463
4 0.41979 0.01019 0.00729 0.00556
4 0.41901 0.0162 0.00677 0.00648
4 0.41875 0.01944 0.00625 0.00556
4 0.41667 0.02454 0.00625 0.00648
4 0.41641 0.02778 0.00573 0.00741
4 0.41615 0.03102 0.00625 0.00648
4 0.41432 0.03519 0.00781 0.00556
4 0.41354 0.03889 0.00729 0.00556
4 0.41276 0.04444 0.00677 0.00556
4 0.41146 0.04907 0.00521 0.0037
4 0.41042 0.05278 0.00625 0.0037
4 0.40911 0.05787 0.00781 0.00648
4 0.40807 0.0662 0.00885 0.00648
4 0.40573 0.07176 0.00729 0.00648
4 0.40521 0.07639 0.00833 0.00648
4 0.40391 0.08056 0.00677 0.00741
4 0.40391 0.08472 0.00885 0.00833
4 0.40286 0.08889 0.01094 0.00926
4 0.40156 0.09259 0.01146 0.01111
4 0.40026 0.09676 0.0099 0.00833
4 0.40182 0.09861 0.01094 0.00648
4 0.40078 0.10509 0.01094 0.00833
4 0.39922 0.11065 0.01094 0.00648
4 0.39714 0.1125 0.0099 0.00648
4 0.39714 0.11852 0.01094 0.00926
4 0.40417 0.05509 0.00625 0.00648
4 0.38724 0.05787 0.00365 0.00463
4 0.38698 0.06389 0.00313 0.00556
4 0.38568 0.07037 0.00573 0.00556
4 0.3737 0.11991 0.00469 0.01019
4 0.36615 0.11944 0.00521 0.00926
4 0.36693 0.10324 0.00781 0.00648
4 0.36745 0.0963 0.00573 0.00556
4 0.37083 0.08889 0.00625 0.00741
1 0.43151 0.04769 0.00156 0.00463
1 0.38411 0.09907 0.00156 0.00741
1 0.38255 0.09769 0.00156 0.00648
1 0.39349 0.09954 0.00156 0.00648
1 0.39141 0.09907 0.00156 0.00741
1 0.3901 0.12037 0.00208 0.01111
1 0.38828 0.11991 0.00156 0.00648
1 0.41276 0.10139 0.00156 0.00648
1 0.4112 0.10046 0.00156 0.00648
1 0.39401 0.15231 0.00156 0.00833
1 0.39115 0.15046 0.00208 0.00833
1 0.3888 0.14907 0.00156 0.00741
10 0.36901 0.14583 0.00469 0.00463
10 0.375 0.08194 0.00313 0.00278
0 0.42995 0.0213 0.00469 0.04259
4 0.42812 0.05278 0.00417 0.00556
4 0.42526 0.06019 0.00573 0.00741
4 0.42448 0.06759 0.00521 0.00741
4 0.42266 0.08426 0.00365 0.00556
4 0.42656 0.10324 0.00625 0.01019
4 0.41771 0.13009 0.00937 0.01204
4 0.43385 0.09769 0.00417 0.01019
4 0.43359 0.1125 0.00573 0.00833
4 0.43333 0.12222 0.00417 0.00926
1 0.42969 0.12454 0.00104 0.00463
4 0.42604 0.11204 0.00521 0.00556
1 0.41901 0.12269 0.00156 0.00648
1 0.38359 0.17315 0.00156 0.00556
1 0.38125 0.23241 0.00208 0.00741
1 0.4263 0.22315 0.00156 0.00741
4 0.44349 0.0037 0.0026 0.00556
4 0.44167 0.02222 0.00313 0.0037
4 0.43568 0.03056 0.00469 0.00741
4 0.43516 0.03843 0.00469 0.00463
4 0.44453 0.0287 0.0026 0.00741
4 0.44245 0.03796 0.00365 0.00741
4 0.44271 0.04769 0.00417 0.00648
4 0.44167 0.07269 0.00313 0.00648
4 0.44141 0.07917 0.00365 0.00463
4 0.44219 0.09815 0.00417 0.00556
4 0.44271 0.05463 0.00313 0.00741
4 0.44167 0.06111 0.00417 0.00556
4 0.44115 0.06667 0.00417 0.00556
4 0.45156 0.08796 0.00313 0.00556
4 0.45052 0.08241 0.00313 0.00556
4 0.45052 0.07593 0.00313 0.00556
4 0.44974 0.07037 0.00365 0.00556
4 0.45 0.06667 0.00313 0.00556
4 0.45 0.06296 0.00313 0.00556
4 0.45 0.05741 0.00313 0.00556
4 0.45052 0.05231 0.00417 0.00648
4 0.44974 0.04722 0.0026 0.0037
4 0.44922 0.0088 0.0026 0.00463
4 0.44896 0.00278 0.00313 0.00556
4 0.44922 0.01528 0.0026 0.00463
4 0.44922 0.02083 0.0026 0.00463
4 0.45 0.02639 0.00313 0.00463
4 0.45 0.03148 0.00313 0.0037
4 0.45 0.03657 0.00313 0.00278
4 0.45026 0.04259 0.00365 0.00556
4 0.46276 0.0125 0.00573 0.00463
4 0.46276 0.00926 0.00573 0.0037
4 0.46302 0.00648 0.00625 0.00556
4 0.46328 0.00324 0.00573 0.00463
4 0.47813 0.00648 0.00521 0.0037
4 0.47891 0.01157 0.00469 0.00463
4 0.46849 0.0213 0.00365 0.0037
4 0.47344 0.02222 0.00313 0.00556
4 0.47865 0.02824 0.00417 0.00648
4 0.46094 0.14954 0.01562 0.01204
4 0.4349 0.1463 0.01458 0.01111
4 0.45365 0.15741 0.01771 0.01296
1 0.47187 0.00556 0.00104 0.0037
1 0.4638 0.05185 0.00156 0.00556
1 0.46172 0.03704 0.00156 0.00556
1 0.47578 0.02824 0.00156 0.00463
1 0.47422 0.0463 0.00156 0.00556
1 0.49219 0.05324 0.00104 0.00278
4 0.47813 0.01759 0.00417 0.00556
4 0.47839 0.02407 0.00365 0.0037
4 0.46979 0.04306 0.00625 0.00648
4 0.46927 0.04028 0.00625 0.00648
1 0.46276 0.10278 0.00156 0.00741
1 0.4638 0.11296 0.00156 0.00556
1 0.47031 0.12315 0.00104 0.00556
1 0.46901 0.10648 0.00156 0.00741
1 0.46484 0.10556 0.00156 0.00741
1 0.46693 0.10602 0.00156 0.00648
10 0.4401 0.13056 0.00521 0.00556
2 0.43958 0.1287 0.00208 0.00556
1 0.45755 0.11019 0.00156 0.0037
1 0.47474 0.18333 0.00156 0.00741
1 0.47161 0.18333 0.00156 0.00741
1 0.48594 0.18102 0.00208 0.00833
1 0.48021 0.2 0.00208 0.00741
1 0.47813 0.20093 0.00208 0.00926
1 0.48516 0.21157 0.00156 0.01019
1 0.48542 0.22824 0.00208 0.00833
1 0.48203 0.22778 0.00156 0.00741
1 0.49036 0.19213 0.00156 0.00833
1 0.48151 0.17917 0.00156 0.00648
10 0.48828 0.17037 0.00365 0.00556
2 0.48776 0.16944 0.0026 0.0037
1 0.4388 0.22685 0.00156 0.00926
2 0.43099 0.22593 0.00365 0.01111
4 0.43464 0.19074 0.00677 0.01111
4 0.4526 0.24167 0.00521 0.00926
4 0.45547 0.25694 0.00677 0.01204
4 0.47943 0.29815 0.0099 0.02407
4 0.45677 0.31991 0.00833 0.01574
4 0.45781 0.30463 0.00833 0.01667
4 0.45677 0.27824 0.00729 0.01389
1 0.49375 0.28981 0.00208 0.01481
4 0.48698 0.35787 0.01042 0.025
4 0.45781 0.38148 0.01042 0.02407
4 0.45781 0.40926 0.01146 0.02593
4 0.45807 0.43565 0.01302 0.03056
4 0.45937 0.46991 0.01354 0.03426
4 0.46146 0.50741 0.01458 0.04074
4 0.46198 0.55694 0.01667 0.03611
4 0.4651 0.66204 0.01979 0.05741
4 0.46719 0.72407 0.02083 0.06111
4 0.4724 0.9287 0.02187 0.08704
4 0.52969 0.06667 0.00417 0.00926
4 0.5349 0.06759 0.00417 0.00741
4 0.49505 0.16204 0.01406 0.01111
4 0.49141 0.15231 0.01615 0.01019
10 0.48385 0.19213 0.00313 0.01019
10 0.5013 0.2088 0.0026 0.01019
1 0.49818 0.2287 0.00156 0.00556
1 0.50547 0.21389 0.00156 0.00741
1 0.51094 0.1875 0.00104 0.00648
1 0.51953 0.33843 0.00156 0.01019
10 0.51979 0.36065 0.00833 0.01204
1 0.52682 0.51574 0.0026 0.01481
1 0.52344 0.51806 0.00313 0.01389
4 0.50469 0.64213 0.01979 0.06389
1 0.53229 0.65694 0.00313 0.0213
1 0.52865 0.65648 0.00313 0.01852
1 0.53542 0.65648 0.00208 0.01481
4 0.51797 0.81389 0.02135 0.05556
1 0.55547 0.79722 0.00573 0.03333
1 0.54609 0.75 0.00677 0.02593
1 0.54115 0.50463 0.00417 0.02037
10 0.53958 0.48102 0.0125 0.01389
1 0.55339 0.12315 0.00156 0.00741
1 0.55026 0.11944 0.00156 0.00741
6 0.53828 0.08704 0.00573 0.00926
4 0.54089 0.06713 0.0026 0.00648
4 0.51927 0.06481 0.00313 0.0037
1 0.63568 0.11852 0.00156 0.00741
10 0.57083 0.65694 0.00729 0.02685
4 0.57109 0.73796 0.02031 0.06111
4 0.64531 0.10787 0.0125 0.00833
1 0.63906 0.11991 0.00208 0.00648
1 0.66302 0.12731 0.00208 0.01019
2 0.50182 0.20648 0.0026 0.0037
2 0.48333 0.19028 0.00208 0.00463
