1 0.10651 0.6912 0.0099 0.01204
1 0.08203 0.78148 0.01302 0.01111
1 0.04036 0.66019 0.00885 0.01296
1 0.07891 0.64815 0.00781 0.01296
1 0.5099 0.73657 0.00833 0.01759
6 0.525 0.52083 0.02813 0.08056
2 0.50104 0.49861 0.00625 0.01574
2 0.50156 0.5088 0.00833 0.01574
2 0.47865 0.36111 0.00625 0.01667
2 0.41589 0.34954 0.00573 0.01204
1 0.65625 0.5213 0.01146 0.01852
1 0.41406 0.35787 0.00625 0.01019
10 0.41354 0.35463 0.01667 0.01296
10 0.47708 0.3625 0.00833 0.01944
10 0.50026 0.5125 0.00573 0.03056
1 0.10625 0.26435 0.00833 0.01759
1 0.10495 0.11713 0.00781 0.01574
1 0.10339 0.13704 0.00573 0.01111
1 0.31771 0.27824 0.00417 0.01204
1 0.24323 0.30093 0.00208 0.01481
1 0.34427 0.28519 0.00521 0.01481
2 0.36276 0.29306 0.00573 0.01389
10 0.36276 0.29769 0.00781 0.01574
10 0.41875 0.23333 0.01458 0.01296
2 0.42031 0.23102 0.00521 0.01759
1 0.33333 0.29398 0.00417 0.01574
1 0.32578 0.29352 0.00469 0.01111
2 0.36094 0.25139 0.00417 0.01759
2 0.36276 0.24815 0.00365 0.01481
10 0.35885 0.25231 0.0125 0.01204
1 0.38229 0.22778 0.00313 0.01296
2 0.45547 0.31574 0.00469 0.01852
10 0.45391 0.31991 0.01198 0.01204
1 0.37786 0.17407 0.00469 0.01852
1 0.67448 0.30741 0.00937 0.01852
1 0.66927 0.29676 0.00833 0.01759
5 0.51719 0.26111 0.01667 0.05556
6 0.6224 0.19769 0.03646 0.09352
1 0.55286 0.1875 0.00677 0.01944
2 0.54661 0.20833 0.00469 0.01481
2 0.54453 0.20741 0.00469 0.01667
10 0.54271 0.2125 0.01667 0.01389
1 0.44974 0.11065 0.00469 0.01759
1 0.47161 0.03889 0.00469 0.01481
1 0.47396 0.03981 0.00417 0.01667
2 0.44531 0.06343 0.00313 0.01389
2 0.44115 0.06991 0.00313 0.01389
2 0.4974 0.03056 0.00417 0.01667
3 0.44141 0.07639 0.00469 0.01204
3 0.44479 0.06806 0.00313 0.01389
3 0.49583 0.03565 0.00417 0.01574
2 0.43932 0.00509 0.00469 0.01019
10 0.43932 0.00694 0.00469 0.01204
1 0.65286 0.05833 0.00677 0.02037
1 0.68125 0.17778 0.00729 0.01481
1 0.6724 0.15417 0.00833 0.0213
