4 0.50729 0.61204 0.02396 0.0537
4 0.56484 0.71528 0.03281 0.07685
4 0.50365 0.49537 0.01979 0.03333
4 0.47448 0.45324 0.01562 0.0287
4 0.48984 0.42963 0.01302 0.02407
4 0.52344 0.38565 0.02187 0.0213
4 0.47005 0.36343 0.02135 0.01759
4 0.38359 0.33287 0.01823 0.01574
4 0.41432 0.32639 0.0151 0.01574
4 0.43125 0.29815 0.01146 0.01481
4 0.39661 0.29491 0.00885 0.01759
4 0.38542 0.29491 0.00937 0.01944
4 0.40703 0.28704 0.00781 0.01481
4 0.38542 0.27176 0.00833 0.01389
4 0.38125 0.26065 0.00833 0.01389
9 0.4099 0.26574 0.01979 0.03519
4 0.53698 0.3537 0.02083 0.01852
4 0.55208 0.34583 0.02187 0.01574
4 0.52214 0.31435 0.01823 0.01574
4 0.53464 0.31343 0.01198 0.01759
4 0.55495 0.31759 0.01927 0.01296
4 0.55365 0.31481 0.01875 0.01481
4 0.5513 0.30972 0.0151 0.01389
4 0.59141 0.30787 0.01927 0.01574
4 0.59557 0.31204 0.02031 0.01296
4 0.5987 0.31806 0.02031 0.01389
10 0.49401 0.33565 0.00573 0.00833
10 0.47318 0.34352 0.00573 0.00741
10 0.48203 0.33333 0.00573 0.00741
10 0.46927 0.3287 0.00625 0.00741
10 0.46458 0.32593 0.00625 0.00926
10 0.44297 0.32824 0.00781 0.01019
10 0.35885 0.3787 0.00521 0.00926
10 0.33151 0.39028 0.00781 0.00833
2 0.33099 0.38519 0.00469 0.01111
2 0.35885 0.37593 0.00313 0.00926
2 0.44323 0.32546 0.00313 0.01204
2 0.4737 0.3412 0.00365 0.01019
2 0.46406 0.32269 0.00417 0.01019
2 0.46953 0.32593 0.00365 0.00926
2 0.48229 0.32963 0.00417 0.00926
2 0.49401 0.33241 0.00365 0.01111
1 0.50833 0.31991 0.00313 0.01019
1 0.5026 0.31481 0.00208 0.01296
1 0.49271 0.31296 0.00313 0.01296
1 0.50781 0.31667 0.00313 0.01296
1 0.47005 0.30741 0.00365 0.01296
1 0.33906 0.40509 0.00417 0.01574
1 0.32682 0.37361 0.00365 0.01389
1 0.54974 0.42639 0.00469 0.01759
1 0.53698 0.48241 0.00521 0.01852
2 0.57188 0.61204 0.00625 0.01296
2 0.4388 0.58194 0.00677 0.01389
2 0.42005 0.62361 0.00677 0.01574
2 0.3763 0.71065 0.0099 0.025
10 0.41979 0.63009 0.00625 0.0213
10 0.43932 0.59306 0.00677 0.025
10 0.57188 0.61852 0.00625 0.01852
0 0.52214 0.42778 0.03073 0.01481
2 0.55104 0.48796 0.00833 0.01481
1 0.62005 0.57685 0.00885 0.01852
1 0.61797 0.57083 0.0099 0.02315
1 0.6151 0.5662 0.01042 0.01944
1 0.33932 0.81759 0.00677 0.02593
1 0.36615 0.70972 0.00521 0.03426
1 0.33594 0.63935 0.00625 0.025
1 0.34193 0.56343 0.00573 0.02315
10 0.3612 0.5537 0.00469 0.02037
4 0.62396 0.3537 0.02292 0.01481
9 0.7125 0.35 0.03333 0.03148
0 0.42135 0.34028 0.00521 0.00833
0 0.57292 0.3125 0.00937 0.01574
0 0.64193 0.3162 0.03802 0.00648
0 0.69193 0.31667 0.02656 0.00741
