5 0.19572 0.29917 0.05532 0.12338
4 0.25705 0.25557 0.05063 0.09369
11 0.13492 0.07607 0.13727 0.141
1 0.35047 0.28108 0.01722 0.05195
4 0.35725 0.83859 0.07359 0.23562
4 0.58377 0.53711 0.06106 0.17996
5 0.75078 0.47449 0.05271 0.1475
8 0.62944 0.4295 0.06681 0.06865
11 0.67354 0.5603 0.06002 0.19666
7 0.64066 0.08302 0.02662 0.08627
2 0.50678 0.11596 0.01253 0.04638
3 0.50731 0.1257 0.00835 0.04545
1 0.77244 0.30612 0.01566 0.03525
1 0.86404 0.58859 0.01618 0.03061
1 0.8737 0.56911 0.02088 0.04545
10 0.92302 0.55519 0.04019 0.04545
1 0.81028 0.62616 0.01931 0.04453
1 0.77766 0.62848 0.02088 0.04917
10 0.75626 0.6475 0.02923 0.09647
10 0.72599 0.62291 0.02505 0.0603
10 0.78836 0.7384 0.02662 0.07792
10 0.73643 0.76067 0.03236 0.06308
10 0.6751 0.72032 0.03079 0.07514
10 0.64718 0.7166 0.02505 0.06957
3 0.86404 0.24907 0.0214 0.04731
10 0.95042 0.37709 0.02088 0.06401
10 0.97495 0.7333 0.02192 0.07328
10 0.80297 0.90816 0.01722 0.07607
10 0.75391 0.87199 0.04228 0.07792
2 0.75391 0.86688 0.02662 0.05473
10 0.67119 0.82699 0.01879 0.08442
7 0.59525 0.72866 0.05898 0.1308
7 0.6083 0.86967 0.05376 0.15306
7 0.58586 0.93367 0.06942 0.1308
