4 0.05443 0.03704 0.01719 0.01667
4 0.04193 0.0625 0.01302 0.01389
4 0.0599 0.06296 0.0125 0.01667
4 0.08099 0.06389 0.0151 0.01667
4 0.16719 0.14444 0.01354 0.01481
4 0.16875 0.15787 0.0125 0.01204
4 0.16146 0.17037 0.01771 0.01296
4 0.15547 0.18333 0.01719 0.01481
4 0.14505 0.21111 0.01615 0.01296
4 0.1362 0.22778 0.01823 0.01296
4 0.12995 0.23935 0.01719 0.01204
4 0.12057 0.25324 0.01615 0.01574
4 0.11927 0.26713 0.01771 0.01944
10 0.20104 0.59444 0.00417 0.01111
10 0.19115 0.60741 0.00521 0.01111
10 0.19583 0.60231 0.00521 0.01019
10 0.19844 0.59769 0.00417 0.01019
1 0.27344 0.55833 0.00313 0.00741
1 0.26719 0.2912 0.00208 0.00833
3 0.32031 0.27546 0.00208 0.01019
3 0.32708 0.27685 0.00208 0.00926
3 0.32969 0.275 0.00208 0.00926
3 0.3401 0.27315 0.00208 0.00926
3 0.34557 0.2787 0.0026 0.00926
0 0.3401 0.24815 0.00625 0.00926
0 0.32865 0.24676 0.00521 0.00833
0 0.34349 0.25926 0.00469 0.00741
10 0.34297 0.26806 0.00156 0.01019
0 0.32865 0.26111 0.00833 0.01296
0 0.35208 0.26019 0.00521 0.01111
1 0.31146 0.70833 0.00417 0.00556
1 0.34245 0.84352 0.00365 0.00556
4 0.38307 0.04306 0.00469 0.01944
4 0.38984 0.04352 0.00573 0.02037
4 0.41146 0.0463 0.00625 0.02222
4 0.41875 0.04815 0.00521 0.01852
0 0.44844 0.04491 0.01667 0.01574
4 0.39818 0.04491 0.00573 0.0213
4 0.59635 0.90139 0.01354 0.04537
4 0.63177 0.87037 0.01354 0.03704
4 0.63802 0.92731 0.01458 0.04907
10 0.69714 0.86759 0.00469 0.01667
4 0.68776 0.82917 0.02344 0.01944
6 0.62995 0.81991 0.02344 0.05648
4 0.62057 0.76806 0.01406 0.03981
4 0.61458 0.72176 0.0125 0.03796
4 0.61016 0.67917 0.01302 0.03611
4 0.60521 0.63472 0.0125 0.03426
6 0.60208 0.59213 0.0125 0.03241
4 0.59115 0.51944 0.01042 0.03333
4 0.63828 0.51713 0.0099 0.03241
4 0.64896 0.51759 0.00937 0.02963
4 0.65859 0.5162 0.01302 0.02685
4 0.62917 0.48472 0.01458 0.01574
4 0.62969 0.4625 0.01042 0.03056
4 0.63854 0.46204 0.01354 0.03148
4 0.64792 0.46481 0.01146 0.02963
5 0.65 0.35509 0.00937 0.0213
4 0.66068 0.29954 0.01094 0.0287
4 0.66979 0.29907 0.01042 0.02593
4 0.67812 0.30231 0.01146 0.0287
4 0.68854 0.30324 0.01146 0.0287
4 0.69792 0.30278 0.01146 0.02593
4 0.71146 0.34676 0.0125 0.025
4 0.69583 0.74074 0.01979 0.02593
4 0.72266 0.86157 0.01302 0.04352
10 0.71641 0.86528 0.01198 0.0287
2 0.56458 0.30926 0.00313 0.00556
10 0.56432 0.31065 0.0026 0.00833
4 0.53281 0.07083 0.00833 0.0213
4 0.62682 0.09722 0.00885 0.02222
4 0.64323 0.09352 0.00937 0.02222
4 0.67448 0.09722 0.01146 0.02407
7 0.35417 0.27454 0.00417 0.01389
