6 0.54323 0.69676 0.11458 0.125
4 0.64479 0.56898 0.04271 0.05093
4 0.6599 0.88426 0.06042 0.07593
4 0.71901 0.91759 0.07344 0.09259
4 0.72682 0.83565 0.07031 0.075
6 0.89062 0.4875 0.09167 0.08796
4 0.1013 0.21806 0.01719 0.01759
4 0.17656 0.18657 0.01667 0.01759
6 0.21875 0.15139 0.02292 0.02685
1 0.24609 0.1787 0.00365 0.01296
6 0.27396 0.09537 0.02396 0.03519
5 0.42526 0.11713 0.00573 0.01389
5 0.41771 0.10602 0.00625 0.01204
6 0.40469 0.09954 0.01042 0.0213
8 0.41823 0.13426 0.00625 0.01111
6 0.40026 0.14861 0.01406 0.01389
8 0.38984 0.14722 0.0099 0.01481
5 0.37995 0.15 0.01094 0.01481
4 0.37214 0.15324 0.0151 0.01389
4 0.36328 0.15741 0.01094 0.01296
4 0.38229 0.16065 0.01771 0.01204
6 0.62734 0.10787 0.03177 0.02315
6 0.61719 0.10093 0.02708 0.02222
6 0.6375 0.1162 0.04167 0.02685
6 0.67031 0.12778 0.03125 0.02037
6 0.69323 0.13981 0.025 0.01852
6 0.6888 0.10694 0.04115 0.0287
6 0.64245 0.07778 0.03594 0.02593
6 0.65104 0.07593 0.02813 0.02593
6 0.65703 0.07639 0.02344 0.02685
6 0.66615 0.07407 0.02708 0.02037
6 0.6974 0.09259 0.04063 0.02222
6 0.70391 0.09213 0.04219 0.01944
6 0.72891 0.08426 0.04323 0.02778
6 0.71693 0.06528 0.03802 0.0213
6 0.72448 0.11759 0.03021 0.02778
6 0.73359 0.11157 0.03802 0.0287
10 0.95521 0.21111 0.01042 0.00926
8 0.93359 0.22917 0.01823 0.02315
10 0.9526 0.26574 0.0125 0.01296
10 0.92005 0.23287 0.0099 0.01204
10 0.88177 0.23287 0.00625 0.01019
10 0.89245 0.2412 0.00781 0.01019
7 0.89219 0.23565 0.01562 0.01389
4 0.87344 0.24537 0.02292 0.01667
4 0.86615 0.24954 0.02083 0.01944
4 0.85703 0.25417 0.02135 0.01944
1 0.82917 0.25787 0.00417 0.01389
1 0.80339 0.25463 0.00469 0.01667
11 0.85208 0.33657 0.01771 0.04167
11 0.86615 0.33056 0.01458 0.03519
11 0.88203 0.33148 0.01719 0.04444
4 0.73828 0.2963 0.0276 0.02037
4 0.66979 0.33472 0.02917 0.025
7 0.67057 0.3037 0.01302 0.00926
10 0.65521 0.3 0.00833 0.01111
1 0.6901 0.28657 0.00417 0.01574
10 0.71276 0.28796 0.00573 0.00926
7 0.7737 0.35972 0.01198 0.01574
2 0.77526 0.35509 0.00677 0.01389
6 0.60755 0.44861 0.0599 0.05278
6 0.56953 0.41713 0.04635 0.03611
2 0.57995 0.42593 0.00469 0.01852
3 0.57891 0.43102 0.01198 0.01574
10 0.53984 0.41204 0.01302 0.01667
6 0.51693 0.43519 0.0526 0.04259
6 0.41823 0.53704 0.08958 0.07037
6 0.33984 0.48194 0.03073 0.08056
6 0.29141 0.4963 0.04531 0.1
1 0.36146 0.50787 0.00625 0.0287
1 0.36536 0.50278 0.00677 0.02778
1 0.35208 0.56481 0.00729 0.02963
6 0.22578 0.52454 0.07031 0.11204
6 0.16198 0.55926 0.02917 0.07778
6 0.12682 0.55278 0.05469 0.10185
6 0.08776 0.57639 0.05677 0.12315
11 0.57161 0.91806 0.10156 0.14352
6 0.27135 0.57407 0.05417 0.03889
6 0.29401 0.60046 0.10573 0.08981
2 0.63594 0.4037 0.00833 0.02037
10 0.63464 0.41019 0.01198 0.01481
