4 0.17865 0.00185 0.01354 0.0037
4 0.16406 0.01806 0.00729 0.00833
4 0.17786 0.04676 0.00677 0.01204
4 0.20677 0.01481 0.00937 0.01296
4 0.19271 0.03981 0.00729 0.01111
4 0.2 0.03611 0.00625 0.00926
5 0.21641 0.00648 0.01302 0.01296
4 0.225 0.03241 0.00625 0.01296
5 0.23646 0.04769 0.00833 0.01944
5 0.22135 0.05417 0.00729 0.01389
5 0.20807 0.05926 0.00781 0.01667
4 0.19687 0.05556 0.00625 0.01111
4 0.20391 0.04907 0.00573 0.01111
4 0.19974 0.06944 0.00677 0.01111
4 0.27318 0.18796 0.0099 0.01852
4 0.29349 0.20787 0.00885 0.0213
4 0.30286 0.27269 0.01198 0.0213
4 0.25234 0.2537 0.0099 0.01852
4 0.25365 0.21667 0.00937 0.01852
4 0.24036 0.2125 0.0099 0.01759
4 0.23568 0.24815 0.01094 0.02037
4 0.22005 0.19398 0.0099 0.01759
5 0.2349 0.19259 0.00937 0.01667
5 0.22917 0.17593 0.00833 0.01667
4 0.22448 0.15926 0.00833 0.01481
4 0.23646 0.15926 0.00937 0.01481
4 0.26406 0.15741 0.00833 0.01667
4 0.23021 0.14074 0.00833 0.01667
4 0.22031 0.14074 0.00937 0.01667
4 0.21641 0.125 0.00885 0.01667
4 0.22474 0.1213 0.00885 0.01667
4 0.22031 0.10648 0.00729 0.01667
4 0.21042 0.10648 0.00833 0.01481
4 0.21068 0.07407 0.00677 0.01111
5 0.21536 0.08796 0.00781 0.01296
9 0.20547 0.08333 0.01094 0.02593
6 0.19167 0.09722 0.01354 0.03333
9 0.20573 0.15046 0.0125 0.0287
9 0.28958 0.27454 0.01562 0.03796
6 0.30833 0.25 0.01667 0.04259
6 0.28594 0.22037 0.02187 0.05741
5 0.24948 0.09722 0.00833 0.02037
5 0.24609 0.07454 0.00885 0.01759
4 0.25781 0.12778 0.00937 0.01852
4 0.25495 0.16713 0.0099 0.01944
4 0.22812 0.0838 0.00625 0.01204
1 0.3474 0.26713 0.00208 0.00833
1 0.37448 0.34907 0.00313 0.00926
1 0.37656 0.3463 0.00208 0.00926
2 0.34896 0.32639 0.00208 0.00833
3 0.34922 0.32824 0.00365 0.01019
5 0.33724 0.34167 0.01302 0.02963
5 0.31641 0.31574 0.01302 0.02963
9 0.28151 0.33241 0.0151 0.0463
5 0.29219 0.46574 0.01458 0.03519
4 0.3362 0.51528 0.01302 0.0287
4 0.27214 0.38981 0.01198 0.02407
5 0.25443 0.32037 0.01094 0.02407
6 0.32943 0.36481 0.02031 0.0537
9 0.37943 0.4588 0.0349 0.08611
9 0.35417 0.38796 0.03229 0.07407
4 0.35755 0.44306 0.01302 0.02685
4 0.4013 0.53056 0.01615 0.03519
4 0.39115 0.55509 0.01667 0.03981
4 0.43542 0.62917 0.01875 0.04537
5 0.45026 0.67917 0.02031 0.04907
5 0.42604 0.67917 0.01979 0.05278
5 0.41068 0.61111 0.01927 0.04815
5 0.41745 0.57546 0.01927 0.04537
9 0.37474 0.4963 0.0224 0.0537
1 0.4125 0.4537 0.00313 0.01111
1 0.44792 0.56019 0.00417 0.01111
1 0.27917 0.09537 0.00208 0.00741
1 0.27656 0.09491 0.00208 0.00833
1 0.24714 0.01713 0.00156 0.01019
