4 0.28516 0.01898 0.02448 0.03796
4 0.27969 0.15787 0.03854 0.03981
4 0.27917 0.2213 0.04063 0.04259
4 0.36875 0.08102 0.04063 0.03796
4 0.37682 0.11065 0.03802 0.03611
4 0.37734 0.15324 0.04219 0.03796
4 0.37708 0.18565 0.04479 0.03981
4 0.37448 0.21898 0.04375 0.04352
4 0.37578 0.25556 0.04635 0.04074
4 0.29219 0.50694 0.05312 0.04722
4 0.39766 0.64815 0.0276 0.08519
4 0.30964 0.80833 0.05573 0.0537
4 0.44505 0.92685 0.02969 0.1
4 0.48125 0.93843 0.03125 0.10648
4 0.57448 0.88981 0.05833 0.05741
4 0.60729 0.72778 0.02604 0.1
2 0.6474 0.68472 0.00833 0.01574
4 0.64036 0.60787 0.05677 0.05833
8 0.66302 0.43565 0.02396 0.05463
4 0.01406 0.97083 0.02813 0.05278
4 0.74583 0.05463 0.0375 0.06296
4 0.85964 0.09861 0.04115 0.03796
4 0.86536 0.13102 0.04427 0.04352
