5 0.27925 0.75933 0.1325 0.144
5 0.552 0.68567 0.11 0.09533
4 0.67375 0.593 0.1055 0.05933
4 0.54775 0.52433 0.0795 0.04867
1 0.583 0.497 0.01 0.03533
5 0.728 0.51233 0.101 0.058
5 0.86 0.52233 0.109 0.06333
10 0.4535 0.50433 0.019 0.02733
5 0.40575 0.43333 0.0415 0.04267
2 0.399 0.404 0.012 0.02133
3 0.3995 0.40933 0.02 0.01733
4 0.3505 0.36367 0.028 0.03533
4 0.27525 0.28267 0.0225 0.02533
4 0.26475 0.268 0.0215 0.02267
4 0.2505 0.244 0.018 0.01733
6 0.1765 0.217 0.019 0.02333
4 0.32 0.179 0.029 0.01933
4 0.2225 0.163 0.013 0.01267
5 0.23125 0.15733 0.0135 0.01067
5 0.84275 0.236 0.0355 0.02533
4 0.9285 0.24867 0.029 0.024
5 0.94325 0.21333 0.0185 0.024
5 0.8045 0.206 0.031 0.02
4 0.8365 0.17867 0.015 0.016
10 0.881 0.18433 0.01 0.01
10 0.88175 0.182 0.0135 0.01067
1 0.8985 0.15833 0.005 0.014
1 0.90025 0.163 0.0055 0.014
1 0.84425 0.16367 0.0035 0.014
5 0.84575 0.16 0.0145 0.01733
4 0.8385 0.15567 0.011 0.01267
3 0.88125 0.12767 0.0075 0.00733
3 0.889 0.135 0.005 0.00867
5 0.8825 0.11833 0.008 0.01
4 0.8415 0.12633 0.013 0.01
4 0.845 0.12033 0.015 0.00867
4 0.83625 0.118 0.0125 0.008
5 0.8605 0.09967 0.007 0.006
5 0.84675 0.09933 0.0075 0.00933
1 0.68875 0.245 0.0065 0.01667
1 0.6945 0.24367 0.006 0.018
4 0.0395 0.82367 0.079 0.12867
