4 0.3635 0.32433 0.023 0.014
4 0.3515 0.35 0.023 0.012
4 0.37075 0.37867 0.0245 0.01333
4 0.3525 0.384 0.026 0.016
1 0.38575 0.38233 0.0035 0.014
4 0.3635 0.4 0.026 0.01333
4 0.36 0.40933 0.029 0.01333
4 0.35425 0.41767 0.0305 0.014
4 0.35275 0.42667 0.0255 0.016
4 0.34875 0.44467 0.0295 0.01733
4 0.47075 0.34867 0.0235 0.01333
4 0.4685 0.36133 0.025 0.01333
4 0.4645 0.37567 0.025 0.014
4 0.43275 0.396 0.0255 0.01333
5 0.4295 0.40333 0.023 0.016
4 0.309 0.231 0.011 0.01267
4 0.3205 0.23067 0.01 0.01333
4 0.33075 0.23167 0.0105 0.01133
5 0.34075 0.232 0.0085 0.012
4 0.35025 0.231 0.0095 0.01
4 0.36025 0.232 0.0085 0.012
4 0.37025 0.23267 0.0095 0.012
4 0.38075 0.232 0.0095 0.01333
4 0.39125 0.23333 0.0095 0.012
4 0.40175 0.23333 0.0085 0.012
4 0.43775 0.23433 0.0095 0.01267
4 0.44725 0.23367 0.0085 0.01267
4 0.456 0.23567 0.008 0.01133
4 0.4655 0.237 0.009 0.01267
4 0.47575 0.23467 0.0075 0.01333
4 0.487 0.236 0.007 0.01333
4 0.49725 0.23367 0.0065 0.01267
4 0.49975 0.218 0.0075 0.00933
4 0.49025 0.21767 0.0085 0.01
4 0.48 0.217 0.008 0.01267
4 0.4705 0.218 0.008 0.012
4 0.452 0.21633 0.008 0.01133
4 0.418 0.21567 0.008 0.01
4 0.40925 0.21567 0.0075 0.01
4 0.39325 0.21433 0.0075 0.01133
4 0.38175 0.21533 0.0065 0.00933
4 0.3715 0.21433 0.009 0.01
4 0.35225 0.21333 0.0175 0.00933
9 0.3275 0.20767 0.023 0.01533
5 0.3585 0.11533 0.008 0.01333
4 0.231 0.283 0.019 0.01133
4 0.243 0.27467 0.018 0.01067
4 0.31325 0.558 0.0355 0.02267
4 0.436 0.581 0.045 0.026
4 0.5115 0.664 0.017 0.04267
4 0.48775 0.66367 0.0175 0.042
4 0.46925 0.65967 0.0195 0.03933
4 0.38925 0.58267 0.0455 0.032
4 0.4 0.56433 0.036 0.022
4 0.43975 0.562 0.0295 0.01867
4 0.44075 0.549 0.0355 0.01933
4 0.403 0.547 0.036 0.018
4 0.40825 0.534 0.0295 0.01733
4 0.444 0.535 0.032 0.018
4 0.44625 0.523 0.0305 0.01667
4 0.40925 0.52233 0.0325 0.018
4 0.41525 0.51067 0.0325 0.01733
4 0.4455 0.50167 0.029 0.018
4 0.4125 0.49867 0.03 0.016
4 0.4545 0.47833 0.03 0.018
4 0.54575 0.634 0.0385 0.02267
4 0.54675 0.617 0.0405 0.02333
4 0.5465 0.602 0.036 0.02
4 0.55275 0.58767 0.0295 0.02067
4 0.55 0.57233 0.038 0.02067
4 0.54875 0.55667 0.0335 0.02
4 0.544 0.54467 0.031 0.016
4 0.54275 0.51933 0.0335 0.01867
4 0.54325 0.50567 0.0335 0.018
4 0.54175 0.49333 0.0315 0.016
4 0.5445 0.48267 0.032 0.016
10 0.6035 0.51767 0.005 0.01533
2 0.604 0.51433 0.004 0.014
3 0.4495 0.46467 0.009 0.008
2 0.44975 0.46167 0.0055 0.014
4 0.423 0.45767 0.03 0.01667
4 0.4535 0.449 0.028 0.01667
4 0.4545 0.43933 0.03 0.01467
3 0.44225 0.423 0.0095 0.01
3 0.43975 0.42033 0.0105 0.01
2 0.44275 0.41967 0.0045 0.01133
2 0.43925 0.41733 0.0045 0.01067
3 0.286 0.47033 0.006 0.01267
3 0.3055 0.461 0.007 0.01
3 0.3025 0.463 0.007 0.01
3 0.297 0.47367 0.009 0.01267
3 0.2925 0.467 0.006 0.01133
3 0.2665 0.349 0.009 0.006
1 0.6935 0.473 0.006 0.014
4 0.71125 0.472 0.0255 0.02267
4 0.687 0.443 0.015 0.018
4 0.704 0.44067 0.017 0.02267
4 0.68075 0.42167 0.0155 0.02067
4 0.69525 0.42267 0.0155 0.02
4 0.7085 0.422 0.016 0.01867
1 0.7005 0.36133 0.004 0.01067
3 0.55125 0.378 0.0095 0.008
4 0.721 0.38367 0.014 0.018
4 0.73875 0.383 0.0135 0.018
4 0.753 0.382 0.016 0.02
4 0.76675 0.383 0.0145 0.01533
4 0.778 0.38233 0.016 0.018
4 0.7905 0.38233 0.015 0.01667
4 0.80425 0.382 0.0175 0.01867
4 0.8175 0.38167 0.017 0.01667
4 0.8315 0.383 0.015 0.01533
1 0.38525 0.18733 0.0035 0.00933
4 0.53225 0.32467 0.0245 0.012
4 0.53025 0.33033 0.0245 0.01267
4 0.52775 0.336 0.0205 0.01067
5 0.528 0.342 0.02 0.01467
4 0.532 0.34967 0.025 0.014
4 0.53025 0.35667 0.0235 0.01333
4 0.532 0.36333 0.022 0.01467
4 0.53075 0.36967 0.0235 0.01533
4 0.32525 0.52033 0.0295 0.018
4 0.32425 0.533 0.0295 0.018
