0 0.51675 0.428 0.0195 0.008
0 0.528 0.43667 0.012 0.008
0 0.531 0.42633 0.006 0.00333
0 0.5415 0.43333 0.012 0.00667
0 0.55225 0.439 0.0125 0.006
5 0.46025 0.428 0.0035 0.004
4 0.47175 0.433 0.0035 0.00467
4 0.47325 0.438 0.0035 0.004
4 0.4615 0.436 0.003 0.004
4 0.49375 0.45633 0.0045 0.006
4 0.46375 0.45333 0.0045 0.00533
6 0.4655 0.46367 0.009 0.01933
6 0.501 0.471 0.012 0.018
4 0.50675 0.484 0.0065 0.008
6 0.46575 0.509 0.0095 0.01933
5 0.4745 0.56667 0.012 0.02267
5 0.47675 0.60767 0.0145 0.02867
4 0.4895 0.57067 0.013 0.01867
4 0.495 0.591 0.015 0.02067
4 0.497 0.61 0.016 0.02267
4 0.54175 0.56633 0.0165 0.01533
4 0.538 0.55267 0.013 0.01333
4 0.5295 0.53467 0.011 0.01333
4 0.534 0.54367 0.012 0.014
4 0.57875 0.50233 0.0195 0.01
4 0.57875 0.517 0.0185 0.01
4 0.6245 0.477 0.017 0.00867
1 0.63325 0.47667 0.0015 0.008
4 0.63675 0.485 0.0175 0.00867
4 0.64625 0.48967 0.0185 0.00867
1 0.656 0.50067 0.003 0.01067
4 0.67725 0.493 0.0125 0.01
4 0.6885 0.49433 0.013 0.01
4 0.69525 0.508 0.0165 0.012
1 0.70225 0.50733 0.0025 0.01067
1 0.70275 0.502 0.0025 0.012
4 0.70925 0.51133 0.0145 0.012
5 0.715 0.49667 0.012 0.012
4 0.732 0.49867 0.011 0.01067
4 0.742 0.49967 0.009 0.01
4 0.75875 0.50333 0.0115 0.01067
4 0.77225 0.503 0.0095 0.01133
4 0.79 0.50233 0.009 0.01
4 0.8105 0.507 0.015 0.01
4 0.82675 0.50733 0.0125 0.01067
4 0.879 0.508 0.025 0.012
4 0.92325 0.50567 0.0265 0.01133
4 0.93975 0.52333 0.0265 0.01467
4 0.9875 0.52133 0.025 0.012
4 0.98825 0.50367 0.0225 0.01133
5 0.99225 0.49733 0.0155 0.00933
2 0.95875 0.54633 0.0045 0.01
4 0.931 0.63167 0.043 0.022
4 0.869 0.63333 0.041 0.024
1 0.86675 0.60867 0.0045 0.01733
1 0.8605 0.61 0.006 0.01867
2 0.81575 0.55833 0.0035 0.00733
2 0.71025 0.54867 0.0045 0.00933
2 0.71575 0.552 0.0025 0.01067
2 0.728 0.553 0.004 0.00867
2 0.73525 0.554 0.0045 0.00933
2 0.7525 0.55167 0.007 0.01133
2 0.7555 0.54767 0.003 0.00867
1 0.8125 0.571 0.005 0.01667
1 0.64975 0.54267 0.0035 0.01467
10 0.724 0.63533 0.008 0.016
2 0.724 0.631 0.007 0.022
2 0.63575 0.95767 0.0125 0.03933
10 0.63475 0.96367 0.0165 0.04733
5 0.31 0.637 0.037 0.03267
1 0.3035 0.65333 0.007 0.02133
1 0.317 0.65033 0.006 0.022
4 0.173 0.71667 0.057 0.032
4 0.0295 0.89167 0.059 0.05267
4 0.055 0.663 0.048 0.02733
1 0.00675 0.664 0.0075 0.02133
1 0.856 0.50433 0.003 0.01133
4 0.601 0.49 0.016 0.00933
4 0.59475 0.48667 0.0185 0.008
4 0.59125 0.48333 0.0165 0.008
4 0.58 0.47567 0.015 0.00867
4 0.5735 0.46967 0.019 0.00733
4 0.5785 0.47167 0.015 0.00733
4 0.61025 0.471 0.0165 0.00867
4 0.60725 0.46667 0.0155 0.00667
4 0.60075 0.465 0.0145 0.01
4 0.5925 0.458 0.014 0.00667
4 0.58275 0.452 0.0135 0.00533
4 0.56575 0.46367 0.0135 0.006
4 0.56125 0.46167 0.0145 0.00733
4 0.5795 0.44967 0.014 0.00733
4 0.57475 0.44867 0.0155 0.008
4 0.5705 0.443 0.013 0.00733
