10 0.33151 0.00648 0.01198 0.01296
10 0.31875 0.00648 0.0125 0.01296
10 0.31745 0.01528 0.0151 0.01204
10 0.31797 0.02315 0.0151 0.01111
10 0.31354 0.0287 0.01458 0.01296
10 0.31302 0.03657 0.01354 0.01389
10 0.31198 0.04028 0.0125 0.01204
10 0.30911 0.05046 0.01198 0.01759
10 0.31146 0.0625 0.01146 0.01574
10 0.30651 0.06667 0.01406 0.02222
10 0.32422 0.07454 0.00885 0.0287
2 0.325 0.07269 0.00521 0.0213
2 0.33984 0.24769 0.00781 0.01944
1 0.27734 0.37222 0.00677 0.02222
2 0.39922 0.4537 0.00885 0.01852
2 0.43307 0.47315 0.00781 0.02037
2 0.33594 0.52546 0.00833 0.01759
2 0.46328 0.57269 0.0099 0.025
1 0.40703 0.65 0.00885 0.02778
1 0.52839 0.54815 0.00781 0.02222
1 0.51484 0.67407 0.00885 0.02963
1 0.52474 0.68657 0.00781 0.02315
2 0.38099 0.70648 0.01094 0.02222
2 0.3112 0.93102 0.01094 0.01944
1 0.23359 0.8662 0.01094 0.025
2 0.21354 0.71204 0.01146 0.01667
1 0.22734 0.64074 0.00781 0.01852
10 0.20755 0.8838 0.02656 0.01944
10 0.31146 0.93056 0.01042 0.06296
10 0.38151 0.71019 0.01094 0.0463
10 0.46224 0.72639 0.02552 0.01389
10 0.46927 0.70417 0.025 0.01574
10 0.47474 0.62917 0.01198 0.04167
10 0.46276 0.57361 0.00885 0.04537
10 0.33568 0.52731 0.01302 0.03611
10 0.2263 0.6375 0.01927 0.01574
1 0.19115 0.63102 0.00833 0.01759
10 0.20599 0.62546 0.0224 0.01759
10 0.39896 0.45926 0.00729 0.03519
10 0.43333 0.47407 0.0125 0.0463
10 0.51927 0.50139 0.01875 0.02685
10 0.55807 0.40463 0.01823 0.02222
10 0.5599 0.39398 0.02083 0.01574
10 0.5638 0.38519 0.02135 0.01852
10 0.33984 0.25278 0.00781 0.03519
10 0.24896 0.22778 0.00937 0.03519
10 0.26094 0.17963 0.01146 0.02778
10 0.29193 0.15787 0.01406 0.01944
4 0.28411 0.225 0.02656 0.07037
6 0.27083 0.29769 0.02187 0.0713
4 0.2638 0.37176 0.02448 0.0713
4 0.25104 0.45 0.02396 0.08519
4 0.48698 0.49537 0.03958 0.07222
4 0.55026 0.45602 0.03385 0.075
4 0.43932 0.62361 0.02969 0.08981
4 0.22318 0.66898 0.0599 0.05278
4 0.4362 0.73704 0.02552 0.1037
4 0.43828 0.8412 0.02656 0.09907
6 0.22135 0.78102 0.03438 0.12685
1 0.02813 0.275 0.00729 0.01481
1 0.03568 0.29722 0.0099 0.01296
1 0.2487 0.0412 0.00781 0.02315
1 0.23385 0.03102 0.00729 0.02315
10 0.61094 0.16435 0.01354 0.01389
2 0.61094 0.15972 0.00625 0.01574
2 0.61589 0.15926 0.00365 0.01667
1 0.68151 0.11343 0.00573 0.02315
2 0.67682 0.10278 0.00469 0.02037
2 0.68151 0.09306 0.00573 0.01759
10 0.67604 0.12407 0.01667 0.02407
10 0.675 0.10833 0.01667 0.01296
10 0.67656 0.09815 0.01979 0.01296
10 0.68984 0.09213 0.01927 0.025
10 0.69453 0.08056 0.01406 0.02222
10 0.69609 0.07731 0.01823 0.01574
10 0.69896 0.05926 0.01667 0.02407
10 0.71328 0.02917 0.01823 0.01944
3 0.70911 0.03796 0.01302 0.01667
10 0.69609 0.01713 0.0151 0.01944
4 0.67422 0.0588 0.01927 0.03611
10 0.72005 0.01204 0.01719 0.01852
