4 0.2013 0.12546 0.00365 0.00648
1 0.18177 0.16157 0.00104 0.00648
1 0.18828 0.15972 0.00156 0.00833
4 0.18099 0.19861 0.01094 0.01019
6 0.21276 0.17083 0.00573 0.01389
6 0.21224 0.15741 0.00677 0.02407
11 0.22396 0.15463 0.00625 0.01667
5 0.2112 0.1875 0.00677 0.01574
11 0.20938 0.20231 0.00833 0.01944
5 0.24531 0.21481 0.01354 0.01296
6 0.20443 0.21898 0.00677 0.03056
1 0.25417 0.19861 0.00208 0.00833
1 0.25443 0.20741 0.00156 0.00741
1 0.25443 0.19167 0.00156 0.00926
1 0.25781 0.20972 0.00104 0.00833
1 0.25964 0.19861 0.00156 0.00648
1 0.25156 0.2 0.00208 0.00556
1 0.26146 0.19444 0.00208 0.00556
0 0.25469 0.19028 0.00208 0.00463
1 0.26406 0.23611 0.00208 0.00926
1 0.22422 0.23889 0.00156 0.00741
1 0.14401 0.32731 0.0026 0.01389
1 0.15052 0.32593 0.00313 0.01296
5 0.23099 0.34398 0.0099 0.0213
1 0.2638 0.25694 0.00156 0.00833
1 0.26406 0.26852 0.00208 0.01111
1 0.26198 0.27361 0.00208 0.01204
1 0.25417 0.26667 0.00208 0.01111
1 0.25703 0.27407 0.00156 0.01111
1 0.25833 0.26898 0.00208 0.01019
1 0.26641 0.26898 0.00156 0.01204
1 0.2651 0.27917 0.00313 0.01204
1 0.26771 0.27963 0.00208 0.01111
0 0.25703 0.28519 0.00469 0.01296
1 0.25677 0.2963 0.00208 0.00926
1 0.25755 0.30278 0.0026 0.00741
1 0.26302 0.29954 0.00208 0.01019
1 0.26198 0.29028 0.00208 0.01019
1 0.2651 0.29167 0.00313 0.00926
1 0.26536 0.2875 0.00156 0.01019
1 0.26615 0.30324 0.00208 0.01019
1 0.26953 0.30926 0.0026 0.01111
1 0.26589 0.31111 0.00156 0.01296
1 0.2638 0.31065 0.0026 0.01019
10 0.25755 0.31296 0.0026 0.00926
1 0.27005 0.32083 0.0026 0.01204
1 0.27448 0.32083 0.00208 0.01204
1 0.27891 0.31667 0.0026 0.01111
1 0.25885 0.32778 0.00208 0.01111
1 0.26042 0.34676 0.00208 0.01204
1 0.25938 0.33657 0.00208 0.01019
1 0.29323 0.35509 0.00208 0.01389
1 0.29896 0.3412 0.00208 0.01204
1 0.3026 0.35185 0.00208 0.01296
1 0.30885 0.38796 0.00208 0.01481
1 0.30807 0.39722 0.0026 0.01481
1 0.31562 0.41019 0.00313 0.01667
1 0.30469 0.41759 0.00313 0.01667
1 0.30703 0.41574 0.0026 0.01481
1 0.32109 0.41759 0.0026 0.01296
1 0.31016 0.45926 0.00365 0.01667
1 0.30807 0.46898 0.00365 0.01574
1 0.30182 0.46667 0.0026 0.01852
1 0.29167 0.47222 0.00521 0.01296
1 0.2849 0.48657 0.00313 0.0213
1 0.28646 0.49213 0.00417 0.01759
1 0.28203 0.50648 0.00365 0.02037
1 0.28281 0.50787 0.00313 0.01759
1 0.29635 0.53935 0.00313 0.01389
1 0.33359 0.52824 0.00365 0.01944
1 0.33906 0.52639 0.00417 0.01944
1 0.37031 0.53935 0.00521 0.01944
4 0.23281 0.43194 0.0125 0.0287
4 0.21484 0.46852 0.01302 0.03148
5 0.2362 0.46852 0.01406 0.03889
1 0.01354 0.53611 0.00625 0.01852
1 0.01667 0.53333 0.00521 0.01852
1 0.05469 0.55972 0.00417 0.01759
1 0.05521 0.56528 0.00417 0.01389
1 0.0724 0.5463 0.00521 0.02037
1 0.09219 0.5375 0.00521 0.01944
1 0.1 0.53056 0.00417 0.01852
1 0.11354 0.47824 0.00417 0.01759
1 0.11146 0.5338 0.00417 0.0213
1 0.1138 0.53472 0.00469 0.01759
1 0.12396 0.53333 0.00417 0.02037
1 0.12422 0.53287 0.00365 0.01944
11 0.12969 0.53657 0.00833 0.01389
1 0.11302 0.55093 0.00417 0.01667
1 0.11797 0.55093 0.00469 0.01667
1 0.12005 0.54907 0.00365 0.01296
1 0.12292 0.55556 0.00417 0.01852
1 0.1276 0.55324 0.00521 0.01759
1 0.13646 0.5463 0.00729 0.01852
1 0.13724 0.53704 0.00573 0.01481
11 0.14193 0.54028 0.00781 0.01204
1 0.14583 0.54398 0.00521 0.01944
1 0.15365 0.51528 0.00521 0.01944
1 0.15365 0.57083 0.00417 0.01759
1 0.15599 0.54676 0.00573 0.01944
1 0.15417 0.53287 0.00625 0.0213
1 0.15781 0.5412 0.00521 0.01944
1 0.15599 0.5375 0.00365 0.01759
1 0.1599 0.51991 0.00417 0.01759
1 0.16589 0.53426 0.00469 0.01667
1 0.16562 0.53102 0.00313 0.01759
1 0.16745 0.52824 0.00469 0.01759
1 0.0224 0.72407 0.00521 0.00926
1 0.02839 0.70185 0.00781 0.02407
1 0.04167 0.68519 0.00521 0.02407
1 0.04818 0.68102 0.00677 0.025
1 0.04427 0.66898 0.00521 0.01944
1 0.04453 0.63009 0.00573 0.025
1 0.0513 0.62917 0.00573 0.02315
1 0.0724 0.71204 0.00625 0.01852
1 0.07109 0.70185 0.00573 0.02407
1 0.07552 0.67454 0.00625 0.02315
1 0.15234 0.71713 0.00677 0.02315
1 0.09453 0.68935 0.00573 0.025
1 0.1013 0.69491 0.00573 0.025
1 0.1612 0.67037 0.00677 0.02407
1 0.1138 0.59398 0.00677 0.0213
1 0.08828 0.64398 0.00573 0.02315
1 0.10417 0.6287 0.00417 0.02222
1 0.11641 0.63981 0.00469 0.02222
1 0.10339 0.65833 0.00469 0.02037
1 0.10495 0.66343 0.00573 0.0213
1 0.1237 0.65648 0.00573 0.02593
1 0.1737 0.60741 0.00469 0.02037
1 0.175 0.58981 0.00625 0.02222
1 0.19844 0.61574 0.00521 0.02222
1 0.21693 0.61111 0.00781 0.02407
1 0.29766 0.65602 0.00365 0.0213
1 0.28151 0.61204 0.00469 0.02037
1 0.28568 0.5912 0.00677 0.025
1 0.26823 0.64213 0.00417 0.02685
1 0.25573 0.6375 0.00521 0.0213
1 0.24193 0.64213 0.00573 0.025
1 0.23464 0.63565 0.00469 0.0213
1 0.51146 0.72361 0.00521 0.01019
1 0.49844 0.7213 0.00417 0.01481
1 0.49297 0.71111 0.00573 0.02407
1 0.46875 0.67731 0.00417 0.01944
5 0.5099 0.62685 0.03854 0.04074
5 0.54063 0.59074 0.03542 0.03333
4 0.45026 0.64167 0.03698 0.03704
4 0.48776 0.60463 0.03281 0.03333
4 0.44219 0.61481 0.0375 0.03148
1 0.57005 0.50324 0.00573 0.01574
1 0.56146 0.51898 0.00417 0.01759
1 0.54583 0.51019 0.00417 0.01852
1 0.55547 0.5125 0.00573 0.01574
1 0.49427 0.51944 0.00313 0.01667
1 0.48099 0.53102 0.00573 0.01759
1 0.47891 0.52685 0.00677 0.01667
1 0.31797 0.57407 0.00365 0.02037
1 0.33776 0.6037 0.00365 0.01667
1 0.32682 0.61296 0.00365 0.01852
1 0.31901 0.61852 0.00365 0.01667
1 0.33437 0.61713 0.00208 0.01759
1 0.34349 0.59583 0.00469 0.02315
1 0.33854 0.59537 0.00625 0.02037
1 0.34271 0.58981 0.00417 0.02407
1 0.25938 0.53148 0.00208 0.01667
1 0.25208 0.5213 0.00521 0.01852
1 0.25026 0.51852 0.00365 0.01296
1 0.2513 0.55278 0.00469 0.01852
1 0.2474 0.55185 0.00521 0.01852
1 0.24635 0.53611 0.00313 0.02037
1 0.24635 0.53472 0.00417 0.02315
1 0.23646 0.54398 0.00521 0.01759
1 0.23333 0.53472 0.00625 0.01944
1 0.24036 0.51991 0.00573 0.01759
1 0.23932 0.50833 0.00677 0.01852
1 0.2349 0.50231 0.00417 0.01759
1 0.22734 0.49907 0.00365 0.01667
1 0.2263 0.50139 0.00469 0.01759
1 0.22422 0.53102 0.00365 0.01759
1 0.21328 0.51065 0.0026 0.01944
1 0.20573 0.55 0.00417 0.02037
1 0.21094 0.54537 0.00313 0.01481
1 0.22083 0.53843 0.00417 0.01759
1 0.20573 0.52685 0.00521 0.01852
1 0.19948 0.51343 0.00521 0.01759
1 0.19792 0.54074 0.00521 0.01667
1 0.17865 0.54769 0.00833 0.01944
1 0.22005 0.50648 0.00365 0.01667
1 0.22109 0.50463 0.00365 0.01667
1 0.23333 0.53426 0.00625 0.01852
1 0.22214 0.51944 0.00365 0.01852
1 0.21771 0.53519 0.00521 0.01852
1 0.21823 0.51852 0.00521 0.01852
1 0.22187 0.51991 0.00417 0.01759
1 0.21016 0.53148 0.00469 0.01852
1 0.21016 0.53935 0.00365 0.01944
1 0.20521 0.52083 0.00417 0.01759
1 0.19687 0.53102 0.00521 0.01759
1 0.19609 0.5287 0.00573 0.01852
1 0.14792 0.53519 0.00313 0.01111
1 0.17188 0.54444 0.00417 0.02037
1 0.1724 0.51343 0.00313 0.01574
1 0.17995 0.51111 0.00365 0.01667
1 0.18385 0.51435 0.00521 0.01759
1 0.18776 0.51759 0.00365 0.01481
1 0.1875 0.51667 0.00417 0.01852
1 0.18906 0.54259 0.00521 0.02037
1 0.18151 0.53611 0.00677 0.02037
0 0.17292 0.52824 0.00313 0.01389
1 0.18047 0.53102 0.00469 0.01944
1 0.18464 0.53148 0.00365 0.01852
1 0.18438 0.52315 0.00521 0.01852
