5 0.1224 0.26667 0.02187 0.01852
4 0.19531 0.26019 0.01771 0.01481
6 0.24531 0.01204 0.00937 0.02407
5 0.24349 0.07222 0.01927 0.02222
5 0.24401 0.09213 0.01615 0.01759
4 0.24193 0.11852 0.01927 0.01667
4 0.24193 0.13519 0.01615 0.01481
4 0.24245 0.17639 0.0151 0.01389
4 0.24271 0.19213 0.01667 0.01389
4 0.24557 0.20509 0.01615 0.01389
4 0.24714 0.21991 0.01719 0.01574
4 0.27396 0.14444 0.00833 0.02963
4 0.28672 0.18657 0.00885 0.03056
6 0.32656 0.25093 0.02187 0.02037
4 0.31068 0.31898 0.0151 0.01389
6 0.29219 0.48102 0.0125 0.06019
6 0.27734 0.69954 0.03073 0.02315
4 0.29714 0.85648 0.01719 0.01667
4 0.30026 0.87083 0.01719 0.01389
4 0.30104 0.8875 0.01562 0.01574
4 0.3026 0.91806 0.01667 0.01574
0 0.37292 0.84954 0.04167 0.24167
10 0.41719 0.69444 0.00521 0.01296
10 0.4224 0.75694 0.00417 0.01204
10 0.43464 0.88843 0.00365 0.01204
6 0.62656 0.93426 0.01562 0.06111
6 0.48724 0.68704 0.01406 0.07778
6 0.61068 0.56898 0.0151 0.03981
4 0.58151 0.63843 0.01615 0.01389
4 0.58229 0.65926 0.01667 0.01481
4 0.58229 0.67731 0.01458 0.01574
4 0.47292 0.44954 0.00729 0.03056
4 0.46823 0.1213 0.00833 0.02963
