4 0.31641 0.55556 0.0224 0.07407
4 0.32266 0.46759 0.02031 0.05556
4 0.37083 0.24954 0.0125 0.03241
4 0.37031 0.2125 0.0125 0.025
4 0.37057 0.1875 0.01198 0.02685
4 0.34505 0.05648 0.00885 0.01852
4 0.37396 0.6 0.01875 0.06852
4 0.33672 0.21343 0.01198 0.0287
4 0.37292 0.3963 0.01667 0.04815
4 0.37188 0.45509 0.01562 0.04722
4 0.37422 0.51528 0.01719 0.05648
4 0.33255 0.29444 0.01406 0.03519
4 0.3349 0.2412 0.01146 0.03426
4 0.34375 0.09815 0.00729 0.02037
4 0.35729 0.10278 0.00833 0.03148
4 0.36224 0.0162 0.00781 0.01759
5 0.32578 0.41065 0.01823 0.04907
5 0.31302 0.66991 0.02396 0.08796
5 0.37266 0.34167 0.01302 0.04444
5 0.33958 0.18241 0.01146 0.02593
5 0.34115 0.14398 0.00937 0.01944
4 0.37031 0.16574 0.01042 0.02593
4 0.36927 0.12315 0.00937 0.02593
4 0.37474 0.6875 0.0224 0.08241
5 0.32995 0.33287 0.0151 0.03426
5 0.37057 0.30417 0.01406 0.03426
1 0.69219 0.43796 0.00833 0.02778
1 0.61406 0.33935 0.00833 0.02315
1 0.6849 0.33565 0.00833 0.025
1 0.58568 0.31343 0.00781 0.01944
1 0.54948 0.30648 0.00625 0.02593
1 0.55833 0.3 0.00625 0.02037
1 0.58151 0.25 0.00469 0.01481
1 0.59974 0.29259 0.00573 0.01667
1 0.59427 0.28796 0.00729 0.01852
1 0.59401 0.26157 0.00469 0.01019
1 0.57266 0.24769 0.00573 0.01574
1 0.65677 0.25417 0.00833 0.02315
1 0.72214 0.39352 0.00781 0.02778
