2 0.54725 0.84867 0.0435 0.07067
2 0.5475 0.80933 0.035 0.06
2 0.6175 0.64667 0.024 0.076
10 0.54375 0.911 0.0435 0.10467
10 0.618 0.674 0.03 0.05733
4 0.44725 0.65267 0.0735 0.15067
5 0.331 0.68267 0.084 0.15467
10 0.20175 0.57967 0.0475 0.05533
3 0.28925 0.41533 0.0365 0.03733
10 0.315 0.36233 0.035 0.038
4 0.467 0.41867 0.046 0.07067
4 0.4545 0.36233 0.046 0.05267
4 0.46025 0.309 0.0415 0.04867
4 0.45325 0.23567 0.0235 0.03267
4 0.45275 0.20133 0.0215 0.04533
2 0.5015 0.32667 0.013 0.03733
2 0.44825 0.27067 0.0135 0.03333
3 0.44525 0.28033 0.0115 0.018
3 0.501 0.33867 0.012 0.032
4 0.4545 0.162 0.017 0.02
1 0.43425 0.15233 0.0065 0.01933
1 0.4385 0.13 0.004 0.01467
1 0.442 0.131 0.004 0.01533
1 0.44475 0.128 0.0035 0.01467
4 0.454 0.129 0.012 0.014
4 0.4585 0.139 0.013 0.014
5 0.44575 0.142 0.0325 0.012
5 0.44825 0.15167 0.0275 0.018
4 0.5135 0.13067 0.013 0.01467
4 0.48125 0.08867 0.0085 0.00933
5 0.4735 0.076 0.006 0.008
4 0.4785 0.07533 0.005 0.00667
5 0.459 0.069 0.005 0.00867
2 0.46475 0.06867 0.0035 0.008
10 0.46475 0.071 0.0035 0.00333
4 0.50425 0.06567 0.0055 0.006
4 0.523 0.08367 0.007 0.01133
6 0.53125 0.088 0.0085 0.01733
6 0.55925 0.10433 0.0135 0.01667
4 0.4375 0.09633 0.011 0.03
4 0.45025 0.06633 0.0045 0.00733
6 0.46875 0.06267 0.0075 0.01067
4 0.477 0.068 0.004 0.004
4 0.4735 0.063 0.004 0.00867
0 0.47425 0.05267 0.0065 0.00933
6 0.45575 0.06 0.0055 0.008
0 0.51575 0.06633 0.0025 0.00867
4 0.92575 0.30133 0.0635 0.04
4 0.876 0.272 0.051 0.03333
4 0.81525 0.26767 0.0445 0.03667
4 0.79175 0.24 0.0395 0.028
4 0.83825 0.24767 0.0425 0.026
10 0.8575 0.23667 0.022 0.02533
4 0.8035 0.227 0.043 0.02867
4 0.75325 0.20433 0.0305 0.02467
4 0.768 0.21467 0.022 0.02533
0 0.78475 0.19933 0.0215 0.02133
4 0.71875 0.18333 0.0285 0.024
4 0.56975 0.09733 0.0085 0.012
1 0.5795 0.1 0.003 0.012
4 0.58275 0.12733 0.0085 0.01867
4 0.6045 0.116 0.021 0.01333
4 0.6335 0.13533 0.028 0.02133
4 0.655 0.14267 0.02 0.01467
4 0.675 0.14833 0.038 0.022
