2 0.34844 0.92361 0.01875 0.04167
2 0.34557 0.9037 0.01406 0.03519
10 0.34896 0.93333 0.01979 0.07778
1 0.12474 0.95556 0.00885 0.03333
1 0.09297 0.95926 0.01615 0.02593
1 0.10521 0.90139 0.01354 0.05463
1 0.13906 0.88102 0.0125 0.04352
1 0.13385 0.7912 0.01771 0.05278
1 0.16458 0.64444 0.01562 0.04259
1 0.17786 0.6338 0.01094 0.03611
1 0.19036 0.61759 0.01094 0.03704
1 0.19089 0.57361 0.01198 0.04167
1 0.21276 0.48241 0.00781 0.03519
1 0.21745 0.46157 0.0099 0.03796
1 0.2237 0.46157 0.00781 0.03426
1 0.22865 0.44491 0.00833 0.03796
1 0.22109 0.44398 0.0099 0.03426
1 0.24245 0.41204 0.00781 0.03889
1 0.24297 0.3912 0.00781 0.03241
1 0.26276 0.3588 0.00677 0.02685
1 0.25443 0.34676 0.00781 0.0287
2 0.34557 0.38287 0.00781 0.0287
10 0.34427 0.38935 0.00833 0.03056
1 0.27552 0.27593 0.00521 0.02778
1 0.27995 0.27639 0.00469 0.02685
1 0.29089 0.26389 0.00469 0.02593
1 0.29427 0.26481 0.00417 0.02407
1 0.29271 0.24444 0.00521 0.02407
1 0.29714 0.24444 0.00469 0.02222
1 0.27682 0.24074 0.00573 0.02593
2 0.31562 0.23519 0.00521 0.01667
10 0.31562 0.24213 0.00521 0.0213
2 0.33099 0.21204 0.00469 0.01667
10 0.33151 0.22037 0.00573 0.01667
1 0.27578 0.22824 0.00469 0.01944
1 0.27552 0.20833 0.00521 0.02222
1 0.27891 0.2088 0.00469 0.01944
1 0.28229 0.20972 0.00417 0.02315
1 0.29688 0.22176 0.00417 0.0213
1 0.30078 0.2213 0.00469 0.02222
1 0.30182 0.2088 0.00365 0.0213
1 0.27526 0.19722 0.00365 0.01852
1 0.27839 0.19398 0.00469 0.01759
1 0.28229 0.19537 0.00417 0.01667
1 0.27578 0.18148 0.00469 0.02037
1 0.27995 0.18009 0.00469 0.01944
1 0.34505 0.17917 0.00365 0.0213
1 0.3375 0.1787 0.00313 0.02037
1 0.33385 0.17778 0.00417 0.02037
1 0.33359 0.17269 0.00365 0.01944
1 0.33724 0.17083 0.00469 0.01759
1 0.34115 0.17269 0.00417 0.0213
1 0.37057 0.16806 0.00365 0.01759
1 0.36901 0.16435 0.00469 0.01944
1 0.4013 0.15926 0.00365 0.01667
1 0.42109 0.15139 0.00469 0.01759
1 0.43776 0.14352 0.00365 0.01852
1 0.4487 0.14028 0.00469 0.01759
7 0.31562 0.09167 0.00937 0.01481
0 0.29089 0.07454 0.00781 0.0213
1 0.28281 0.06343 0.00313 0.01204
4 0.27656 0.04028 0.00937 0.01019
1 0.27969 0.05046 0.00313 0.01574
1 0.28307 0.05139 0.00365 0.01574
1 0.28437 0.04491 0.00417 0.01574
0 0.05599 0.03194 0.03177 0.025
1 0.07422 0.03287 0.00469 0.01019
1 0.08333 0.03194 0.00521 0.01019
0 0.14219 0.0287 0.11146 0.01852
