4 0.78525 0.844 0.0575 0.084
6 0.9865 0.40833 0.018 0.02733
4 0.99475 0.4 0.0095 0.01333
4 0.66725 0.42633 0.0185 0.01267
4 0.68225 0.43567 0.0295 0.01667
4 0.733 0.46333 0.032 0.01467
4 0.7225 0.46967 0.031 0.01933
4 0.714 0.479 0.037 0.022
4 0.70475 0.48367 0.0375 0.022
4 0.6915 0.489 0.041 0.022
4 0.67275 0.504 0.0385 0.024
4 0.664 0.51133 0.037 0.024
4 0.64325 0.51967 0.0405 0.022
4 0.63775 0.52733 0.0415 0.02533
4 0.62775 0.531 0.0385 0.02467
4 0.61025 0.54133 0.0395 0.02133
4 0.59575 0.55067 0.0455 0.028
4 0.574 0.55567 0.046 0.03
4 0.529 0.59033 0.048 0.02867
4 0.4745 0.617 0.045 0.03667
4 0.4515 0.632 0.05 0.03467
4 0.429 0.64733 0.051 0.03867
4 0.403 0.66233 0.051 0.05133
4 0.2335 0.76833 0.048 0.05133
4 0.1935 0.79933 0.073 0.07067
4 0.12725 0.834 0.0535 0.06267
3 0.1355 0.708 0.018 0.02267
3 0.12925 0.707 0.0175 0.026
10 0.2405 0.65167 0.017 0.02467
10 0.2895 0.63167 0.019 0.01933
4 0.312 0.632 0.054 0.044
1 0.32775 0.63367 0.0075 0.03
2 0.39375 0.62433 0.0095 0.022
1 0.40925 0.63167 0.0075 0.02467
10 0.3645 0.576 0.012 0.02
10 0.383 0.57033 0.017 0.02067
10 0.36275 0.55667 0.0075 0.01333
10 0.3695 0.54133 0.013 0.01733
3 0.396 0.53767 0.009 0.01667
4 0.42525 0.54133 0.0415 0.02533
5 0.39375 0.57833 0.0435 0.042
10 0.42575 0.52533 0.0125 0.01467
3 0.48075 0.516 0.0115 0.01733
3 0.46025 0.517 0.0105 0.01533
4 0.506 0.51633 0.022 0.02333
10 0.39325 0.63133 0.0165 0.01733
4 0.16575 0.44933 0.0215 0.01867
4 0.1845 0.445 0.024 0.01667
2 0.7 0.419 0.004 0.014
2 0.712 0.41167 0.004 0.01
2 0.72775 0.41067 0.0045 0.012
3 0.72675 0.413 0.0095 0.00867
3 0.71125 0.414 0.0095 0.008
3 0.7 0.422 0.007 0.00933
