4 0.10651 0.59537 0.07552 0.05741
4 0.11146 0.54861 0.06458 0.05463
5 0.13359 0.5088 0.06094 0.05278
4 0.14297 0.47593 0.05469 0.04074
4 0.15599 0.44167 0.05156 0.03704
4 0.16276 0.40463 0.05052 0.03519
4 0.17031 0.37685 0.04896 0.0463
4 0.18073 0.35185 0.04896 0.03519
4 0.18516 0.32315 0.04323 0.03889
5 0.26719 0.50417 0.02708 0.08796
4 0.29557 0.51204 0.01927 0.0537
4 0.49193 0.65231 0.03281 0.06204
4 0.52135 0.64815 0.03229 0.06111
4 0.56875 0.59259 0.06354 0.06667
4 0.5862 0.56204 0.05573 0.06296
4 0.59557 0.53611 0.05573 0.06667
6 0.61771 0.49861 0.09479 0.11389
5 0.62865 0.44213 0.05937 0.06574
4 0.63802 0.41898 0.04375 0.05463
2 0.71302 0.47917 0.01562 0.02685
4 0.62969 0.34306 0.04688 0.04352
4 0.52135 0.33981 0.05104 0.03704
4 0.46641 0.42361 0.02448 0.06944
4 0.43958 0.42639 0.02396 0.05648
4 0.41224 0.42639 0.02344 0.06389
6 0.38802 0.42315 0.01979 0.07407
5 0.40521 0.32685 0.04792 0.0463
