1 0.06607 0.51967 0.02357 0.04695
1 0.08143 0.51586 0.02 0.04949
1 0.32571 0.54569 0.01143 0.03553
1 0.35857 0.49937 0.01143 0.03173
1 0.40643 0.46003 0.01 0.03934
1 0.47036 0.46066 0.01643 0.03553
1 0.45393 0.44353 0.00929 0.0368
1 0.44607 0.44289 0.00929 0.03299
1 0.49821 0.42449 0.00929 0.02919
1 0.5325 0.46193 0.00786 0.03553
1 0.59643 0.54695 0.01286 0.03046
1 0.70179 0.50952 0.01214 0.03173
1 0.75679 0.52728 0.01643 0.03173
5 0.83857 0.8547 0.09857 0.13325
5 0.66357 0.96447 0.10571 0.06853
10 0.71036 0.44162 0.02071 0.0533
10 0.68786 0.39213 0.01714 0.05076
10 0.63929 0.37817 0.01429 0.05838
10 0.59321 0.39721 0.01643 0.05838
10 0.57964 0.40228 0.02214 0.05584
10 0.605 0.39213 0.01429 0.0533
10 0.61357 0.38452 0.01143 0.04315
10 0.66357 0.35596 0.01286 0.05457
11 0.85036 0.59708 0.135 0.13832
1 0.31036 0.53236 0.02071 0.03934
1 0.44571 0.43718 0.00857 0.03173
1 0.49786 0.4099 0.00857 0.02792
1 0.47214 0.4448 0.00857 0.02665
1 0.24464 0.34454 0.015 0.04442
1 0.09964 0.53173 0.01643 0.03807
4 0.35857 0.33058 0.04 0.10787
4 0.38571 0.2665 0.04286 0.09391
10 0.49036 0.20495 0.01786 0.05711
9 0.13143 0.12881 0.15429 0.18401
9 0.29929 0.02792 0.12286 0.05584
10 0.03071 0.23287 0.03 0.0698
10 0.01357 0.24937 0.02714 0.0698
10 0.01 0.26206 0.02 0.07234
1 0.12536 0.04378 0.025 0.04949
1 0.18821 0.63515 0.02071 0.0368
