4,0.08645833333333333,0.2861111111111111,0.03333333333333333,0.025925925925925925
4,0.10260416666666666,0.387037037037037,0.041666666666666664,0.03333333333333333
4,0.11197916666666667,0.36712962962962964,0.041666666666666664,0.028703703703703703
4,0.1125,0.35462962962962963,0.0375,0.024074074074074074
4,0.13098958333333333,0.26342592592592595,0.0328125,0.025
4,0.14505208333333333,0.2824074074074074,0.033854166666666664,0.024074074074074074
4,0.12317708333333334,0.2953703703703704,0.033854166666666664,0.020370370370370372
4,0.16041666666666668,0.31666666666666665,0.028125,0.018518518518518517
4,0.11223958333333334,0.33240740740740743,0.034895833333333334,0.027777777777777776
4,0.15364583333333334,0.3314814814814815,0.036458333333333336,0.027777777777777776
1,0.17526041666666667,0.5370370370370371,0.0036458333333333334,0.022222222222222223
1,0.17239583333333333,0.5342592592592592,0.004166666666666667,0.020370370370370372
1,0.21484375,0.6226851851851852,0.005729166666666666,0.028703703703703703
1,0.184375,0.6194444444444445,0.007291666666666667,0.027777777777777776
1,0.19453125,0.6833333333333333,0.0067708333333333336,0.025925925925925925
1,0.2625,0.7125,0.007291666666666667,0.030555555555555555
1,0.2604166666666667,0.6648148148148149,0.007291666666666667,0.03333333333333333
1,0.2747395833333333,0.649074074074074,0.0067708333333333336,0.03518518518518519
1,0.2986979166666667,0.5824074074074074,0.008854166666666666,0.03148148148148148
2,0.2825520833333333,0.41064814814814815,0.005729166666666666,0.01574074074074074
2,0.2609375,0.39490740740740743,0.004166666666666667,0.013888888888888888
10,0.2828125,0.41944444444444445,0.00625,0.024074074074074074
10,0.2609375,0.4041666666666667,0.00625,0.025
4,0.2716145833333333,0.05740740740740741,0.0109375,0.018518518518518517
4,0.30390625,0.1763888888888889,0.013020833333333334,0.023148148148148147
4,0.29661458333333335,0.20092592592592592,0.011979166666666667,0.025925925925925925
4,0.30755208333333334,0.262037037037037,0.013020833333333334,0.027777777777777776
4,0.3375,0.31296296296296294,0.015625,0.03518518518518519
4,0.32473958333333336,0.3587962962962963,0.016145833333333335,0.03981481481481482
4,0.36223958333333334,0.42824074074074076,0.0203125,0.05277777777777778
6,0.3385416666666667,0.4287037037037037,0.023958333333333335,0.08518518518518518
4,0.33203125,0.6791666666666667,0.0484375,0.06574074074074074
4,0.45651041666666664,0.7240740740740741,0.033854166666666664,0.08333333333333333
2,0.47369791666666666,0.43657407407407406,0.0046875,0.013888888888888888
10,0.47265625,0.4444444444444444,0.005729166666666666,0.024074074074074074
1,0.46927083333333336,0.32037037037037036,0.0020833333333333333,0.016666666666666666
1,0.42291666666666666,0.3472222222222222,0.004166666666666667,0.016666666666666666
1,0.4552083333333333,0.31203703703703706,0.004166666666666667,0.014814814814814815
4,0.48671875,0.5560185185185185,0.0484375,0.04722222222222222
4,0.5052083333333334,0.9300925925925926,0.041666666666666664,0.08425925925925926
2,0.5416666666666666,0.6805555555555556,0.004166666666666667,0.014814814814814815
10,0.5395833333333333,0.6856481481481481,0.009375,0.030555555555555555
1,0.5328125,0.4398148148148148,0.00625,0.020370370370370372
4,0.61640625,0.5125,0.04114583333333333,0.03611111111111111
1,0.6354166666666666,0.7861111111111111,0.008333333333333333,0.03148148148148148
2,0.7200520833333334,0.7569444444444444,0.0078125,0.01574074074074074
10,0.7169270833333333,0.7587962962962963,0.0203125,0.019444444444444445
4,0.7169270833333333,0.4842592592592593,0.0234375,0.040740740740740744
