4 0.37682 0.55556 0.02969 0.08889
4 0.49375 0.51574 0.03333 0.09259
4 0.62786 0.68241 0.04844 0.09074
6 0.56641 0.65185 0.06094 0.1537
4 0.38177 0.21898 0.01562 0.03981
4 0.40833 0.14815 0.01458 0.03148
4 0.50339 0.16991 0.01927 0.03796
6 0.35729 0.12083 0.02292 0.07315
4 0.06901 0.3912 0.0276 0.02315
5 0.09089 0.34306 0.03281 0.03056
4 0.1026 0.32963 0.02917 0.02222
4 0.04271 0.36204 0.0375 0.02963
6 0.04766 0.32778 0.06719 0.0537
6 0.17526 0.24352 0.04323 0.08704
1 0.09583 0.27546 0.00521 0.01944
1 0.09844 0.2713 0.00625 0.02037
4 0.21224 0.15 0.01615 0.02407
1 0.20156 0.12778 0.00313 0.00926
1 0.20729 0.12685 0.00313 0.01111
1 0.20365 0.125 0.00313 0.01481
6 0.24141 0.06343 0.01719 0.03241
4 0.25286 0.04352 0.00885 0.01667
4 0.25599 0.03148 0.0099 0.01481
4 0.26016 0.02269 0.00885 0.01204
1 0.68672 0.49769 0.00781 0.02315
1 0.60365 0.29259 0.00521 0.02037
1 0.61406 0.25694 0.00625 0.02315
1 0.53073 0.10278 0.00417 0.01481
1 0.54453 0.09306 0.0026 0.01389
1 0.54922 0.09074 0.00365 0.01481
2 0.55208 0.0963 0.00313 0.00926
1 0.55807 0.09306 0.00365 0.01204
1 0.55625 0.08611 0.00208 0.00926
1 0.56094 0.09028 0.00313 0.01204
2 0.58646 0.1162 0.00313 0.00833
2 0.58854 0.11898 0.00417 0.01019
1 0.55469 0.05741 0.00208 0.01481
2 0.51953 0.08704 0.00469 0.00926
2 0.52839 0.08565 0.00573 0.01019
2 0.53802 0.17361 0.00417 0.01019
2 0.53438 0.17222 0.00313 0.00926
1 0.56979 0.18287 0.00521 0.01019
2 0.59115 0.2088 0.00417 0.01019
1 0.60286 0.20972 0.00365 0.01389
2 0.64167 0.38889 0.00625 0.01296
2 0.64401 0.3838 0.00573 0.01019
1 0.67005 0.49676 0.00469 0.0213
1 0.72109 0.48657 0.00781 0.01574
1 0.51719 0.03565 0.00313 0.01019
1 0.55651 0.04583 0.0026 0.01019
1 0.54974 0.05324 0.0026 0.01019
1 0.54635 0.05324 0.00313 0.01389
1 0.55 0.06481 0.00208 0.01111
1 0.52969 0.0537 0.00625 0.00926
2 0.50729 0.0588 0.00625 0.00648
1 0.04609 0.60833 0.00885 0.02593
