4 0.45391 0.0537 0.03385 0.06481
4 0.46693 0.11528 0.0349 0.06759
4 0.57995 0.11806 0.0349 0.0713
4 0.62604 0.17176 0.05312 0.08056
4 0.37344 0.17593 0.03958 0.08889
4 0.3776 0.26667 0.04375 0.11481
4 0.37969 0.40602 0.05 0.14537
4 0.3862 0.5875 0.0599 0.19722
4 0.57474 0.71296 0.09948 0.23519
4 0.40833 0.91713 0.07604 0.29537
4 0.62995 0.99028 0.11823 0.30463
4 0.79948 1.18611 0.17604 0.40556
4 0.70182 1.30185 0.12552 0.17407
4 0.99401 0.86019 0.09531 0.16111
4 0.75729 0.53657 0.08125 0.13796
4 0.72005 0.41019 0.07656 0.12593
1 0.60286 0.48565 0.02135 0.08981
5 0.65286 0.24907 0.04115 0.10185
5 0.54531 0.25139 0.04375 0.09907
5 0.57266 0.04259 0.04115 0.06481
5 0.48333 0.20741 0.04167 0.12222
5 0.37448 0.03611 0.03021 0.07222
10 0.9487 0.15787 0.02552 0.04722
10 0.95755 0.14907 0.0224 0.05
4 0.59714 0.00833 0.06094 0.01667
