4 0.65938 1.30278 0.12083 0.17222
4 0.44453 0.99028 0.0776 0.1213
1 0.52812 0.93148 0.0125 0.05926
1 0.51016 0.91713 0.00781 0.03981
1 0.49792 0.93148 0.01562 0.05926
4 0.35781 0.81111 0.05729 0.07963
4 0.2013 0.82778 0.05573 0.08889
4 0.20521 0.57639 0.04167 0.05278
4 0.16354 0.49722 0.02917 0.04259
4 0.14505 0.46759 0.02865 0.03519
4 0.12943 0.43889 0.02865 0.03704
4 0.09792 0.39306 0.02396 0.03056
4 0.08568 0.37361 0.02344 0.0287
4 0.13047 0.32963 0.03698 0.02593
5 0.02161 0.40278 0.0276 0.04815
4 0.04427 0.30602 0.01667 0.0213
4 0.0138 0.25972 0.02344 0.0213
4 0.00964 0.25185 0.01719 0.02037
1 0.02786 0.29954 0.00885 0.0287
1 0.04193 0.29028 0.00573 0.01759
1 0.04922 0.29074 0.00781 0.01667
1 0.04531 0.27963 0.00521 0.02407
5 0.94167 0.3588 0.04167 0.03611
4 0.9026 0.3787 0.04479 0.03519
4 0.90781 0.41111 0.03646 0.03704
4 0.76771 0.51481 0.05208 0.04074
4 0.55573 0.42454 0.03854 0.03426
4 0.65104 0.4838 0.04375 0.03981
4 0.61589 0.43333 0.03802 0.04074
4 0.77083 0.45046 0.04583 0.04907
4 0.79167 0.44352 0.03854 0.03704
4 0.69635 0.44907 0.04271 0.03704
4 0.81484 0.5588 0.0474 0.04537
4 1.01693 0.32731 0.03594 0.03056
4 0.30443 0.21389 0.02135 0.01296
4 0.27292 0.24213 0.01458 0.01944
4 0.2862 0.25 0.0151 0.01667
4 0.29714 0.25741 0.01406 0.01852
4 0.27135 0.27685 0.02604 0.02222
4 0.24896 0.26389 0.02396 0.02037
4 0.25234 0.21065 0.02969 0.02315
4 0.31302 0.2662 0.01875 0.0213
4 0.41589 0.33194 0.02865 0.03056
4 0.46589 0.32685 0.02031 0.02963
4 0.40026 0.31667 0.02344 0.02407
4 0.38229 0.31111 0.01979 0.02593
4 0.36406 0.30185 0.02083 0.02593
4 0.34609 0.2912 0.02344 0.025
1 0.28021 0.24861 0.00625 0.0213
4 0.46406 0.42454 0.03438 0.03056
4 0.48307 0.43611 0.0401 0.03519
4 0.51432 0.4625 0.03906 0.03241
4 0.62552 0.54213 0.04896 0.05278
3 0.83906 0.44398 0.00729 0.025
1 0.75365 0.56574 0.00833 0.03519
1 0.78125 0.53889 0.00729 0.02778
1 0.77266 0.54722 0.00573 0.03148
