7 0.50677 0.34954 0.01562 0.05463
2 0.50651 0.34769 0.00885 0.02685
7 0.4276 0.60231 0.02292 0.08611
1 0.37422 0.71528 0.01406 0.03056
3 0.23646 0.77731 0.01354 0.05093
6 0.575 0.75694 0.125 0.10648
7 0.5487 0.87454 0.08594 0.08981
5 0.56016 0.95093 0.07135 0.07963
3 0.59922 0.94815 0.01302 0.06852
3 0.66068 0.75463 0.03281 0.02407
3 0.68594 0.69167 0.02708 0.02593
10 0.71094 0.78889 0.03229 0.02778
7 0.74297 0.74491 0.02865 0.10093
7 0.73333 0.90556 0.04167 0.09444
8 0.71641 0.98194 0.02344 0.0287
7 0.79349 0.79722 0.02552 0.07037
1 0.54766 0.58148 0.0099 0.02963
4 0.58984 0.59583 0.07344 0.075
5 0.61042 0.52593 0.07292 0.07778
4 0.6151 0.45417 0.07187 0.06759
4 0.62109 0.34954 0.06927 0.05463
4 0.62292 0.28009 0.06563 0.06759
3 0.68177 0.37083 0.02083 0.02315
1 0.75911 0.53009 0.01094 0.03056
5 0.79557 0.52222 0.03802 0.1463
6 0.76172 0.1088 0.0276 0.11204
4 0.75547 0.02407 0.0276 0.04815
4 0.81641 0.03426 0.03177 0.06852
5 0.85339 0.04444 0.03073 0.08889
4 0.65182 0.01667 0.06094 0.03333
