0 0.69141 0.38194 0.00885 0.01019
0 0.68359 0.39259 0.00885 0.01296
0 0.6763 0.40231 0.01719 0.00833
4 0.67292 0.41574 0.00417 0.00556
4 0.66745 0.45046 0.00573 0.00833
4 0.66432 0.46204 0.00573 0.00926
4 0.63333 0.45648 0.00625 0.00926
4 0.60052 0.48472 0.00833 0.01019
4 0.63047 0.47176 0.00677 0.01019
4 0.64922 0.47917 0.00677 0.00833
4 0.65833 0.48981 0.00729 0.00926
5 0.7013 0.50463 0.01094 0.01481
4 0.69714 0.48472 0.00677 0.01204
4 0.58021 0.53102 0.01354 0.01204
5 0.45807 0.65833 0.02031 0.03519
4 0.41849 0.65324 0.0224 0.0287
1 0.43151 0.62593 0.00469 0.01852
1 0.4349 0.62454 0.00313 0.01759
2 0.4375 0.62685 0.00313 0.00926
4 0.37083 0.7588 0.03229 0.03981
10 0.27422 0.81389 0.01302 0.02407
2 0.27396 0.80602 0.00937 0.02685
4 0.09688 1.08194 0.08125 0.10648
8 0.67422 0.63426 0.01719 0.02222
1 0.67682 0.61389 0.00365 0.02037
4 0.75052 0.54398 0.02292 0.01759
4 0.80964 0.55 0.02656 0.01481
4 0.84661 0.55324 0.02448 0.01574
4 0.87891 0.55556 0.02656 0.01481
4 0.91458 0.55741 0.02917 0.01667
4 0.99714 0.58194 0.01927 0.01574
6 1.00859 0.54167 0.02865 0.02778
1 0.76771 0.61806 0.00417 0.0213
1 0.82344 0.6088 0.00417 0.01574
1 0.86536 0.5838 0.0026 0.01759
1 0.84193 0.67824 0.00365 0.01574
2 0.84948 0.61898 0.00833 0.01019
2 0.82969 0.61111 0.00417 0.01296
2 0.83229 0.61343 0.00521 0.01204
2 0.83385 0.61435 0.00521 0.01389
2 0.85078 0.60046 0.0026 0.01204
2 0.82604 0.62963 0.00417 0.01111
2 0.89271 0.91343 0.00833 0.01944
1 0.87865 0.88843 0.01042 0.03611
2 0.85443 0.73889 0.00781 0.01667
4 1.01797 0.80833 0.0474 0.03519
4 0.94036 0.93981 0.05469 0.05926
4 0.84922 0.87546 0.05781 0.04537
4 0.84401 0.82639 0.05052 0.05278
6 0.55156 0.49907 0.01875 0.01481
4 0.56667 0.4912 0.01146 0.01019
4 0.57318 0.4838 0.00885 0.00833
4 0.6375 0.4375 0.00625 0.01204
4 0.61094 0.46157 0.00729 0.01204
4 0.64401 0.42917 0.00677 0.00648
4 0.64583 0.42454 0.00521 0.00648
4 0.64922 0.4213 0.00365 0.00926
4 0.65339 0.41759 0.00365 0.00741
0 0.66068 0.40972 0.0099 0.01574
0 0.62448 0.44861 0.00833 0.01204
