0 0.4925 0.46133 0.037 0.024
4 0.47425 0.48467 0.0045 0.00667
4 0.4715 0.494 0.005 0.00933
6 0.48825 0.48667 0.0075 0.01467
6 0.49525 0.49 0.0095 0.01467
4 0.4875 0.49933 0.009 0.01467
6 0.496 0.50567 0.011 0.02067
6 0.483 0.51167 0.006 0.01
4 0.4845 0.52033 0.008 0.00867
5 0.497 0.521 0.008 0.01267
4 0.48525 0.532 0.0105 0.01067
5 0.496 0.54733 0.011 0.01467
4 0.48025 0.553 0.0115 0.01133
4 0.47775 0.57467 0.0145 0.016
6 0.4995 0.639 0.034 0.094
6 0.371 0.748 0.046 0.06267
5 0.87275 0.78467 0.0925 0.05467
4 0.93475 0.72467 0.0545 0.04
4 0.81225 0.73433 0.0645 0.038
4 0.8075 0.71767 0.058 0.03133
4 0.75975 0.616 0.0365 0.02
4 0.75375 0.596 0.0335 0.02
4 0.75075 0.574 0.0295 0.01467
1 0.73575 0.57733 0.0045 0.01467
4 0.61225 0.51533 0.0145 0.008
4 0.59275 0.50433 0.0085 0.00867
1 0.59325 0.506 0.0025 0.008
4 0.588 0.49767 0.009 0.00733
4 0.641 0.52233 0.015 0.01
0 0.58475 0.47733 0.0475 0.02667
