1 0.14245 0.39444 0.0151 0.04444
1 0.31068 0.38889 0.01094 0.04444
1 0.44245 0.36574 0.00885 0.04444
2 0.34505 0.40417 0.00781 0.02315
2 0.35417 0.40417 0.00937 0.025
2 0.37474 0.39167 0.01302 0.02778
2 0.34505 0.36852 0.01302 0.02407
2 0.35833 0.37222 0.00833 0.02963
2 0.37214 0.37222 0.0099 0.02407
2 0.34661 0.35741 0.01094 0.01852
2 0.36667 0.37037 0.01042 0.02593
1 0.38464 0.34074 0.00781 0.03519
1 0.39036 0.33704 0.00677 0.03889
1 0.38411 0.33241 0.00781 0.04074
2 0.43828 0.3 0.01302 0.02037
2 0.65885 0.08935 0.00833 0.0213
2 0.6625 0.09167 0.00937 0.02037
2 0.59948 0.07037 0.00625 0.01852
2 0.6138 0.06667 0.00469 0.01667
2 0.60885 0.07407 0.00521 0.02037
2 0.60443 0.07222 0.00469 0.01667
1 0.58984 0.72315 0.02135 0.0537
2 0.45547 0.10972 0.00677 0.01389
2 0.44818 0.10694 0.00885 0.01204
2 0.44661 0.10139 0.00573 0.01019
2 0.45417 0.10417 0.00729 0.01204
