4 0.566 0.89933 0.125 0.08
4 0.57175 0.74933 0.0835 0.04933
4 0.574 0.71033 0.074 0.046
4 0.56575 0.67633 0.0625 0.034
4 0.565 0.64567 0.047 0.02733
4 0.56875 0.62733 0.0455 0.02
4 0.572 0.60333 0.017 0.02
4 0.8955 0.953 0.191 0.094
4 0.82025 0.82733 0.1235 0.07867
4 0.79275 0.79467 0.1025 0.048
4 0.72075 0.697 0.0745 0.034
4 0.71 0.685 0.063 0.03133
4 0.68875 0.65433 0.0495 0.026
4 0.66875 0.62767 0.0485 0.03133
4 0.6455 0.595 0.033 0.018
6 0.277 0.62133 0.092 0.064
4 0.383 0.58067 0.014 0.01067
4 0.37825 0.56733 0.0225 0.012
4 0.3945 0.56167 0.017 0.01133
10 0.758 0.66567 0.02 0.018
4 0.64125 0.58767 0.0315 0.014
4 0.6315 0.58033 0.025 0.01
4 0.6305 0.575 0.023 0.01133
4 0.628 0.57 0.023 0.012
4 0.62525 0.56667 0.0255 0.01067
4 0.5675 0.568 0.018 0.012
4 0.611 0.55533 0.017 0.00667
0 0.57175 0.536 0.0825 0.032
4 0.45625 0.527 0.0095 0.00467
4 0.47125 0.52467 0.0065 0.00533
4 0.47825 0.525 0.0065 0.006
4 0.52575 0.52533 0.0085 0.00533
4 0.6325 0.55267 0.012 0.00933
