4 0.30786 0.01048 0.01571 0.02095
5 0.335 0.03571 0.01857 0.04286
1 0.35393 0.04095 0.00643 0.02095
1 0.23214 0.10857 0.00714 0.01714
1 0.23143 0.13524 0.00714 0.02286
1 0.195 0.18238 0.00857 0.02
2 0.30536 0.14714 0.00786 0.01238
2 0.41429 0.16714 0.00571 0.01238
2 0.25036 0.22524 0.00929 0.02
2 0.30857 0.25286 0.00857 0.01619
2 0.33071 0.27095 0.00857 0.01619
1 0.24714 0.31286 0.01143 0.02381
1 0.20857 0.26857 0.00857 0.02095
2 0.32607 0.47667 0.01071 0.0181
1 0.03464 0.38238 0.01071 0.02
1 0.0225 0.49905 0.01071 0.02095
2 0.01036 0.62333 0.01357 0.0181
2 0.00679 0.62857 0.01214 0.01143
1 0.27714 0.54 0.01286 0.03238
1 0.25929 0.54 0.01143 0.02476
2 0.31536 0.88619 0.01357 0.02
2 0.315 0.87667 0.01429 0.01429
1 0.52107 0.98429 0.00929 0.0181
1 0.55 0.99286 0.00857 0.01429
2 0.46893 0.59571 0.00929 0.02
1 0.51571 0.52333 0.00714 0.0219
1 0.48857 0.50619 0.00714 0.0219
2 0.45286 0.30524 0.00571 0.0181
10 0.46179 0.10714 0.01643 0.02
10 0.41429 0.16762 0.00714 0.02286
8 0.3075 0.15286 0.01214 0.02381
10 0.30857 0.25905 0.01286 0.02286
10 0.33143 0.27762 0.00857 0.02381
3 0.45321 0.31 0.005 0.0219
10 0.48821 0.40571 0.01786 0.02476
10 0.51821 0.36714 0.01071 0.02762
10 0.515 0.32381 0.00857 0.02095
10 0.50286 0.52762 0.02286 0.02857
10 0.49714 0.53762 0.02143 0.0181
10 0.50964 0.55905 0.02214 0.02286
10 0.50786 0.57095 0.02571 0.02
10 0.50786 0.58095 0.02571 0.01714
10 0.50964 0.59524 0.02786 0.02095
10 0.50464 0.60857 0.02786 0.01714
10 0.51071 0.6181 0.02714 0.01714
10 0.51143 0.63429 0.02286 0.02667
10 0.46929 0.59857 0.01 0.03333
10 0.4975 0.69429 0.01071 0.04571
10 0.31536 0.88857 0.01357 0.05143
10 0.01393 0.62714 0.02786 0.03333
10 0.32643 0.48095 0.01286 0.03619
3 0.25107 0.22952 0.01214 0.02667
10 0.09464 0.3481 0.02357 0.02381
10 0.10071 0.34 0.02429 0.02286
4 0.0875 0.40143 0.04214 0.05238
6 0.14571 0.31762 0.06 0.07714
4 0.18893 0.26857 0.04071 0.05143
10 0.2125 0.20476 0.01643 0.01714
4 0.24 0.20095 0.03857 0.05143
4 0.17786 0.22524 0.03857 0.04286
10 0.25679 0.14286 0.01214 0.02286
10 0.205 0.14333 0.00571 0.02
4 0.28393 0.1419 0.02357 0.04381
10 0.26036 0.09619 0.00786 0.02095
4 0.28786 0.10381 0.01714 0.03619
4 0.28679 0.07143 0.01786 0.0381
4 0.34679 0.10619 0.02071 0.04286
6 0.38179 0.09476 0.02214 0.04286
4 0.35821 0.18714 0.02071 0.04667
4 0.36643 0.3381 0.02286 0.05714
4 0.36964 0.49524 0.02214 0.06476
4 0.52714 0.89429 0.03857 0.12
4 0.47536 0.33238 0.02357 0.05524
6 0.47179 0.27524 0.02643 0.05333
4 0.46071 0.22762 0.02286 0.04381
4 0.45571 0.18571 0.02571 0.04
6 0.42714 0.06952 0.02 0.03619
10 0.425 0.04429 0.01571 0.01429
6 0.41429 0.01476 0.02143 0.02952
1 0.60607 0.40333 0.00786 0.02
1 0.60143 0.61333 0.01 0.02286
4 0.65179 0.07476 0.04071 0.02381
4 0.65357 0.09333 0.03857 0.02095
5 0.66036 0.1119 0.035 0.03524
4 0.70464 0.08762 0.03929 0.02476
4 0.70214 0.10667 0.04143 0.02857
4 0.70286 0.12381 0.04286 0.02667
5 0.69286 0.14476 0.04714 0.02476
4 0.24179 0.29048 0.045 0.05333
