1 0.20469 0.46296 0.01458 0.07037
4 0.13177 0.64537 0.11875 0.23704
4 0.53411 0.53056 0.1401 0.12407
4 0.25885 0.27639 0.03438 0.05648
4 0.38099 0.25926 0.03177 0.05556
4 0.41094 0.19676 0.04375 0.03241
4 0.2875 0.18287 0.01979 0.03611
4 0.28958 0.1588 0.01667 0.03241
4 0.29297 0.13426 0.02031 0.02407
4 0.24922 0.13935 0.03073 0.025
4 0.2474 0.12963 0.02917 0.01852
4 0.22995 0.11574 0.02969 0.01852
4 0.21458 0.08519 0.01771 0.01481
4 0.23359 0.0875 0.02031 0.01759
4 0.25339 0.09398 0.01719 0.01574
4 0.475 0.19074 0.03958 0.03519
4 0.53359 0.19352 0.04427 0.03148
4 0.60286 0.19583 0.04635 0.03426
