4 0.67929 0.97208 0.05429 0.04822
9 0.74821 0.86802 0.02786 0.09391
4 0.51893 0.98096 0.04786 0.03553
4 0.67179 0.9264 0.045 0.04061
4 0.66821 0.87944 0.05071 0.04315
5 0.66464 0.83312 0.05071 0.04442
4 0.73036 0.70749 0.02643 0.08756
4 0.71107 0.49239 0.02214 0.06853
4 0.68964 0.49746 0.01929 0.0736
4 0.66643 0.49492 0.01857 0.06599
4 0.645 0.49175 0.02 0.0698
4 0.62071 0.49302 0.02143 0.07487
4 0.59786 0.49112 0.02 0.06853
4 0.57571 0.49239 0.01857 0.0736
4 0.5525 0.47906 0.02214 0.0698
4 0.5325 0.49429 0.01786 0.06218
6 0.43607 0.60152 0.04786 0.11675
4 0.31464 0.9099 0.03071 0.11421
4 0.2625 0.40482 0.02214 0.0736
4 0.3375 0.30076 0.02357 0.07107
4 0.32179 0.1434 0.01929 0.06091
4 0.2675 0.19036 0.02357 0.0736
4 0.30214 0.01967 0.01857 0.03934
