9 0.39179 0.77284 0.05214 0.17766
4 0.41893 0.52221 0.025 0.07741
4 0.40321 0.39911 0.025 0.06472
4 0.38214 0.33947 0.04429 0.04695
4 0.37179 0.28617 0.04214 0.0368
5 0.5825 0.87754 0.055 0.06218
4 0.57536 0.81091 0.04929 0.07107
4 0.56536 0.76269 0.05071 0.05584
4 0.55679 0.69543 0.05357 0.0533
4 0.55036 0.64213 0.04214 0.04822
4 0.53857 0.59898 0.05286 0.05584
4 0.53214 0.5533 0.05286 0.05076
6 0.51286 0.50698 0.05857 0.06218
4 0.51321 0.46256 0.05214 0.0368
4 0.50786 0.43528 0.04429 0.04569
4 0.49214 0.37056 0.04 0.03807
4 0.46821 0.31091 0.03929 0.03553
5 0.43929 0.21701 0.03429 0.05076
4 0.43679 0.12246 0.03929 0.0368
5 0.42286 0.10533 0.03429 0.03299
5 0.41679 0.06028 0.04071 0.03934
4 0.425 0.08883 0.03571 0.02538
4 0.40964 0.02855 0.03357 0.02157
4 0.39893 0.0184 0.035 0.03173
5 0.37964 0.06536 0.01929 0.04442
4 0.26536 0.02538 0.01786 0.04822
4 0.14357 0.10533 0.02 0.04822
4 0.14857 0.5514 0.03 0.07487
4 0.15179 0.64975 0.03214 0.09391
4 0.16286 0.88706 0.06286 0.06345
4 0.4875 0.95876 0.03071 0.07995
1 0.45893 0.87183 0.00929 0.03046
1 0.4425 0.86485 0.00929 0.02919
1 0.44893 0.75317 0.00786 0.03173
1 0.18107 0.36675 0.00929 0.02792
1 0.18357 0.47018 0.01286 0.02411
1 0.16143 0.49746 0.01286 0.02284
1 0.33214 0.24175 0.00857 0.02665
1 0.34357 0.30838 0.00714 0.02538
1 0.35036 0.3052 0.005 0.02411
10 0.46464 0.51459 0.00929 0.02411
1 0.48679 0.56472 0.005 0.0203
1 0.66607 0.83122 0.01214 0.02792
1 0.68679 0.82931 0.00786 0.02411
1 0.67786 0.81345 0.00714 0.02284
1 0.66571 0.81218 0.00857 0.02538
1 0.66321 0.74048 0.00786 0.02411
1 0.66214 0.69036 0.00429 0.0203
1 0.63071 0.63896 0.00857 0.01904
1 0.62929 0.60723 0.00571 0.02665
1 0.60357 0.56916 0.00571 0.02665
1 0.59607 0.57043 0.00643 0.02157
1 0.58143 0.54124 0.00714 0.02665
1 0.55821 0.51206 0.00786 0.02411
1 0.45893 0.05838 0.00786 0.02284
2 0.50214 0.24112 0.00714 0.01777
1 0.51393 0.27348 0.00643 0.02665
1 0.52214 0.22525 0.00571 0.02411
1 0.53179 0.22335 0.005 0.02284
1 0.52964 0.29949 0.005 0.02284
1 0.53536 0.29569 0.00357 0.01777
1 0.53929 0.3401 0.00571 0.02284
1 0.53393 0.34137 0.005 0.02284
1 0.53179 0.37944 0.005 0.01777
2 0.58929 0.47335 0.00857 0.02538
10 0.59143 0.47208 0.00857 0.02792
10 0.57643 0.43274 0.00857 0.02284
10 0.51393 0.33185 0.00929 0.02665
10 0.5025 0.31218 0.015 0.02792
10 0.49643 0.2297 0.00571 0.03046
10 0.4825 0.23921 0.015 0.02157
10 0.51036 0.20178 0.00786 0.02792
10 0.49643 0.14086 0.00714 0.02792
10 0.48036 0.08058 0.005 0.02157
3 0.46143 0.1415 0.00714 0.02665
1 0.90786 0.35787 0.01 0.03553
1 0.93679 0.38642 0.01071 0.02411
1 0.93214 0.39023 0.01143 0.02665
