4 0.51901 0.55787 0.05885 0.13241
4 0.67786 0.6787 0.1026 0.18333
4 0.64427 0.5213 0.07187 0.12407
4 0.62865 0.41296 0.05833 0.09074
4 0.6112 0.34537 0.04531 0.06667
4 0.59349 0.28056 0.03177 0.0537
4 0.49323 0.31111 0.03542 0.06481
4 0.52031 0.2662 0.03021 0.04722
4 0.50729 0.22269 0.03438 0.03796
4 0.48021 0.26435 0.03125 0.05648
4 0.48151 0.2375 0.02552 0.03056
4 0.22005 0.72917 0.1224 0.21389
4 0.15026 0.52593 0.12344 0.1037
5 0.1 0.35509 0.06563 0.09537
5 0.33776 0.40324 0.05156 0.11389
4 0.21901 0.39583 0.06302 0.09907
4 0.36797 0.35185 0.04115 0.08333
4 0.42734 0.20741 0.0224 0.0463
4 0.28464 0.32315 0.04531 0.06667
4 0.25026 0.31898 0.04844 0.05833
4 0.20703 0.31528 0.05365 0.06204
4 0.17526 0.30463 0.05156 0.05556
4 0.13984 0.29352 0.05677 0.05185
4 0.25964 0.24213 0.03698 0.06389
4 0.29063 0.24167 0.03542 0.05556
4 0.31771 0.24722 0.03542 0.05741
1 0.29141 0.27361 0.01823 0.05463
4 0.35833 0.27176 0.05625 0.06019
4 0.46901 0.16204 0.02656 0.03519
4 0.51094 0.1588 0.02604 0.03056
4 0.5513 0.1875 0.0349 0.04352
4 0.47708 0.14074 0.02396 0.02593
4 0.46406 0.12731 0.02292 0.03426
4 0.10547 0.91111 0.13594 0.12222
5 0.57266 0.20509 0.03073 0.04907
