1 0.25571 0.02284 0.00714 0.03046
1 0.26429 0.02602 0.00857 0.02919
1 0.26929 0.00888 0.00714 0.01777
1 0.27357 0.02411 0.00714 0.03046
1 0.28321 0.02982 0.00643 0.02157
1 0.28929 0.0165 0.01 0.03299
1 0.28929 0.00825 0.00714 0.0165
1 0.30321 0.05774 0.00643 0.02411
1 0.3175 0.2151 0.00786 0.02919
1 0.30964 0.19607 0.00643 0.02157
1 0.31857 0.19226 0.00714 0.02665
1 0.32357 0.21003 0.00429 0.01904
1 0.31857 0.19289 0.00714 0.02792
1 0.32714 0.20305 0.00571 0.02792
1 0.365 0.23287 0.00714 0.02411
1 0.33536 0.3217 0.00929 0.02665
1 0.38571 0.41561 0.00571 0.02665
1 0.44107 0.59772 0.00786 0.02284
1 0.44179 0.61168 0.00643 0.0203
1 0.41536 0.69353 0.00786 0.01904
1 0.39286 0.69226 0.00714 0.02157
2 0.38679 0.69543 0.005 0.01523
11 0.38714 0.69162 0.00857 0.03046
1 0.38393 0.71637 0.00786 0.0165
1 0.36964 0.74429 0.00786 0.01396
1 0.41357 0.7481 0.01 0.02157
1 0.34143 0.77221 0.01 0.01904
1 0.11179 0.87056 0.01929 0.01523
1 0.03857 0.9264 0.01857 0.02538
4 0.15286 0.96827 0.08 0.06091
4 0.29286 0.96066 0.07571 0.07614
4 0.25893 0.90863 0.07214 0.08122
1 0.98964 0.98604 0.01929 0.01777
5 0.98607 0.78109 0.02786 0.0698
4 0.9675 0.70241 0.065 0.07995
1 0.74536 0.53553 0.01071 0.03299
1 0.74214 0.50635 0.00714 0.0203
2 0.74607 0.52094 0.00929 0.02665
11 0.74429 0.52157 0.01286 0.02792
1 0.75357 0.50254 0.01286 0.0203
1 0.7725 0.52665 0.00929 0.0203
1 0.77821 0.52157 0.01071 0.0203
1 0.79143 0.52411 0.01143 0.02284
1 0.73107 0.46383 0.00929 0.02411
1 0.6675 0.30901 0.00643 0.02411
1 0.68357 0.35787 0.00714 0.02792
1 0.71393 0.42259 0.01071 0.02284
1 0.7475 0.43084 0.00786 0.02157
1 0.73821 0.45431 0.00929 0.01777
11 0.74357 0.46827 0.01 0.02792
2 0.74536 0.47081 0.005 0.01269
1 0.77929 0.45812 0.01286 0.02284
1 0.78286 0.50127 0.01286 0.02284
1 0.79 0.48096 0.01143 0.0203
1 0.80143 0.47652 0.01429 0.02157
1 0.7975 0.50571 0.01214 0.02411
4 0.485 0.48731 0.03714 0.09645
4 0.53714 0.49683 0.03857 0.09518
