1 0.56432 0.73241 0.02135 0.03704
1 0.56771 0.71991 0.01979 0.03426
4 0.46354 0.69306 0.03542 0.05463
4 0.28906 0.86713 0.02187 0.0713
4 0.23281 0.91667 0.02187 0.07222
4 0.19974 0.8125 0.01302 0.03426
4 0.18802 0.83148 0.01354 0.04074
4 0.17604 0.85046 0.01458 0.04167
1 0.20026 0.70093 0.00469 0.00926
4 0.24219 0.62407 0.0125 0.01667
4 0.23255 0.60556 0.00573 0.00926
0 0.27891 0.43472 0.02448 0.04722
4 0.25312 0.55787 0.00729 0.01389
4 0.24323 0.56065 0.00417 0.00648
4 0.27109 0.55833 0.00573 0.01296
4 0.26615 0.55278 0.00625 0.01296
4 0.27917 0.54954 0.00625 0.01389
4 0.29688 0.52546 0.00521 0.01019
4 0.28203 0.53287 0.00573 0.01204
4 0.27943 0.48796 0.0026 0.00556
4 0.27135 0.49259 0.00313 0.00556
4 0.27839 0.4662 0.0026 0.00463
4 0.27526 0.46157 0.00156 0.00463
5 0.26224 0.47731 0.00365 0.00648
4 0.26589 0.48194 0.00469 0.00648
5 0.26641 0.47685 0.00365 0.00556
0 0.25573 0.52269 0.02292 0.04352
