6 0.53536 0.69952 0.03214 0.10571
6 0.5275 0.55238 0.02357 0.10476
6 0.53679 0.42333 0.01786 0.05429
6 0.45964 0.3481 0.01786 0.03714
6 0.5275 0.95524 0.035 0.08381
4 0.35964 0.3119 0.015 0.00857
4 0.36286 0.30857 0.01571 0.00952
4 0.47857 0.35714 0.00857 0.01333
4 0.5375 0.47286 0.01214 0.02
4 0.53929 0.32095 0.00714 0.00952
4 0.49536 0.26524 0.00929 0.00857
4 0.51929 0.26619 0.01 0.00857
6 0.53643 0.36524 0.01143 0.04857
6 0.53714 0.28619 0.01 0.02762
6 0.52607 0.23952 0.00643 0.01048
6 0.50071 0.20524 0.00571 0.01048
0 0.41607 0.19238 0.01786 0.01905
4 0.4875 0.20619 0.00357 0.00476
4 0.43607 0.23429 0.00357 0.00571
4 0.43536 0.26095 0.01071 0.00952
2 0.27429 0.68048 0.00714 0.01429
10 0.27464 0.68143 0.00786 0.0219
4 0.73643 0.47143 0.02857 0.01524
4 0.73071 0.46381 0.02429 0.01143
4 0.73179 0.45238 0.02214 0.01143
5 0.72607 0.44286 0.03071 0.01714
0 0.64107 0.25048 0.01357 0.02095
4 0.63 0.23143 0.00571 0.00571
4 0.67393 0.31524 0.01214 0.00762
4 0.64714 0.26524 0.01143 0.00667
4 0.67107 0.30857 0.015 0.00762
4 0.66714 0.30381 0.01143 0.00762
4 0.66607 0.3019 0.01214 0.00952
4 0.66571 0.29762 0.01286 0.00857
4 0.6525 0.27762 0.00929 0.00857
4 0.64786 0.27 0.01 0.00667
11 0.63 0.3 0.04 0.1219
0 0.53714 0.25857 0.00714 0.02571
4 0.30607 0.33286 0.01357 0.01048
4 0.30964 0.32857 0.01214 0.00952
4 0.31286 0.32238 0.01429 0.01048
4 0.31786 0.31524 0.01 0.00762
4 0.32179 0.31048 0.00929 0.00952
4 0.32643 0.30238 0.01143 0.00857
4 0.31821 0.28143 0.015 0.00667
1 0.56143 0.37476 0.00286 0.01048
0 0.47 0.30429 0.01286 0.02762
0 0.54821 0.27571 0.005 0.01238
