1 0.55071 0.72714 0.01429 0.08857
1 0.88571 0.76 0.02 0.09333
1 0.92607 0.78857 0.025 0.09333
1 0.94964 0.79095 0.01929 0.0981
4 0.84786 0.81905 0.18 0.13333
5 0.91286 0.70905 0.17143 0.16095
4 0.86464 0.63429 0.08929 0.04952
6 0.76393 0.64714 0.08786 0.0619
4 0.76214 0.60238 0.07714 0.04286
1 0.30786 0.54476 0.00571 0.01905
1 0.32143 0.5381 0.00429 0.01905
2 0.28714 0.55619 0.00571 0.02095
3 0.28786 0.56476 0.00857 0.01714
8 0.61536 0.58619 0.02357 0.0219
8 0.59821 0.57571 0.01786 0.02381
2 0.55143 0.53619 0.00429 0.01333
3 0.55107 0.54238 0.00357 0.00857
1 0.425 0.51667 0.00286 0.00857
1 0.47143 0.51381 0.00143 0.00667
4 0.09214 0.60476 0.09 0.03238
6 0.11429 0.58667 0.11857 0.04952
4 0.16536 0.64048 0.11786 0.05048
4 0.30964 0.59 0.07643 0.04286
4 0.31964 0.58143 0.05786 0.03143
4 0.3325 0.57905 0.04929 0.02667
4 0.33714 0.57095 0.05286 0.0219
4 0.34714 0.56619 0.03571 0.02381
4 0.3475 0.56476 0.05071 0.02476
4 0.35071 0.55667 0.04857 0.0219
5 0.35964 0.55238 0.04357 0.02286
4 0.3675 0.55 0.04071 0.0219
4 0.35786 0.54286 0.04 0.01524
9 0.35321 0.53762 0.04071 0.02952
4 0.17107 0.58143 0.06929 0.03524
4 0.20929 0.56952 0.04714 0.02476
4 0.21536 0.55571 0.04214 0.02381
4 0.18786 0.5481 0.03857 0.02
4 0.21679 0.53714 0.03071 0.01524
4 0.19536 0.52571 0.02071 0.01333
4 0.21286 0.52524 0.02 0.01429
4 0.23179 0.5281 0.01929 0.02
4 0.3 0.53905 0.03429 0.02286
4 0.33107 0.53476 0.02643 0.02
4 0.31214 0.52714 0.01571 0.01429
4 0.35214 0.52381 0.02429 0.01714
6 0.385 0.52333 0.02143 0.01238
4 0.45571 0.56762 0.02143 0.02857
4 0.42143 0.5419 0.02571 0.01524
4 0.39964 0.53762 0.02929 0.01238
4 0.4225 0.53286 0.025 0.01238
4 0.39821 0.52333 0.02071 0.01238
4 0.40607 0.52333 0.01786 0.01048
9 0.41179 0.51714 0.02071 0.01524
4 0.42393 0.50714 0.00929 0.00476
4 0.41143 0.50571 0.01143 0.00381
4 0.44536 0.53619 0.02214 0.01143
4 0.44214 0.52667 0.01571 0.00952
8 0.44857 0.52857 0.00571 0.01143
6 0.47107 0.53286 0.02929 0.01429
4 0.43857 0.51667 0.00714 0.00667
4 0.43607 0.51571 0.005 0.00667
4 0.43464 0.51286 0.00643 0.00476
4 0.45643 0.51381 0.00714 0.00857
4 0.46214 0.51143 0.00571 0.00571
4 0.45536 0.50905 0.005 0.00476
4 0.44821 0.5081 0.005 0.00667
4 0.44429 0.50857 0.00429 0.00571
4 0.44 0.5081 0.00429 0.00476
4 0.43571 0.50762 0.00286 0.00381
4 0.43893 0.5019 0.00357 0.00381
4 0.46893 0.50762 0.01071 0.00571
6 0.49143 0.51714 0.01429 0.00952
6 0.51214 0.51286 0.02571 0.01429
6 0.51214 0.51714 0.02286 0.01143
6 0.50857 0.52048 0.01714 0.01048
6 0.5125 0.52238 0.01929 0.01048
6 0.51964 0.5281 0.01357 0.01238
6 0.53643 0.52524 0.01286 0.01429
6 0.53143 0.5219 0.01429 0.01524
4 0.50071 0.53238 0.02714 0.01143
4 0.54071 0.53476 0.02429 0.01238
4 0.55679 0.52381 0.00929 0.01143
4 0.56821 0.52857 0.01357 0.01143
4 0.56464 0.53667 0.02643 0.01429
4 0.49893 0.54571 0.01643 0.01524
4 0.52607 0.55095 0.01786 0.0181
4 0.51964 0.57619 0.025 0.02667
4 0.54821 0.56952 0.02357 0.02286
2 0.59357 0.53476 0.00286 0.00857
10 0.59393 0.53857 0.01071 0.00667
6 0.60714 0.52905 0.01714 0.01429
4 0.60536 0.52476 0.02357 0.01143
4 0.61643 0.52476 0.01286 0.01333
4 0.59786 0.52571 0.01286 0.01143
4 0.59429 0.54476 0.03429 0.01524
4 0.59536 0.53476 0.02071 0.01238
5 0.61179 0.54667 0.035 0.02286
4 0.61964 0.55143 0.03071 0.01905
4 0.63214 0.55381 0.03571 0.0181
4 0.63714 0.55714 0.03429 0.02286
4 0.64786 0.56143 0.04857 0.0219
4 0.6075 0.61476 0.04786 0.04095
4 0.58179 0.66286 0.05643 0.05714
