4 0.01393 0.11333 0.02786 0.04
1 0.05036 0.12333 0.00786 0.00857
1 0.04607 0.14048 0.00929 0.01048
10 0.08 0.1681 0.01286 0.00667
10 0.08393 0.29143 0.01357 0.01143
4 0.0625 0.24667 0.035 0.02095
4 0.14821 0.24286 0.02786 0.01905
4 0.05429 0.35 0.03429 0.0181
1 0.07786 0.39762 0.00714 0.00476
1 0.06429 0.38905 0.00714 0.00476
0 0.07143 0.39095 0.00857 0.00476
4 0.13 0.43571 0.03286 0.0219
5 0.04929 0.42238 0.03571 0.02
5 0.04786 0.46 0.03143 0.01905
5 0.12357 0.48571 0.03286 0.01905
4 0.04214 0.50905 0.03429 0.02
4 0.44464 0.01952 0.02929 0.0219
4 0.43643 0.13286 0.03 0.02
4 0.43321 0.17143 0.03214 0.01905
4 0.51107 0.14571 0.03071 0.02095
5 0.43679 0.10667 0.03071 0.02476
6 0.56036 0.10143 0.04214 0.03143
1 0.48607 0.23381 0.005 0.00667
6 0.50036 0.28762 0.04214 0.02857
10 0.35964 0.26619 0.00786 0.01619
1 0.36536 0.26095 0.00643 0.00762
5 0.41571 0.30524 0.02571 0.02
5 0.41464 0.3281 0.02643 0.0181
5 0.48964 0.4081 0.03643 0.02
5 0.40429 0.4419 0.03143 0.01905
5 0.48714 0.43 0.02857 0.0181
5 0.48429 0.45429 0.03286 0.02095
5 0.40107 0.50571 0.03214 0.01905
4 0.41321 0.35 0.03071 0.02
4 0.41107 0.37238 0.03214 0.02095
4 0.41 0.39762 0.03143 0.02
4 0.40679 0.41952 0.025 0.0181
4 0.49714 0.33714 0.03143 0.02095
4 0.48 0.49286 0.03143 0.02
6 0.40071 0.48095 0.02714 0.01714
4 0.74393 0.03524 0.015 0.0419
10 0.83607 0.20048 0.005 0.0181
2 0.83643 0.19905 0.00571 0.00762
1 0.82321 0.42714 0.00643 0.00667
4 0.77107 0.46524 0.01643 0.04095
4 0.69 0.31476 0.01571 0.04286
5 0.73964 0.35095 0.01643 0.03714
5 0.70393 0.54571 0.01643 0.0381
4 0.65179 0.73 0.01357 0.04095
4 0.685 0.77571 0.01571 0.04286
4 0.645 0.79095 0.01429 0.04095
4 0.7775 0.87286 0.015 0.04095
4 0.64107 0.87905 0.01357 0.04
5 0.63286 0.93714 0.01286 0.0381
8 0.62857 0.98 0.01 0.0381
4 0.67036 0.98524 0.01357 0.02762
6 0.73643 0.99 0.01714 0.0181
8 0.41071 0.96524 0.01 0.03333
1 0.52179 0.97333 0.00357 0.00762
1 0.51893 0.96667 0.00357 0.00762
1 0.51536 0.94524 0.005 0.00857
1 0.51321 0.93571 0.00357 0.00857
6 0.4425 0.93714 0.04357 0.03048
6 0.54429 0.87095 0.01714 0.06381
6 0.50286 0.84095 0.01857 0.05714
6 0.45321 0.8381 0.04071 0.03048
6 0.4 0.84 0.00429 0.00952
11 0.3425 0.96333 0.015 0.02
5 0.35714 0.90571 0.02714 0.01905
5 0.54571 0.79571 0.02 0.04667
5 0.37607 0.8 0.02357 0.01714
5 0.38071 0.73 0.03429 0.0219
5 0.46286 0.71667 0.02857 0.0181
5 0.38393 0.68381 0.02929 0.01905
4 0.45714 0.78524 0.02857 0.0181
5 0.47893 0.51571 0.03214 0.02
5 0.47821 0.56238 0.03214 0.0181
5 0.47321 0.58857 0.02643 0.01905
4 0.46929 0.63143 0.03286 0.02095
4 0.46536 0.69381 0.02929 0.0181
4 0.52107 0.54476 0.02929 0.02095
4 0.3925 0.64571 0.035 0.02286
5 0.39286 0.5981 0.03143 0.01714
5 0.52071 0.59286 0.03143 0.02
3 0.52321 0.42333 0.00357 0.01429
1 0.5575 0.38238 0.005 0.00667
1 0.33893 0.61286 0.005 0.00667
