4 0.31771 0.77917 0.03958 0.15648
4 0.16458 0.7963 0.04479 0.13333
4 0.1763 0.6037 0.03906 0.12407
4 0.20234 0.31667 0.02865 0.08333
4 0.20781 0.23657 0.02604 0.06204
4 0.31016 0.42685 0.02656 0.09444
4 0.30495 0.24954 0.02344 0.06389
4 0.66979 0.72037 0.06146 0.13148
4 0.62396 0.58241 0.05208 0.11111
4 0.58203 0.42639 0.03698 0.075
4 0.53516 0.26343 0.03177 0.06389
4 0.51901 0.1963 0.03177 0.05926
4 0.49792 0.13426 0.025 0.0537
4 0.47526 0.05 0.0224 0.04444
4 0.6888 0.23009 0.05052 0.04167
4 0.66146 0.18056 0.04896 0.03704
4 0.64062 0.13519 0.04688 0.03519
4 0.60495 0.05417 0.03906 0.03241
4 0.31146 0.33519 0.02917 0.08889
4 0.27057 0.21667 0.03906 0.06481
4 0.21771 0.10926 0.01979 0.05
5 0.30104 0.12454 0.02083 0.06944
4 0.30443 0.07593 0.01927 0.05
4 0.30052 0.03333 0.01562 0.04259
4 0.58542 0.27546 0.05104 0.05278
4 0.55677 0.34213 0.03542 0.0713
4 0.61901 0.33796 0.04844 0.05
4 0.63281 0.38241 0.05833 0.06296
4 0.65964 0.44491 0.06927 0.06574
4 0.68125 0.50741 0.07187 0.07593
4 0.57135 0.23056 0.04792 0.05556
4 0.56354 0.19259 0.04792 0.0537
4 0.55964 0.15833 0.05677 0.0463
4 0.52995 0.12454 0.0474 0.04537
4 0.53594 0.10602 0.04271 0.04537
4 0.52031 0.07731 0.04063 0.03241
4 0.48932 0.09167 0.02656 0.05
4 0.50859 0.04306 0.03281 0.03796
4 0.50417 0.02083 0.03229 0.03796
4 0.5651 0.01435 0.02396 0.0287
4 0.46016 0.0125 0.02135 0.025
4 0.22526 0.01991 0.02135 0.03981
4 0.27318 0.03704 0.02135 0.05926
4 0.27187 0.34028 0.03958 0.08426
4 0.24688 0.90833 0.05417 0.12778
4 0.69714 0.61574 0.06406 0.09259
4 0.7099 0.70139 0.03854 0.06944
4 0.7125 0.28611 0.03333 0.04444
5 0.6013 0.03333 0.0349 0.02963
5 0.30833 0.18056 0.02083 0.06667
5 0.21484 0.16852 0.02552 0.06852
5 0.22187 0.05694 0.01771 0.05278
4 0.58906 0.01435 0.02396 0.0287
4 0.60938 0.01019 0.02187 0.02037
4 0.71875 0.32639 0.02083 0.03056
