4 0.43643 0.38198 0.02143 0.05584
4 0.43036 0.32234 0.01929 0.04822
5 0.45143 0.4448 0.02571 0.07234
4 0.46679 0.52792 0.02357 0.06853
5 0.42214 0.46256 0.02286 0.06726
5 0.435 0.53871 0.02143 0.07487
1 0.27536 0.8401 0.005 0.01777
1 0.28643 0.85343 0.00714 0.01904
1 0.29536 0.79695 0.00786 0.01777
1 0.31929 0.76206 0.00571 0.01904
1 0.28464 0.62373 0.00786 0.02411
1 0.27321 0.25 0.00643 0.01777
1 0.5125 0.53617 0.00643 0.02665
1 0.56857 0.78173 0.00714 0.02538
1 0.73393 0.88579 0.00786 0.02284
1 0.73143 0.90102 0.00571 0.02284
1 0.28036 0.84264 0.00643 0.01777
1 0.29464 0.80584 0.00786 0.0203
1 0.31821 0.76904 0.00643 0.01777
1 0.27786 0.71637 0.00857 0.02411
1 0.56179 0.78997 0.00786 0.02411
1 0.7525 0.89911 0.01214 0.01904
1 0.70393 0.99239 0.00929 0.01269
