4 0.09525 0.14286 0.03914 0.02597
4 0.09969 0.12245 0.03132 0.0167
4 0.09551 0.10019 0.03132 0.02041
4 0.09421 0.08534 0.03079 0.01855
6 0.0929 0.0654 0.03758 0.01948
10 0.10699 0.03757 0.01357 0.01391
10 0.09029 0.04406 0.01357 0.01206
4 0.09316 0.03015 0.02871 0.01391
4 0.09342 0.01716 0.0261 0.01577
4 0.08873 0.21475 0.02923 0.03989
1 0.13987 0.20408 0.00522 0.02226
1 0.0929 0.32746 0.04697 0.03525
1 0.09473 0.30102 0.04958 0.0269
1 0.09473 0.27968 0.04332 0.02319
1 0.09525 0.26438 0.04332 0.02783
4 0.09003 0.48377 0.05271 0.0436
4 0.53314 0.36085 0.03914 0.03896
4 0.50522 0.40677 0.0428 0.0436
3 0.5976 0.33952 0.01879 0.01484
3 0.57516 0.30844 0.00522 0.0102
3 0.5809 0.32143 0.00731 0.01391
3 0.56733 0.29545 0.00418 0.0102
10 0.56106 0.28432 0.00626 0.01391
10 0.54749 0.25835 0.00522 0.01577
10 0.54175 0.24629 0.00626 0.0102
10 0.53392 0.23145 0.00522 0.01206
4 0.75052 0.45037 0.04175 0.05659
8 0.88361 0.30612 0.02505 0.0334
1 0.82829 0.28015 0.00313 0.0167
3 0.82411 0.2769 0.00313 0.01577
3 0.8215 0.26623 0.00522 0.01855
3 0.81915 0.25742 0.0047 0.01763
0 0.98773 0.39471 0.0214 0.04917
4 0.42354 0.49907 0.05376 0.05195
