5 0.1112 0.16343 0.03906 0.04722
5 0.16745 0.20602 0.0401 0.05463
5 0.22187 0.2463 0.04479 0.06296
5 0.30859 0.38843 0.05469 0.08241
5 0.3776 0.45972 0.05521 0.08241
4 0.41016 0.4338 0.05573 0.06759
4 0.33672 0.36343 0.04844 0.06389
4 0.27396 0.30463 0.04479 0.05741
4 0.24896 0.32731 0.03854 0.05648
4 0.18984 0.27685 0.04115 0.0537
1 0.4138 0.6875 0.00885 0.03241
1 0.46198 0.63333 0.00937 0.03519
1 0.70781 0.20139 0.00729 0.0213
1 0.38359 0.33148 0.0099 0.02778
1 0.0776 0.31343 0.00833 0.0287
1 0.0737 0.31852 0.00885 0.02407
1 0.25312 0.22407 0.00417 0.02593
1 0.19609 0.17778 0.00677 0.02778
1 0.19062 0.17546 0.00625 0.025
1 0.14427 0.1338 0.00625 0.01944
1 0.08333 0.09167 0.00625 0.02222
