9 0.00859 0.06806 0.01719 0.06019
9 0.00859 0.02083 0.01719 0.04167
9 0.02161 0.03843 0.01615 0.06759
1 0.01849 0.07546 0.0026 0.00648
1 0.02708 0.08148 0.00313 0.00741
1 0.03359 0.17407 0.00365 0.00926
1 0.00859 0.31991 0.00573 0.00833
1 0.06042 0.4088 0.00521 0.00833
1 0.04401 0.38796 0.00469 0.00741
1 0.00365 0.31204 0.00313 0.00556
1 0.00182 0.3125 0.00365 0.00648
1 0.03125 0.29583 0.00521 0.00833
1 0.04375 0.31389 0.00521 0.00556
1 0.0612 0.2963 0.00365 0.00741
1 0.05156 0.29769 0.00417 0.00833
1 0.05885 0.29907 0.00417 0.00556
1 0.06016 0.28241 0.00365 0.00926
1 0.0526 0.28472 0.00313 0.00833
1 0.05729 0.2625 0.00313 0.00833
1 0.05312 0.25046 0.00417 0.00648
1 0.06068 0.25602 0.00365 0.00833
1 0.07266 0.26667 0.00365 0.00741
1 0.07995 0.22593 0.00469 0.00926
1 0.08828 0.23426 0.00469 0.00741
1 0.08177 0.24769 0.00417 0.00833
1 0.05182 0.26111 0.00365 0.00741
1 0.04922 0.26157 0.00365 0.00648
1 0.02995 0.3 0.00365 0.00741
1 0.04766 0.38426 0.00469 0.00556
1 0.0487 0.39028 0.00469 0.00648
1 0.04896 0.40046 0.00417 0.00648
1 0.05052 0.39722 0.00521 0.00741
1 0.08698 0.37731 0.00417 0.00833
1 0.10755 0.35741 0.00469 0.00926
1 0.08516 0.29954 0.00365 0.00648
1 0.07943 0.34074 0.00365 0.00741
1 0.07865 0.24583 0.00417 0.00648
1 0.07865 0.30139 0.00417 0.01019
1 0.07552 0.3162 0.00417 0.00833
1 0.08542 0.32315 0.00417 0.00926
1 0.04063 0.31111 0.00313 0.00741
1 0.1 0.38889 0.00417 0.00926
1 0.08151 0.375 0.00469 0.00926
1 0.12396 0.39861 0.00417 0.00833
1 0.19297 0.39907 0.00365 0.00741
1 0.13672 0.40741 0.00469 0.00556
1 0.12891 0.42407 0.0026 0.00556
1 0.12448 0.4338 0.00313 0.00648
1 0.13307 0.41019 0.00365 0.00556
1 0.08776 0.46065 0.00573 0.00833
1 0.12812 0.59491 0.00313 0.00648
1 0.09167 0.67176 0.00417 0.00648
2 0.02005 0.60185 0.00469 0.00556
2 0.02344 0.56019 0.00417 0.00556
2 0.19661 0.40231 0.0026 0.00648
3 0.19687 0.40509 0.00313 0.01204
3 0.02083 0.60324 0.00313 0.01204
3 0.02448 0.55926 0.00417 0.00926
1 0.04635 0.53843 0.00417 0.00648
1 0.04427 0.56157 0.00417 0.00648
6 0.06745 0.67037 0.03281 0.02778
6 0.07109 0.60046 0.03802 0.02685
1 0.27214 0.42963 0.0026 0.00741
9 0.17396 0.57269 0.04688 0.03241
5 0.17891 0.54444 0.03802 0.02778
5 0.17839 0.52269 0.04531 0.03611
4 0.23177 0.32454 0.00729 0.02685
1 0.20339 0.37269 0.0026 0.00463
4 0.23281 0.23241 0.00625 0.02037
4 0.26042 0.18333 0.00937 0.02037
4 0.25573 0.20417 0.01042 0.0213
4 0.26016 0.15139 0.0151 0.02315
5 0.25964 0.13472 0.01198 0.0213
4 0.26875 0.05556 0.01146 0.01852
4 0.25469 0.04722 0.0125 0.01852
5 0.26328 0.04676 0.01198 0.01759
4 0.31536 0.66852 0.00885 0.03704
4 0.33307 0.62407 0.00885 0.03704
6 0.36797 0.66898 0.01198 0.09537
6 0.31771 0.5588 0.01458 0.07685
6 0.36849 0.47037 0.01198 0.06852
6 0.3849 0.45417 0.01458 0.08611
9 0.36953 0.38056 0.00885 0.04259
4 0.31615 0.46667 0.00937 0.03333
4 0.3375 0.43472 0.00729 0.0287
4 0.35547 0.3412 0.00677 0.02685
4 0.33151 0.36898 0.00885 0.02685
4 0.34141 0.2662 0.00677 0.02315
4 0.32969 0.21157 0.00833 0.025
6 0.32812 0.26574 0.01042 0.05556
5 0.36901 0.25324 0.00677 0.0287
5 0.34167 0.19352 0.00729 0.02407
4 0.35781 0.21157 0.00833 0.0287
4 0.36901 0.1625 0.00677 0.025
5 0.35859 0.12269 0.00573 0.02685
6 0.33307 0.09167 0.0099 0.0537
6 0.36016 0.0625 0.00781 0.03796
5 0.34505 0.05185 0.00469 0.02037
4 0.37057 0.08565 0.00677 0.0213
10 0.34505 0.13241 0.0026 0.00926
10 0.34297 0.10556 0.0026 0.01111
2 0.34271 0.10324 0.00208 0.00648
2 0.34479 0.13148 0.00208 0.00741
