4 0.18643 0.23905 0.03714 0.07619
4 0.1225 0.34762 0.03929 0.08571
4 0.77679 0.62381 0.05929 0.11619
4 0.72893 0.62857 0.06357 0.11619
4 0.66321 0.04524 0.035 0.05429
4 0.72179 0.19381 0.04071 0.06571
4 0.305 0.1781 0.03143 0.07048
4 0.04964 0.40048 0.08929 0.0581
4 0.07893 0.14714 0.06929 0.03905
9 0.74929 0.35667 0.12429 0.23714
9 0.91929 0.8081 0.16 0.37619
9 0.30714 0.90429 0.07286 0.18762
4 0.83643 0.43476 0.05286 0.08476
4 0.77643 0.32286 0.04571 0.07619
4 0.06786 0.27667 0.07286 0.03524
4 0.06964 0.24571 0.07071 0.04
4 0.0775 0.11857 0.07214 0.03905
4 0.06893 0.21524 0.07786 0.0419
4 0.21679 0.35762 0.03643 0.08667
5 0.19571 0.47286 0.05 0.10571
5 0.17607 0.60095 0.04357 0.12
4 0.05786 0.31667 0.08 0.06
4 0.1025 0.05667 0.05786 0.04095
5 0.62 0.19952 0.04429 0.07905
5 0.69821 0.40143 0.05071 0.08857
4 0.90536 0.0181 0.05643 0.03619
4 0.97821 0.3781 0.04357 0.04571
4 0.98964 0.42476 0.02071 0.04571
4 0.96643 0.3381 0.06714 0.04
4 0.71286 0.01952 0.05 0.03905
4 0.0225 0.95905 0.045 0.06476
4 0.03107 0.86905 0.06214 0.07524
5 0.03714 0.60524 0.07429 0.05048
5 0.02714 0.80429 0.05429 0.0619
4 0.0425 0.54429 0.085 0.0581
4 0.04179 0.49286 0.08357 0.06
4 0.2425 0.15429 0.03071 0.06667
4 0.23786 0.09048 0.02714 0.06286
5 0.23464 0.02714 0.03214 0.05429
1 0.21107 0.05714 0.01357 0.02857
1 0.16464 0.03 0.01214 0.03143
1 0.04929 0.08 0.01571 0.03048
1 0.27821 0.2881 0.01357 0.02381
1 0.28214 0.26762 0.00857 0.01905
1 0.28107 0.21238 0.01357 0.02667
1 0.26536 0.20333 0.01214 0.02952
1 0.27643 0.25524 0.01143 0.02476
1 0.17214 0.31857 0.01429 0.01619
1 0.175 0.31333 0.01429 0.02667
1 0.18964 0.35905 0.01643 0.02857
1 0.17857 0.38714 0.01714 0.02952
1 0.03571 0.3619 0.02143 0.02857
1 0.87286 0.03048 0.00857 0.02667
1 0.86607 0.03238 0.00786 0.02476
1 0.87036 0.02714 0.00643 0.02571
1 0.87929 0.0319 0.01143 0.02381
1 0.75214 0.0381 0.01143 0.02667
1 0.74571 0.03857 0.00857 0.03143
1 0.77071 0.03857 0.00714 0.02381
1 0.84143 0.11238 0.01143 0.03238
1 0.80714 0.05333 0.00714 0.03048
4 0.77286 0.01286 0.03429 0.02571
4 0.97286 0.00857 0.05429 0.01714
10 0.76286 0.18619 0.01857 0.03143
10 0.85607 0.57238 0.02643 0.03619
2 0.86393 0.57476 0.01357 0.01619
2 0.8575 0.56571 0.01357 0.01714
1 0.26393 0.47619 0.015 0.02857
1 0.27607 0.58667 0.01357 0.02476
1 0.14071 0.52857 0.02143 0.03048
1 0.2425 0.85429 0.01643 0.02476
1 0.07893 0.94619 0.03214 0.02
1 0.08357 0.86238 0.01714 0.01619
1 0.06929 0.86429 0.02 0.0219
1 0.25 0.59095 0.01571 0.02571
1 0.26 0.58714 0.01714 0.02381
1 0.1275 0.51619 0.01786 0.02286
1 0.11929 0.51619 0.01143 0.01905
3 0.17 0.9719 0.02571 0.05048
3 0.02393 0.67381 0.045 0.02571
8 0.0425 0.74476 0.05786 0.05333
