4 0.42464 0.77143 0.13214 0.08952
4 0.43107 0.54714 0.04643 0.09429
4 0.37036 0.55619 0.05214 0.08762
4 0.69857 0.41762 0.04571 0.04857
4 0.40464 0.25429 0.04214 0.02667
4 0.23214 0.67619 0.13143 0.0781
4 0.06571 0.69143 0.13143 0.0819
4 0.22536 0.54857 0.07071 0.10286
4 0.09464 0.55333 0.11643 0.09524
4 0.30286 0.54714 0.07429 0.1
4 0.07571 0.44381 0.07857 0.05905
4 0.16429 0.44238 0.07429 0.07143
4 0.22429 0.42667 0.06286 0.06476
4 0.27107 0.40095 0.07786 0.06476
4 0.29893 0.39 0.05929 0.04667
4 0.33 0.37429 0.06429 0.04762
4 0.36321 0.36619 0.05357 0.04286
4 0.38357 0.35333 0.05286 0.0419
4 0.41143 0.34333 0.06 0.04286
4 0.41286 0.32524 0.05143 0.04286
4 0.56286 0.41095 0.04 0.04286
4 0.555 0.36952 0.03429 0.03238
4 0.52464 0.31048 0.02786 0.03429
9 0.64107 0.32905 0.07071 0.10381
0 0.38071 0.0519 0.00571 0.0219
0 0.38786 0.08 0.00857 0.02857
0 0.39714 0.11714 0.01714 0.0419
0 0.37643 0.10952 0.01 0.04
0 0.37464 0.07381 0.005 0.01048
0 0.43429 0.12571 0.01429 0.03048
0 0.4475 0.07286 0.02357 0.02381
4 0.44857 0.09238 0.00714 0.00762
4 0.47857 0.09238 0.00571 0.00762
5 0.4075 0.14905 0.02071 0.01619
4 0.4075 0.20286 0.035 0.01905
4 0.39929 0.18857 0.02857 0.01524
4 0.39214 0.18238 0.03 0.0181
4 0.39107 0.17714 0.03071 0.01905
4 0.40286 0.16762 0.02714 0.01524
1 0.375 0.1581 0.00429 0.01524
1 0.36786 0.16048 0.00429 0.01619
1 0.37107 0.16238 0.00357 0.01429
1 0.37 0.15381 0.00571 0.01619
10 0.39036 0.28 0.01929 0.01714
3 0.3825 0.30524 0.01357 0.0219
3 0.38036 0.21333 0.01357 0.01143
3 0.37643 0.20286 0.01 0.01143
4 0.50393 0.12333 0.00929 0.00857
4 0.50179 0.10952 0.00786 0.00952
4 0.48179 0.10286 0.00786 0.00762
4 0.49071 0.10286 0.00571 0.00952
4 0.5775 0.15524 0.01929 0.01524
9 0.54286 0.14 0.02286 0.03238
5 0.59464 0.1319 0.00929 0.01429
4 0.59821 0.28952 0.02214 0.03238
1 0.72357 0.24762 0.00429 0.01714
1 0.76107 0.26905 0.00786 0.02381
4 0.89679 0.19429 0.02643 0.02095
2 0.95286 0.44429 0.01143 0.02571
7 0.95786 0.45429 0.04286 0.03429
6 0.96214 0.41429 0.05429 0.05143
1 0.9825 0.4481 0.00929 0.03524
1 0.99429 0.45286 0.01143 0.02952
1 0.3475 0.77143 0.02071 0.05714
