1 0.51464 0.80286 0.01214 0.02095
1 0.53143 0.78952 0.01571 0.03238
1 0.53286 0.76524 0.01286 0.02952
1 0.54607 0.75238 0.01357 0.02476
1 0.56179 0.65238 0.01071 0.02476
1 0.56821 0.64667 0.01357 0.03048
1 0.55179 0.58762 0.01357 0.03238
1 0.4425 0.59857 0.01071 0.02952
1 0.45607 0.58857 0.01214 0.02857
1 0.47143 0.57952 0.01286 0.02762
1 0.50357 0.52905 0.01286 0.02571
1 0.51464 0.52238 0.01071 0.02952
1 0.4925 0.40571 0.01357 0.03429
1 0.64393 0.42048 0.01214 0.03333
1 0.66107 0.41667 0.01071 0.03143
1 0.24786 0.76095 0.02286 0.01905
1 0.24821 0.74905 0.02071 0.02
1 0.08214 0.76857 0.02571 0.02476
1 0.17143 0.73095 0.02714 0.02952
1 0.15143 0.72143 0.02286 0.02571
1 0.16643 0.71095 0.02857 0.02381
1 0.16857 0.69286 0.02429 0.02762
1 0.23786 0.67333 0.01857 0.02476
1 0.26929 0.54952 0.01571 0.03429
1 0.25429 0.54667 0.01571 0.03048
1 0.275 0.46476 0.01286 0.03238
1 0.28821 0.45714 0.01214 0.03429
1 0.3025 0.45095 0.01357 0.03333
1 0.21536 0.39619 0.015 0.03238
1 0.20821 0.39476 0.01786 0.03333
1 0.25214 0.40286 0.01429 0.02857
1 0.27179 0.42857 0.01643 0.03429
1 0.28107 0.42762 0.01357 0.03238
1 0.30143 0.42952 0.01429 0.03238
1 0.33821 0.4219 0.01071 0.03048
1 0.345 0.42048 0.01143 0.03143
1 0.28607 0.37476 0.01357 0.03143
1 0.31036 0.37714 0.01214 0.03048
1 0.31679 0.37714 0.00929 0.03048
1 0.35 0.3681 0.01286 0.03333
1 0.40464 0.35143 0.01357 0.02667
1 0.41464 0.34429 0.01643 0.02952
1 0.30821 0.34905 0.01071 0.02762
1 0.31786 0.35095 0.01286 0.03333
1 0.32571 0.35048 0.01143 0.03429
1 0.33393 0.35619 0.00929 0.03429
1 0.35036 0.31381 0.01357 0.03333
1 0.36036 0.30476 0.01214 0.03429
1 0.3575 0.29667 0.01071 0.03333
1 0.32821 0.23571 0.00929 0.02762
1 0.34357 0.24429 0.01143 0.03524
1 0.36107 0.24952 0.01071 0.03048
1 0.37393 0.2481 0.00929 0.03143
1 0.35143 0.23952 0.01143 0.03143
1 0.36214 0.23667 0.01143 0.03143
1 0.35429 0.22714 0.01 0.03143
1 0.38036 0.23286 0.00929 0.03143
1 0.39036 0.2219 0.01071 0.02857
10 0.44643 0.24286 0.01571 0.02857
2 0.44607 0.23667 0.01071 0.02571
2 0.44357 0.23429 0.01 0.02286
2 0.44179 0.2319 0.01071 0.02762
10 0.01179 0.21381 0.02357 0.02952
2 0.00929 0.21381 0.01857 0.02
4 0.01571 0.18762 0.03143 0.0381
1 0.03607 0.16381 0.02071 0.02857
1 0.09214 0.06476 0.01714 0.03238
1 0.10179 0.06286 0.01643 0.03238
1 0.12107 0.10476 0.015 0.03048
1 0.13321 0.10286 0.01214 0.03238
1 0.15857 0.09571 0.01429 0.02952
1 0.17536 0.10333 0.01214 0.02952
1 0.18071 0.12524 0.01571 0.03143
1 0.07214 0.01667 0.01714 0.03143
1 0.05857 0.01857 0.01429 0.03143
1 0.04893 0.01714 0.015 0.03048
0 0.265 0.05143 0.07 0.10286
10 0.24 0.14333 0.02143 0.02
2 0.23821 0.13762 0.01357 0.02381
2 0.23286 0.13857 0.01286 0.02381
1 0.27357 0.16095 0.01286 0.03429
1 0.28643 0.15571 0.01143 0.03143
1 0.26464 0.15571 0.01357 0.03333
1 0.26214 0.13714 0.01 0.02667
1 0.26714 0.13476 0.01286 0.02952
1 0.28607 0.13905 0.01071 0.03048
1 0.29071 0.13857 0.01143 0.03143
1 0.32607 0.20095 0.01214 0.03238
1 0.33143 0.19571 0.01286 0.03143
1 0.33714 0.19476 0.01 0.03143
1 0.31214 0.18571 0.01143 0.03429
1 0.3175 0.17905 0.01071 0.03048
1 0.34893 0.18524 0.00929 0.02571
1 0.35571 0.18429 0.01 0.02952
1 0.33786 0.18095 0.01 0.03048
1 0.34107 0.17762 0.01071 0.03333
1 0.3375 0.15905 0.01071 0.02857
1 0.3425 0.15714 0.01071 0.02857
1 0.76 0.01429 0.01 0.02667
1 0.75393 0.01286 0.00929 0.02571
