4 0.57786 0.92454 0.01927 0.06759
4 0.60469 0.9537 0.01771 0.06667
4 0.57734 0.82824 0.03594 0.04352
4 0.7849 0.62778 0.03229 0.02778
4 0.775 0.71991 0.03229 0.05093
4 0.79974 0.49954 0.01615 0.03981
4 0.81641 0.43796 0.0276 0.02778
4 0.76042 0.41111 0.02708 0.03148
4 0.7526 0.43287 0.02813 0.02685
4 0.71771 0.41111 0.02187 0.02593
1 0.47474 0.72685 0.00573 0.01481
4 0.41406 0.79491 0.02604 0.05278
4 0.57109 0.30509 0.02135 0.0213
4 0.58411 0.28611 0.0224 0.02037
4 0.22786 0.16944 0.01927 0.02037
4 0.19583 0.15556 0.01354 0.01852
4 0.20052 0.62083 0.02708 0.04352
4 0.15313 0.46065 0.01667 0.02315
5 0.37969 0.89028 0.03229 0.04722
4 0.76224 0.0838 0.0099 0.02685
4 0.72969 0.07593 0.00833 0.02222
6 0.67188 0.06019 0.00937 0.02593
4 0.64271 0.05926 0.00833 0.01667
4 0.63021 0.05509 0.00833 0.01944
4 0.56953 0.0875 0.0099 0.01759
4 0.55 0.08194 0.00833 0.01574
6 0.48672 0.06481 0.0349 0.02778
4 0.47708 0.0338 0.01458 0.01389
4 0.48229 0.02083 0.01667 0.01389
4 0.43333 0.00509 0.01562 0.01019
4 0.40677 0.00833 0.01667 0.01296
4 0.40026 0.05 0.01094 0.02037
4 0.3875 0.04352 0.0125 0.02037
