4 0.5138 0.65926 0.02135 0.08519
4 0.44271 0.57361 0.01771 0.06574
4 0.37552 0.5875 0.03854 0.0287
4 0.37578 0.5537 0.03594 0.02778
5 0.47083 0.28102 0.01875 0.0713
4 0.43281 0.26528 0.01667 0.06944
4 0.42943 0.08333 0.01406 0.05556
4 0.25833 0.29167 0.025 0.05926
4 0.30104 0.33148 0.02708 0.04074
4 0.30938 0.35509 0.03438 0.05093
4 0.32031 0.38102 0.03021 0.04352
6 0.33229 0.40093 0.05104 0.07593
4 0.34036 0.43472 0.03177 0.04537
4 0.34948 0.45972 0.02708 0.03981
4 0.35938 0.49213 0.03229 0.04537
4 0.26432 0.53519 0.03802 0.04074
4 0.26094 0.57176 0.03229 0.03796
4 0.25547 0.60417 0.03594 0.03796
5 0.24922 0.63796 0.03802 0.04074
9 0.19818 0.58009 0.02656 0.06944
4 0.23203 0.42731 0.02552 0.06944
1 0.21719 0.47917 0.00521 0.01204
4 0.17656 0.70046 0.02604 0.05648
