4 0.44429 0.92005 0.13857 0.15736
4 0.94571 0.91688 0.08143 0.16371
5 0.94357 0.45305 0.07143 0.21066
4 0.7325 0.58629 0.13929 0.14213
4 0.40857 0.82995 0.11714 0.18274
5 0.37464 0.71764 0.13929 0.17386
4 0.33393 0.52348 0.11929 0.09518
5 0.34464 0.42957 0.12071 0.10533
4 0.48214 0.35723 0.05286 0.15102
10 0.62321 0.34581 0.04786 0.0698
10 0.63536 0.27792 0.04786 0.05838
4 0.72893 0.48477 0.10786 0.11675
4 0.73536 0.40546 0.12071 0.10787
5 0.74036 0.31472 0.12071 0.13198
4 0.75071 0.2481 0.11 0.10533
4 0.76536 0.20241 0.11071 0.0901
6 0.50821 0.94607 0.17929 0.10533
