4 0.49948 0.85668 0.06472 0.08627
4 0.49504 0.77365 0.04645 0.08534
4 0.56028 0.72588 0.05585 0.07143
5 0.43032 0.83024 0.06628 0.09091
10 0.52923 0.70408 0.01357 0.03154
1 0.44181 0.72217 0.00887 0.03618
1 0.45277 0.71614 0.00574 0.03711
1 0.64927 0.57699 0.00626 0.02412
1 0.65344 0.58163 0.00731 0.01484
1 0.65031 0.57004 0.00626 0.02134
10 0.67406 0.57189 0.01722 0.01948
3 0.38883 0.80102 0.00939 0.03618
4 0.70903 0.59323 0.05167 0.06401
4 0.79958 0.50464 0.02714 0.05009
5 0.75313 0.55102 0.03862 0.05009
1 0.75052 0.51438 0.00939 0.02319
9 0.88909 0.61596 0.09551 0.141
9 0.97338 0.53525 0.05115 0.13173
0 0.77088 0.49119 0.02401 0.0436
10 0.41467 0.78386 0.02244 0.03525
10 0.71634 0.55056 0.01827 0.02319
10 0.73043 0.53479 0.012 0.03061
10 0.81889 0.46707 0.01879 0.02319
10 0.80793 0.45362 0.00939 0.02597
10 0.54671 0.69202 0.01722 0.02968
10 0.40423 0.79082 0.01305 0.03247
10 0.70746 0.51763 0.01409 0.01484
10 0.71686 0.51299 0.00783 0.01299
2 0.70825 0.50742 0.00626 0.01484
2 0.71608 0.50093 0.00626 0.0167
0 0.7988 0.47681 0.01931 0.01855
10 0.18867 0.93878 0.04123 0.04638
10 0.18476 0.92486 0.03758 0.04824
