10 0.22292 0.01389 0.01771 0.01667
10 0.21589 0.02731 0.01823 0.01574
10 0.18542 0.09352 0.01979 0.01667
4 0.19479 0.13287 0.03542 0.05648
4 0.15313 0.2088 0.04063 0.06574
1 0.22656 0.10278 0.00833 0.03148
1 0.22161 0.09722 0.00573 0.02963
1 0.22526 0.08935 0.00677 0.025
1 0.1737 0.28935 0.0151 0.03981
1 0.25547 0.08611 0.00573 0.03704
4 0.35391 0.01343 0.01615 0.02685
4 0.33516 0.04398 0.0224 0.04907
4 0.31797 0.02778 0.02135 0.0463
4 0.29089 0.02454 0.02135 0.03056
4 0.27995 0.04769 0.04323 0.03796
6 0.30833 0.08241 0.03021 0.07222
4 0.28802 0.14722 0.03229 0.05741
4 0.27161 0.20694 0.03385 0.0787
4 0.24167 0.1838 0.03021 0.06389
4 0.25208 0.28889 0.03542 0.08148
5 0.2224 0.24907 0.03646 0.07222
4 0.20443 0.31898 0.04219 0.10463
5 0.23073 0.38102 0.04271 0.11759
4 0.2737 0.3838 0.04948 0.10463
4 0.17969 0.41389 0.05104 0.11481
4 0.1138 0.28148 0.07135 0.05556
4 0.05937 0.33565 0.07917 0.0713
1 0.15677 0.51991 0.01562 0.05093
4 0.15833 0.775 0.06667 0.19074
4 0.10234 0.77824 0.0849 0.20278
4 0.04766 0.77222 0.06719 0.15
4 0.44766 0.38194 0.03385 0.09722
4 0.49401 0.01481 0.02135 0.02963
4 0.49922 0.04769 0.02135 0.04167
5 0.48021 0.05833 0.02396 0.05741
4 0.50495 0.0963 0.02031 0.03889
4 0.51068 0.15324 0.02344 0.04352
4 0.53047 0.0588 0.0224 0.04907
4 0.5224 0.02639 0.01771 0.04537
4 0.49271 0.19907 0.025 0.06111
4 0.51823 0.20417 0.02604 0.04907
4 0.54896 0.19537 0.02604 0.06111
4 0.53568 0.14398 0.02552 0.06019
1 0.47422 0.1787 0.0099 0.04074
1 0.48047 0.14213 0.00677 0.03796
1 0.46953 0.14028 0.00781 0.03426
1 0.55521 0.07083 0.00625 0.03426
1 0.56406 0.06991 0.00625 0.025
1 0.54974 0.06343 0.00573 0.025
4 0.58151 0.01204 0.03802 0.02407
4 0.58437 0.02778 0.03958 0.02593
4 0.58984 0.04352 0.04219 0.02222
4 0.59609 0.06111 0.04635 0.02963
4 0.60365 0.0838 0.05 0.03611
4 0.62656 0.13981 0.05312 0.04259
4 0.63255 0.16991 0.04531 0.04167
4 0.5875 0.18611 0.04583 0.05741
4 0.64505 0.21852 0.06198 0.0537
4 0.47448 0.26481 0.01875 0.05741
1 0.66719 0.27269 0.01354 0.04537
1 0.69219 0.30185 0.01146 0.04815
1 0.68802 0.28843 0.01042 0.03981
4 0.53958 0.38287 0.03958 0.08241
4 0.55052 0.48287 0.03646 0.11019
4 0.57135 0.66065 0.05521 0.15278
4 0.59609 0.87593 0.07135 0.18704
