7,0.055989583333333336,0.513425925925926,0.0390625,0.04537037037037037
1,0.43723958333333335,0.8569444444444444,0.0328125,0.18796296296296297
1,0.3919270833333333,0.6282407407407408,0.019270833333333334,0.12129629629629629
1,0.35234375,0.6537037037037037,0.018229166666666668,0.11666666666666667
1,0.37265625,0.5782407407407407,0.0390625,0.08611111111111111
1,0.40572916666666664,0.6111111111111112,0.025,0.10555555555555556
1,0.51484375,0.5231481481481481,0.0265625,0.08148148148148149
1,0.49921875,0.5111111111111111,0.013020833333333334,0.07962962962962963
1,0.46119791666666665,0.4074074074074074,0.015104166666666667,0.05555555555555555
1,0.446875,0.40925925925925927,0.014583333333333334,0.05185185185185185
1,0.38645833333333335,0.4444444444444444,0.010416666666666666,0.05185185185185185
1,0.3932291666666667,0.41898148148148145,0.011458333333333333,0.058333333333333334
1,0.5880208333333333,0.33055555555555555,0.003125,0.014814814814814815
1,0.58515625,0.33101851851851855,0.0026041666666666665,0.013888888888888888
2,0.69765625,0.4,0.0067708333333333336,0.016666666666666666
1,0.8880208333333334,0.37037037037037035,0.005208333333333333,0.018518518518518517
1,0.9104166666666667,0.3699074074074074,0.004166666666666667,0.017592592592592594
1,0.9294270833333333,0.3731481481481482,0.0036458333333333334,0.018518518518518517
1,0.9549479166666667,0.3726851851851852,0.0036458333333333334,0.019444444444444445
1,0.9625,0.375,0.003125,0.012962962962962963
1,0.8276041666666667,0.31574074074074077,0.0020833333333333333,0.011111111111111112
1,0.8255208333333334,0.31574074074074077,0.0020833333333333333,0.012962962962962963
1,0.8346354166666666,0.3143518518518518,0.0026041666666666665,0.010185185185185186
1,0.8325520833333333,0.3143518518518518,0.0026041666666666665,0.012037037037037037
1,0.875,0.3125,0.0020833333333333333,0.010185185185185186
1,0.6315104166666666,0.32685185185185184,0.0026041666666666665,0.012962962962962963
1,0.6338541666666667,0.32314814814814813,0.0020833333333333333,0.012962962962962963
1,0.6263020833333334,0.32731481481481484,0.0036458333333333334,0.012037037037037037
1,0.62265625,0.32731481481481484,0.0015625,0.010185185185185186
1,0.5653645833333333,0.3333333333333333,0.0036458333333333334,0.012962962962962963
1,0.5799479166666667,0.33287037037037037,0.0026041666666666665,0.008333333333333333
1,0.55390625,0.33564814814814814,0.0026041666666666665,0.013888888888888888
1,0.5518229166666667,0.33425925925925926,0.0026041666666666665,0.014814814814814815
1,0.18828125,0.30324074074074076,0.0036458333333333334,0.019444444444444445
1,0.190625,0.30462962962962964,0.003125,0.020370370370370372
