1 0.41146 0.53519 0.00937 0.06667
1 0.44609 0.47176 0.0151 0.06019
1 0.39714 0.35185 0.00781 0.03889
1 0.42812 0.30231 0.00833 0.03611
1 0.35443 0.32176 0.00573 0.03241
1 0.34714 0.31574 0.00781 0.03148
1 0.35 0.29583 0.00625 0.03426
1 0.31849 0.3037 0.00885 0.03519
1 0.31016 0.30463 0.00781 0.02407
1 0.27083 0.30694 0.00729 0.03426
1 0.27786 0.30833 0.0099 0.03148
1 0.31354 0.26435 0.00833 0.03056
1 0.1875 0.32222 0.00937 0.03519
3 0.23385 0.30787 0.01771 0.025
1 0.23594 0.27685 0.00937 0.03148
1 0.23958 0.275 0.00833 0.02963
1 0.1763 0.29537 0.01094 0.03519
1 0.1526 0.28796 0.00729 0.02963
1 0.16068 0.28472 0.01198 0.03426
1 0.17005 0.28657 0.00781 0.03056
1 0.18047 0.28657 0.00781 0.0287
1 0.17917 0.28426 0.00521 0.03148
1 0.3375 0.22963 0.00625 0.03333
1 0.32188 0.22639 0.00625 0.03241
1 0.35417 0.23287 0.00625 0.0287
1 0.35052 0.22315 0.00417 0.02778
1 0.30729 0.22407 0.00521 0.02778
2 0.19635 0.33102 0.00833 0.03056
2 0.19844 0.32824 0.00937 0.03241
2 0.21641 0.33935 0.00885 0.0287
2 0.22292 0.33657 0.01042 0.03056
2 0.2224 0.31343 0.00937 0.03056
1 0.21198 0.30833 0.00833 0.03519
2 0.25417 0.26019 0.00833 0.02037
2 0.30026 0.2787 0.01094 0.02222
2 0.29896 0.29444 0.00833 0.02407
