1 0.65469 0.7963 0.04063 0.11667
1 0.71328 0.44213 0.02135 0.08241
1 0.23359 0.40556 0.01823 0.06481
1 0.30052 0.34213 0.01458 0.04907
1 0.30807 0.34213 0.01094 0.04537
10 0.70208 0.54815 0.05312 0.06852
10 0.65495 0.51389 0.0526 0.06481
10 0.65078 0.44815 0.04115 0.0463
10 0.59036 0.41713 0.04115 0.05278
10 0.64583 0.42269 0.04271 0.03241
3 0.63724 0.41296 0.03385 0.02963
10 0.62865 0.39537 0.03646 0.03704
10 0.64557 0.42361 0.03906 0.03241
10 0.55755 0.34907 0.01406 0.03148
10 0.5737 0.31806 0.03073 0.02685
0 0.56823 0.28843 0.03542 0.03426
4 0.49583 0.26111 0.02813 0.04259
4 0.45964 0.26111 0.02448 0.04074
4 0.43594 0.25787 0.01875 0.03981
6 0.39427 0.28889 0.09375 0.07222
4 0.37031 0.34259 0.07083 0.05185
4 0.35625 0.36898 0.07604 0.03796
4 0.34063 0.40185 0.09479 0.0537
4 0.39375 0.22639 0.01562 0.02685
4 0.39818 0.21343 0.01406 0.0213
4 0.40339 0.20463 0.01302 0.02593
4 0.29609 0.25139 0.0276 0.03056
4 0.29844 0.22963 0.01979 0.03148
4 0.29401 0.21435 0.02552 0.0213
4 0.47422 0.59815 0.17031 0.13148
4 0.47474 0.70926 0.19323 0.15741
4 0.49427 0.86574 0.26562 0.21296
3 0.08672 0.5287 0.04427 0.07037
4 0.20938 0.24722 0.04375 0.03333
1 0.01979 0.21111 0.00833 0.01852
1 0.00417 0.21111 0.00729 0.01852
1 0.04479 0.31806 0.01042 0.03796
0 0.4125 0.14815 0.02187 0.02407
