1 0.77321 0.7481 0.025 0.07905
4 0.69 0.77857 0.08571 0.10381
4 0.55893 0.76143 0.08929 0.09238
4 0.60179 0.61333 0.06643 0.03238
4 0.61071 0.57429 0.04143 0.02286
4 0.56143 0.56952 0.04 0.01714
4 0.50857 0.57333 0.04143 0.02095
4 0.47786 0.54286 0.01714 0.01333
5 0.45571 0.54238 0.02143 0.01619
4 0.43571 0.56571 0.03857 0.01524
4 0.37643 0.55857 0.03286 0.02
4 0.31464 0.55524 0.03071 0.01524
4 0.21964 0.57333 0.04071 0.02286
4 0.25036 0.55905 0.03214 0.01714
4 0.24 0.55143 0.02714 0.01714
4 0.09821 0.59952 0.04786 0.02952
9 0.03321 0.60238 0.06643 0.07524
4 0.17 0.55476 0.02857 0.01429
4 0.17643 0.54905 0.02571 0.01619
4 0.09143 0.55667 0.02714 0.0181
4 0.05679 0.54286 0.02071 0.01714
4 0.9575 0.62714 0.085 0.04286
1 0.04321 0.73762 0.02357 0.07333
