10 0.08177 0.09722 0.00625 0.00556
2 0.08021 0.09583 0.00313 0.00833
4 0.24844 0.07824 0.01667 0.01019
4 0.34818 0.08843 0.0151 0.01204
4 0.40703 0.04537 0.00469 0.00926
4 0.43411 0.06019 0.00573 0.00926
4 0.41042 0.06574 0.00625 0.01111
4 0.4112 0.07778 0.00677 0.01111
6 0.43099 0.08102 0.00885 0.01759
10 0.45781 0.02917 0.00208 0.00463
10 0.44766 0.03843 0.00156 0.00463
2 0.44505 0.05 0.00156 0.00556
8 0.44453 0.05324 0.00469 0.01019
4 0.52135 0.05 0.01458 0.01111
5 0.55521 0.05046 0.01146 0.01389
4 0.67448 0.08102 0.01146 0.01204
4 0.6625 0.09537 0.0125 0.01667
4 0.63516 0.08796 0.01094 0.01296
1 0.38516 0.15093 0.0026 0.01667
1 0.40703 0.11389 0.0026 0.01296
1 0.40833 0.11343 0.00208 0.01389
2 0.41589 0.11343 0.00156 0.01204
10 0.41641 0.11759 0.00365 0.01111
10 0.43724 0.11157 0.0026 0.00833
2 0.43646 0.10833 0.00208 0.01111
4 0.42969 0.10324 0.00833 0.01389
4 0.41615 0.1338 0.00833 0.01574
4 0.43255 0.1287 0.00781 0.01481
4 0.43411 0.14306 0.00885 0.01204
6 0.43516 0.15833 0.01198 0.02593
4 0.41589 0.16111 0.01094 0.02037
4 0.43385 0.18287 0.01042 0.01759
4 0.41667 0.1912 0.01146 0.0213
10 0.40807 0.21574 0.00365 0.01296
2 0.40729 0.21065 0.00417 0.01389
5 0.44271 0.2375 0.01146 0.02685
5 0.41953 0.28657 0.01719 0.05278
5 0.42396 0.39954 0.01771 0.05278
5 0.43255 0.57593 0.02135 0.07037
4 0.42734 0.73333 0.02969 0.09074
4 0.49766 0.77593 0.03594 0.09074
4 0.5638 0.92917 0.04427 0.10093
10 0.63984 1.05046 0.02031 0.06019
2 0.63958 1.05278 0.01354 0.04444
4 0.03359 1.02917 0.06719 0.07685
10 0.54245 0.68889 0.0099 0.03519
2 0.54245 0.68009 0.00885 0.02315
5 0.22344 0.01944 0.00937 0.00926
4 0.29375 0.00509 0.00729 0.00648
2 0.45781 0.02731 0.00208 0.00648
2 0.4474 0.03472 0.00208 0.00648
