4 0.24479 0.40324 0.0125 0.03056
4 0.26615 0.25602 0.00833 0.025
1 0.42604 0.29861 0.00208 0.01204
1 0.42396 0.29676 0.00313 0.01389
1 0.42031 0.24583 0.00313 0.01389
1 0.41042 0.25046 0.00208 0.01204
1 0.41302 0.24306 0.00313 0.01204
1 0.40625 0.2162 0.00313 0.01019
1 0.40937 0.24815 0.00208 0.01111
1 0.41901 0.31435 0.0026 0.01389
1 0.41198 0.24306 0.00313 0.01389
9 0.42786 0.19259 0.0349 0.02963
4 0.39792 0.20185 0.01458 0.01111
4 0.39505 0.19398 0.01406 0.01019
0 0.31927 0.1713 0.05417 0.02593
1 0.3487 0.19398 0.0026 0.01204
1 0.34427 0.19676 0.00313 0.00833
1 0.34193 0.19676 0.0026 0.01204
1 0.33437 0.19583 0.00208 0.01019
1 0.32969 0.19352 0.00313 0.01111
1 0.3112 0.20185 0.0026 0.00926
1 0.30339 0.19259 0.0026 0.00926
1 0.28177 0.2037 0.00313 0.01111
1 0.26198 0.2 0.00208 0.00926
1 0.2599 0.19954 0.00208 0.01019
1 0.27005 0.16713 0.0026 0.01019
1 0.27266 0.1662 0.0026 0.00833
1 0.27865 0.16898 0.00208 0.00833
1 0.28359 0.1713 0.00156 0.00926
1 0.2849 0.16157 0.00208 0.00833
1 0.28516 0.17037 0.0026 0.01111
1 0.28047 0.16713 0.00365 0.00833
1 0.2487 0.18796 0.0026 0.00741
1 0.25312 0.18889 0.00208 0.00741
1 0.24193 0.18102 0.0026 0.00833
1 0.3276 0.2125 0.00208 0.00833
1 0.30833 0.21296 0.00208 0.00741
1 0.30651 0.21296 0.00156 0.00741
1 0.29714 0.21574 0.0026 0.00926
1 0.2638 0.21667 0.0026 0.00741
1 0.25859 0.21574 0.0026 0.00741
1 0.32083 0.19074 0.00208 0.01111
4 0.3362 0.1537 0.00469 0.01296
4 0.3362 0.14722 0.00573 0.01296
4 0.33724 0.11435 0.00469 0.01204
4 0.34609 0.1 0.00469 0.01111
1 0.37344 0.13426 0.00208 0.00741
1 0.37031 0.13519 0.00208 0.00741
1 0.36953 0.12731 0.0026 0.00648
1 0.37109 0.12546 0.00156 0.01019
1 0.37031 0.14306 0.00208 0.01019
1 0.37656 0.1375 0.00208 0.00833
1 0.37526 0.13889 0.00156 0.00556
1 0.37422 0.14583 0.00156 0.00833
1 0.37786 0.14954 0.00156 0.00833
0 0.35729 0.08148 0.01042 0.02963
4 0.32135 0.02593 0.00313 0.00741
4 0.34844 0.03102 0.00313 0.00648
6 0.34063 0.02037 0.00417 0.01296
6 0.33047 0.03889 0.00469 0.01481
6 0.32526 0.05278 0.00677 0.01852
6 0.32161 0.06806 0.00573 0.01759
6 0.33229 0.02917 0.00417 0.01204
