4 0.27857 0.22048 0.01143 0.02571
4 0.04179 0.08095 0.01929 0.02095
4 0.05429 0.05333 0.01857 0.02095
4 0.0625 0.04095 0.01643 0.01714
4 0.07071 0.0219 0.01857 0.02286
4 0.01714 0.04 0.02286 0.02476
4 0.01857 0.02238 0.02714 0.02571
5 0.2725 0.47857 0.01071 0.02952
4 0.32786 0.48905 0.02143 0.0181
6 0.52821 0.73095 0.01071 0.03714
4 0.56929 0.58571 0.01 0.02857
6 0.54107 0.25762 0.01071 0.03143
4 0.57964 0.23524 0.01071 0.03048
3 0.60893 0.20762 0.00357 0.00952
3 0.61214 0.20714 0.00571 0.00857
4 0.70036 0.20952 0.015 0.03429
4 0.7125 0.21048 0.015 0.02857
4 0.72214 0.20238 0.01429 0.02952
4 0.73357 0.19381 0.01571 0.03333
4 0.74464 0.18762 0.015 0.02857
4 0.79607 0.00762 0.02071 0.01524
4 0.80107 0.02 0.02071 0.02286
4 0.80679 0.03619 0.01929 0.01905
4 0.82179 0.07857 0.02214 0.0219
4 0.82429 0.09333 0.02143 0.02095
1 0.76607 0.00857 0.005 0.01143
1 0.77571 0.01238 0.00571 0.01143
1 0.77 0.01 0.00429 0.01238
4 0.91107 0.32667 0.02071 0.02095
4 0.76286 0.39095 0.02143 0.02
4 0.78786 0.37714 0.02286 0.02286
6 0.75786 0.42905 0.01857 0.02381
