6 0.75964 0.17195 0.06929 0.14848
5 0.87214 0.36992 0.05857 0.12056
4 0.96929 0.73096 0.06143 0.1599
4 0.77929 0.09201 0.04714 0.07234
4 0.96214 0.20939 0.06 0.1066
1 0.46 0.27348 0.00857 0.03426
1 0.46571 0.27348 0.01 0.03426
1 0.44143 0.92069 0.01143 0.04442
1 0.45071 0.92386 0.01429 0.04569
2 0.47036 0.78363 0.01643 0.03173
2 0.4675 0.77221 0.01929 0.03173
1 0.75 0.66561 0.01286 0.04188
1 0.73357 0.61739 0.01286 0.0368
1 0.70357 0.5184 0.01 0.02411
1 0.71821 0.46447 0.00786 0.03553
1 0.725 0.47272 0.01286 0.0368
1 0.54429 0.12881 0.00857 0.02411
1 0.53929 0.11675 0.00714 0.0203
1 0.42679 0.01777 0.00786 0.02792
1 0.66786 0.2481 0.00714 0.03426
1 0.67429 0.2481 0.00857 0.03934
2 0.52786 0.48794 0.00857 0.01904
2 0.53536 0.47652 0.01071 0.02157
2 0.47464 0.60279 0.01357 0.02538
2 0.47429 0.57741 0.01286 0.02538
1 0.73321 0.42449 0.01786 0.02919
1 0.70571 0.29759 0.01714 0.02919
2 0.46821 0.42766 0.00643 0.02538
