6 0.29393 0.80393 0.05786 0.20178
6 0.3225 0.85787 0.05786 0.18782
6 0.35429 0.87817 0.03857 0.14975
6 0.35 0.68591 0.03714 0.13579
4 0.41821 0.9816 0.01929 0.03426
6 0.57036 0.87563 0.02786 0.12437
4 0.37143 0.59962 0.02857 0.07487
4 0.37786 0.52792 0.02 0.07107
5 0.45893 0.76967 0.02214 0.07995
9 0.52357 0.77855 0.01571 0.0901
4 0.46179 0.56536 0.01786 0.06726
4 0.57571 0.45178 0.01714 0.06599
5 0.17857 0.2481 0.03286 0.04949
1 0.93821 0.86485 0.01357 0.02157
1 0.905 0.7297 0.01 0.01523
1 0.88821 0.66434 0.01071 0.01396
1 0.89571 0.67513 0.00857 0.01523
1 0.88393 0.67703 0.01071 0.01142
1 0.87679 0.70876 0.00929 0.0165
1 0.88643 0.70622 0.00857 0.01396
4 0.77179 0.19353 0.01643 0.05711
6 0.54429 0.04124 0.05143 0.0698
11 0.46786 0.01586 0.02429 0.02919
1 0.08893 0.17576 0.01071 0.02411
1 0.11393 0.10343 0.00786 0.02665
5 0.45107 0.1802 0.015 0.04315
4 0.47464 0.21003 0.015 0.04442
5 0.44679 0.28807 0.015 0.05076
4 0.46786 0.39467 0.01571 0.05076
4 0.52357 0.35914 0.01571 0.06091
10 0.5225 0.17893 0.00643 0.02792
