4 0.10365 0.76806 0.18646 0.29537
5 0.21328 0.48704 0.09219 0.15556
4 0.26406 0.38472 0.07187 0.11204
4 0.30286 0.31343 0.05156 0.0787
4 0.62604 0.54074 0.11771 0.13889
4 0.58698 0.44537 0.09479 0.12037
4 0.55729 0.36713 0.07708 0.075
4 0.5362 0.32176 0.08594 0.07685
4 0.51484 0.30046 0.08177 0.05463
4 0.50521 0.27083 0.07917 0.05833
4 0.50208 0.25324 0.075 0.06019
4 0.3125 0.26435 0.04896 0.05278
4 0.32526 0.23426 0.0349 0.04074
4 0.33854 0.21065 0.03021 0.04352
5 0.33542 0.19491 0.04896 0.04352
4 0.27057 0.17685 0.04635 0.03519
4 0.33125 0.17407 0.04583 0.02593
4 0.35521 0.16713 0.01771 0.03241
4 0.36016 0.14769 0.0151 0.02315
4 0.36458 0.13889 0.01667 0.01852
4 0.34297 0.1338 0.01615 0.025
4 0.37005 0.12731 0.02448 0.02315
4 0.38047 0.11574 0.0151 0.02407
5 0.44297 0.12963 0.03385 0.02963
4 0.45 0.14676 0.03438 0.025
4 0.45495 0.15926 0.03594 0.02963
4 0.4612 0.17037 0.03802 0.02963
4 0.47813 0.17917 0.04375 0.03241
4 0.47995 0.19306 0.04531 0.03241
4 0.46302 0.20139 0.04479 0.03426
4 0.47656 0.21157 0.04583 0.03056
4 0.4888 0.22454 0.05052 0.03796
0 0.41432 0.09722 0.03385 0.02963
0 0.37344 0.09259 0.01146 0.02222
4 0.56849 0.18472 0.05573 0.03981
