3 0.05495 0.74537 0.01719 0.02222
10 0.03984 0.7412 0.01302 0.0287
3 0.04089 0.76343 0.01719 0.02315
10 0.02682 0.77639 0.01719 0.01944
1 0.01719 0.78194 0.00625 0.01759
3 0.00651 0.80972 0.01198 0.01944
1 0.06224 0.8037 0.01406 0.02407
1 0.2151 0.99907 0.01354 0.02407
2 0.2112 0.99861 0.00573 0.01019
1 0.19792 1.0037 0.00833 0.02222
1 0.34193 0.9588 0.01094 0.02685
1 0.08958 1.01806 0.00937 0.01944
2 0.05781 1.05278 0.00937 0.01667
2 0.06406 1.06296 0.00729 0.01481
2 0.06927 1.1463 0.01562 0.01852
2 0.06068 1.13009 0.01615 0.025
2 0.04896 1.10787 0.01667 0.02315
1 0.02422 1.15139 0.01094 0.01574
1 0.02187 1.13935 0.01458 0.02315
5 0.23359 1.25185 0.03802 0.12222
1 0.21016 1.23241 0.0099 0.02407
1 0.20833 1.21667 0.00625 0.01667
4 0.7013 1.34444 0.0526 0.08889
4 0.56172 1.33935 0.05781 0.09907
4 0.72969 1.2287 0.04792 0.13148
4 0.76849 1.08889 0.04531 0.11852
4 0.79635 0.98843 0.0375 0.08981
4 0.61276 1.21944 0.05781 0.13519
5 0.6526 1.08704 0.04479 0.10556
5 0.68099 0.98981 0.03594 0.08333
4 0.71823 0.88889 0.04167 0.09259
4 0.84036 0.82083 0.02969 0.07315
4 0.87786 0.66481 0.03073 0.07222
4 0.78255 0.81065 0.0349 0.0787
4 0.74687 0.79954 0.03438 0.075
4 0.77109 0.71157 0.0276 0.06019
1 0.80937 0.86759 0.0125 0.02593
4 0.50677 0.98889 0.05937 0.09074
5 0.65234 0.65926 0.04427 0.05185
4 0.66198 0.63102 0.04063 0.04537
4 1.03255 0.56065 0.01823 0.03241
4 0.98229 0.47407 0.04375 0.05556
4 0.82995 0.49306 0.0474 0.03611
4 0.7862 0.56528 0.04948 0.03981
1 0.90365 0.59815 0.01146 0.02222
