1 0.0349 0.31065 0.00521 0.01759
4 0.02135 0.28194 0.02187 0.01389
4 0.16042 0.28426 0.01667 0.01481
6 0.18516 0.28843 0.0276 0.01944
4 0.13229 0.28889 0.02396 0.01481
4 0.15182 0.28889 0.01927 0.01667
10 0.18516 0.3088 0.01302 0.00833
2 0.18568 0.30509 0.00469 0.00833
1 0.23307 0.275 0.00365 0.01296
4 0.3625 0.50602 0.01562 0.03241
4 0.3112 0.51065 0.01719 0.03611
4 0.33802 0.47315 0.01458 0.03333
4 0.28854 0.40741 0.01562 0.03333
4 0.31615 0.4537 0.01562 0.03333
4 0.33854 0.44352 0.01354 0.02593
4 0.3599 0.42546 0.0125 0.0287
4 0.31953 0.42407 0.01406 0.02593
4 0.34141 0.41435 0.01302 0.02315
4 0.32865 0.26019 0.00521 0.01296
4 0.3388 0.25787 0.00677 0.01574
4 0.33359 0.22454 0.00677 0.01204
4 0.34974 0.2537 0.00677 0.01296
4 0.35573 0.14259 0.00417 0.00556
4 0.3599 0.13704 0.00417 0.00741
4 0.35677 0.12269 0.00313 0.00463
4 0.35964 0.1162 0.00469 0.00648
4 0.35547 0.13009 0.00365 0.00833
0 0.35677 0.08796 0.00937 0.01667
0 0.34714 0.14213 0.01094 0.02315
0 0.35286 0.10741 0.00781 0.01296
0 0.35052 0.12176 0.00729 0.01389
4 0.44323 0.28935 0.01979 0.01574
5 0.32188 0.39815 0.01354 0.02593
4 0.32422 0.37778 0.01302 0.01852
4 0.32656 0.35972 0.01146 0.0213
4 0.34609 0.35417 0.01094 0.01759
4 0.34323 0.37407 0.01146 0.02037
4 0.34193 0.39306 0.01198 0.01944
4 0.36042 0.35972 0.01146 0.01944
4 0.3599 0.37917 0.0125 0.0213
4 0.36016 0.40185 0.01302 0.02407
4 0.34948 0.24213 0.00729 0.01204
4 0.33906 0.24583 0.00729 0.01019
4 0.33255 0.23611 0.00781 0.00926
4 0.32917 0.24954 0.00625 0.01019
4 0.32969 0.24352 0.00625 0.00926
10 0.40833 0.31944 0.00417 0.01481
10 0.42135 0.33981 0.00313 0.01296
10 0.43307 0.34537 0.00365 0.01296
10 0.41276 0.35185 0.00365 0.01481
10 0.42318 0.32917 0.00365 0.01204
10 0.40208 0.25139 0.00313 0.01019
10 0.28359 0.25602 0.0026 0.01204
10 0.39635 0.23611 0.00313 0.01296
10 0.39089 0.23102 0.00365 0.01389
4 0.36328 0.22407 0.00677 0.00926
10 0.38229 0.17685 0.00313 0.00926
10 0.38802 0.17778 0.00313 0.01296
2 0.40833 0.3162 0.00313 0.01019
2 0.42318 0.32685 0.0026 0.00556
2 0.43307 0.3412 0.0026 0.00833
2 0.42161 0.33843 0.00365 0.00833
2 0.41276 0.34815 0.0026 0.00926
2 0.28385 0.2537 0.00313 0.00741
2 0.40182 0.24907 0.0026 0.00556
2 0.39635 0.23333 0.00313 0.00741
2 0.39115 0.22778 0.00208 0.00556
2 0.38229 0.17639 0.00208 0.00648
2 0.38828 0.17731 0.0026 0.00648
1 0.21849 0.26806 0.00365 0.01019
1 0.33672 0.18241 0.0026 0.00741
4 0.37292 0.13194 0.00417 0.00648
10 0.38073 0.15972 0.00208 0.00833
2 0.38073 0.15833 0.00208 0.0037
1 0.46667 0.3088 0.00208 0.00833
1 0.46406 0.3088 0.00208 0.01019
1 0.45937 0.30833 0.00208 0.01111
1 0.45807 0.31019 0.0026 0.01111
1 0.43958 0.27778 0.00208 0.00741
1 0.44453 0.27917 0.00156 0.00833
4 0.49661 0.27037 0.0224 0.03519
4 0.5474 0.35046 0.01875 0.01759
