6,0.35052083333333334,0.4337962962962963,0.005208333333333333,0.021296296296296296
6,0.36276041666666664,0.44027777777777777,0.0046875,0.017592592592592594
6,0.34661458333333334,0.4935185185185185,0.0067708333333333336,0.020370370370370372
6,0.35546875,0.5416666666666666,0.0078125,0.020370370370370372
6,0.35442708333333334,0.5847222222222223,0.008854166666666666,0.026851851851851852
6,0.36328125,0.412962962962963,0.005729166666666666,0.012962962962962963
0,0.3671875,0.3375,0.028125,0.03981481481481482
9,0.35833333333333334,0.36712962962962964,0.003125,0.008333333333333333
4,0.3572916666666667,0.3814814814814815,0.003125,0.007407407407407408
4,0.35598958333333336,0.3921296296296296,0.0026041666666666665,0.004629629629629629
4,0.36276041666666664,0.38842592592592595,0.0026041666666666665,0.004629629629629629
4,0.36276041666666664,0.3990740740740741,0.0036458333333333334,0.005555555555555556
4,0.35182291666666665,0.3958333333333333,0.0026041666666666665,0.006481481481481481
4,0.35260416666666666,0.4152777777777778,0.003125,0.006481481481481481
4,0.33046875,0.7611111111111111,0.011979166666666667,0.03148148148148148
4,0.34609375,0.649074074074074,0.0067708333333333336,0.022222222222222223
4,0.38619791666666664,0.6333333333333333,0.005729166666666666,0.022222222222222223
4,0.39479166666666665,0.638425925925926,0.00625,0.017592592592592594
4,0.38984375,0.5902777777777778,0.0067708333333333336,0.01574074074074074
4,0.38619791666666664,0.5731481481481482,0.005729166666666666,0.014814814814814815
4,0.3893229166666667,0.5282407407407408,0.0046875,0.010185185185185186
4,0.3606770833333333,0.4652777777777778,0.0036458333333333334,0.006481481481481481
5,0.35703125,0.5087962962962963,0.005729166666666666,0.013888888888888888
0,0.27369791666666665,0.41203703703703703,0.03177083333333333,0.03148148148148148
0,0.29661458333333335,0.3851851851851852,0.0067708333333333336,0.009259259259259259
0,0.31328125,0.36435185185185187,0.0265625,0.01574074074074074
0,0.30703125,0.39861111111111114,0.0036458333333333334,0.008333333333333333
6,0.25442708333333336,0.43796296296296294,0.008854166666666666,0.018518518518518517
4,0.23854166666666668,0.4546296296296296,0.008333333333333333,0.007407407407407408
11,0.24192708333333332,0.5291666666666667,0.0359375,0.019444444444444445
4,0.37916666666666665,0.3875,0.00625,0.004629629629629629
4,0.378125,0.38472222222222224,0.005208333333333333,0.004629629629629629
4,0.38046875,0.39444444444444443,0.005729166666666666,0.005555555555555556
4,0.37604166666666666,0.40925925925925927,0.0020833333333333333,0.007407407407407408
4,0.3846354166666667,0.36018518518518516,0.0046875,0.003703703703703704
0,0.36666666666666664,0.48055555555555557,0.004166666666666667,0.009259259259259259
