0 0.31429 0.18429 0.03714 0.0619
4 0.50286 0.66524 0.02714 0.04857
4 0.51143 0.71524 0.02143 0.04381
4 0.62607 0.71619 0.045 0.03619
4 0.6525 0.76143 0.04786 0.03714
4 0.66607 0.78905 0.03643 0.03905
4 0.43179 0.39143 0.00786 0.01714
4 0.46786 0.35381 0.01714 0.01048
4 0.42464 0.35429 0.02071 0.01143
4 0.41786 0.33667 0.01714 0.01048
4 0.39964 0.34571 0.015 0.00952
4 0.38429 0.31048 0.00571 0.00952
4 0.46786 0.30571 0.01143 0.00762
4 0.4325 0.28286 0.01214 0.00762
4 0.42036 0.34381 0.01786 0.00952
4 0.425 0.37952 0.00857 0.01429
6 0.38286 0.34095 0.01571 0.03048
6 0.42643 0.3681 0.02143 0.01619
6 0.37571 0.31 0.00571 0.01048
5 0.39929 0.29048 0.01714 0.01143
4 0.38179 0.29286 0.01214 0.01048
6 0.4025 0.35381 0.015 0.01238
6 0.40179 0.34048 0.015 0.01048
6 0.41036 0.3719 0.01643 0.01238
5 0.44786 0.31143 0.00857 0.00952
11 0.40036 0.33238 0.01071 0.00952
0 0.48893 0.39381 0.01071 0.02
5 0.43036 0.27905 0.01071 0.00571
11 0.11071 0.60048 0.08143 0.11143
0 0.15214 0.38381 0.07571 0.0419
0 0.32857 0.33048 0.01 0.01714
0 0.33893 0.22762 0.01786 0.02476
0 0.28536 0.25667 0.01786 0.0219
0 0.37679 0.26714 0.01643 0.02571
1 0.21393 0.31333 0.005 0.01333
6 0.61571 0.97476 0.07571 0.05048
6 0.48607 0.61238 0.04214 0.02857
6 0.23643 0.40429 0.01571 0.02952
6 0.34393 0.29286 0.00929 0.02571
6 0.39679 0.4319 0.03357 0.0181
6 0.40929 0.4519 0.03571 0.02
11 0.36821 0.45619 0.01643 0.01905
4 0.28893 0.4081 0.00929 0.01238
4 0.29179 0.3919 0.00929 0.01429
9 0.29964 0.36524 0.015 0.02952
4 0.35964 0.2519 0.00643 0.00667
4 0.35536 0.24381 0.00357 0.00571
4 0.33107 0.2781 0.005 0.00762
4 0.38571 0.31524 0.00714 0.00952
0 0.05393 0.41333 0.03357 0.0381
0 0.00643 0.51476 0.01286 0.02
