4 0.75036 0.57429 0.07071 0.06667
4 0.60571 0.4981 0.06429 0.05333
4 0.45286 0.46429 0.04571 0.04286
4 0.40143 0.43333 0.03714 0.0381
4 0.45679 0.41857 0.04071 0.03714
4 0.8675 0.41476 0.025 0.04286
4 0.23857 0.2581 0.02286 0.02286
4 0.27679 0.31238 0.02786 0.02095
4 0.11929 0.18095 0.01429 0.01333
4 0.10893 0.15905 0.01071 0.01524
4 0.11607 0.13667 0.01214 0.01238
4 0.11107 0.1081 0.01071 0.01238
4 0.12786 0.09667 0.01143 0.01048
4 0.12286 0.07667 0.01 0.01238
4 0.09679 0.08714 0.00929 0.01429
4 0.08607 0.08476 0.01071 0.01143
4 0.09536 0.06381 0.01071 0.01524
9 0.27964 0.3419 0.055 0.06095
4 0.07857 0.05524 0.01 0.00762
4 0.08679 0.04429 0.01071 0.00667
0 0.11607 0.04 0.02643 0.02857
0 0.13607 0.01524 0.01357 0.02476
9 0.90786 0.39048 0.04429 0.09905
4 0.975 0.34524 0.01857 0.03524
4 0.94893 0.20714 0.01214 0.01619
4 0.94821 0.1681 0.01357 0.01429
4 0.94964 0.1481 0.01071 0.01619
4 0.9325 0.14333 0.01071 0.01619
4 0.88571 0.13143 0.01571 0.01714
4 0.90929 0.11619 0.01286 0.01524
4 0.92893 0.08381 0.01357 0.01143
4 0.96714 0.06619 0.01 0.01238
4 0.94536 0.06571 0.01214 0.01143
4 0.93071 0.06143 0.01143 0.01238
0 0.95893 0.02952 0.03214 0.04381
4 0.9625 0.72286 0.075 0.0819
10 0.77107 0.40714 0.00786 0.01619
10 0.78964 0.4 0.00643 0.01524
10 0.80179 0.40048 0.00643 0.01619
10 0.77571 0.38905 0.01143 0.01048
2 0.77036 0.4019 0.00643 0.01905
2 0.78 0.38524 0.00714 0.0219
2 0.79107 0.39095 0.00643 0.01619
2 0.8025 0.39238 0.00643 0.01524
4 0.53214 0.78952 0.06286 0.12381
