4 0.04107 0.47589 0.05643 0.04822
4 0.05536 0.58439 0.06071 0.05457
4 0.215 0.52475 0.05571 0.04695
4 0.27714 0.4981 0.05429 0.04695
4 0.34179 0.48096 0.05214 0.04822
4 0.46821 0.38706 0.04929 0.04061
4 0.42107 0.36294 0.045 0.04315
4 0.50714 0.33883 0.05 0.04569
4 0.63679 0.29695 0.04643 0.04569
4 0.60607 0.46003 0.05071 0.04442
4 0.67143 0.44289 0.05 0.04569
5 0.69536 0.60596 0.03643 0.10025
4 0.88964 0.78871 0.06643 0.05964
4 0.92286 0.83185 0.07143 0.06218
4 0.92464 0.87881 0.07071 0.05711
4 0.93786 0.93655 0.06429 0.05838
4 0.81607 0.68782 0.03929 0.10152
4 0.8175 0.58503 0.03214 0.08376
4 0.8 0.59898 0.03143 0.09137
4 0.955 0.76777 0.05714 0.05584
4 0.97607 0.80711 0.04786 0.05838
4 0.97821 0.86358 0.04357 0.05457
4 0.98393 0.91624 0.03214 0.06599
4 0.9575 0.97843 0.06929 0.04061
6 0.91464 0.6764 0.09214 0.08629
5 0.94107 0.72462 0.06071 0.05838
5 0.77607 0.62246 0.035 0.10533
9 0.75571 0.66497 0.09 0.26396
4 0.92714 0.20622 0.03429 0.06726
1 0.72464 0.08566 0.00786 0.02411
1 0.68393 0.06218 0.00786 0.03046
1 0.82714 0.05901 0.00714 0.02665
1 0.82821 0.06662 0.005 0.02665
1 0.78107 0.20178 0.01071 0.01777
4 0.57 0.31536 0.04857 0.04188
4 0.53571 0.3769 0.05 0.04569
4 0.63036 0.34454 0.04643 0.0368
9 0.73786 0.25508 0.12286 0.09391
9 0.72429 0.31409 0.08 0.05964
9 0.64643 0.375 0.12571 0.11294
9 0.75786 0.35533 0.07143 0.06599
9 0.53571 0.42449 0.07857 0.0698
5 0.11429 0.45431 0.05857 0.05076
5 0.06821 0.52157 0.05357 0.0533
5 0.13643 0.54695 0.05857 0.0533
5 0.22143 0.46447 0.05429 0.0533
5 0.31357 0.43845 0.05286 0.05203
5 0.31857 0.38706 0.05429 0.0533
4 0.25607 0.40736 0.05214 0.04569
9 0.14429 0.49048 0.07714 0.07995
6 0.41107 0.45431 0.05643 0.06091
5 0.39429 0.41117 0.05286 0.05076
4 0.015 0.81345 0.03 0.08122
6 0.74893 0.40165 0.075 0.07741
2 0.67036 0.13008 0.00786 0.02411
2 0.67857 0.14848 0.00714 0.0203
2 0.65536 0.14848 0.00786 0.02284
