4 0.25182 0.83472 0.07656 0.23611
4 0.5 0.88333 0.075 0.17778
4 0.48021 0.67176 0.05625 0.16019
4 0.45026 0.35787 0.03802 0.10093
4 0.42995 0.19444 0.02656 0.06296
4 0.44219 0.24907 0.025 0.06852
4 0.42083 0.04398 0.01458 0.02315
4 0.42031 0.025 0.01667 0.02593
4 0.41693 0.00972 0.01615 0.01944
4 0.34974 0.08611 0.01823 0.04074
4 0.33464 0.21111 0.02969 0.07222
5 0.28984 0.51389 0.05156 0.14815
5 0.32526 0.40231 0.0401 0.12685
5 0.46849 0.48611 0.04844 0.13889
5 0.33932 0.15833 0.0224 0.05741
5 0.43073 0.14861 0.02083 0.05093
5 0.42943 0.1125 0.01927 0.04907
5 0.4263 0.08611 0.01823 0.0463
5 0.4224 0.06204 0.01667 0.03704
5 0.3526 0.01574 0.025 0.03148
1 0.46172 0.02963 0.00573 0.02593
1 0.45625 0.03241 0.00417 0.02593
1 0.32891 0.26759 0.00885 0.03519
1 0.34687 0.45 0.01458 0.05
1 0.36693 0.4588 0.01615 0.05648
1 0.27552 0.3375 0.00937 0.05278
11 0.32604 0.28333 0.01562 0.03704
