4 0.59167 0.70787 0.06354 0.09167
6 0.41849 0.79861 0.04427 0.05278
4 0.37318 0.76481 0.03385 0.04444
1 0.43359 0.66204 0.0099 0.01481
1 0.38438 0.65278 0.01146 0.01852
1 0.37578 0.64954 0.00885 0.01389
1 0.43229 0.65139 0.01042 0.01759
4 0.46276 0.61574 0.03802 0.03889
4 0.4151 0.68704 0.03438 0.03889
4 0.3375 0.61713 0.02083 0.02315
4 0.27526 0.59352 0.01198 0.01667
2 0.21615 0.72222 0.00313 0.00556
10 0.21719 0.72454 0.00729 0.01019
2 0.31198 0.53565 0.00417 0.00833
10 0.31328 0.53935 0.00573 0.00648
1 0.31432 0.51574 0.00677 0.00926
1 0.26927 0.53102 0.00521 0.00833
4 0.2487 0.59676 0.00781 0.01389
4 0.24531 0.58241 0.00937 0.01296
4 0.21745 0.59676 0.00781 0.01204
4 0.20469 0.59352 0.00625 0.01111
1 0.16901 0.6125 0.00365 0.00648
10 0.15885 0.61528 0.00313 0.00463
2 0.15859 0.61435 0.00156 0.00093
4 0.15781 0.59444 0.00208 0.0037
4 0.15911 0.58796 0.0026 0.0037
10 0.16615 0.58056 0.00208 0.0037
4 0.14062 0.61991 0.00208 0.00278
0 0.13906 0.59722 0.02708 0.03519
4 0.6862 0.25509 0.03906 0.07685
1 0.69427 0.07639 0.01042 0.02685
4 0.6776 0.12269 0.02708 0.05648
4 0.65078 0.14583 0.02344 0.05648
4 0.62292 0.16528 0.02292 0.04907
4 0.59844 0.18426 0.02396 0.04815
8 0.57891 0.19722 0.01719 0.03889
4 0.60182 0.30278 0.02344 0.05926
4 0.57839 0.31852 0.02552 0.05741
4 0.55859 0.33333 0.02344 0.05556
3 0.49141 0.43241 0.0099 0.02037
1 0.3474 0.38565 0.00521 0.00833
1 0.34505 0.38657 0.00573 0.01019
4 0.4526 0.31296 0.01562 0.03519
4 0.44323 0.31574 0.01354 0.03148
4 0.43333 0.32407 0.01458 0.03333
4 0.42396 0.33472 0.01562 0.03056
4 0.40052 0.35972 0.01354 0.02685
4 0.3901 0.36343 0.01354 0.025
4 0.38099 0.37593 0.01198 0.02963
4 0.37344 0.37917 0.01146 0.025
4 0.37161 0.4412 0.01094 0.025
4 0.36536 0.44537 0.00885 0.02222
4 0.35495 0.45278 0.01406 0.02778
4 0.34818 0.45602 0.01198 0.025
4 0.33958 0.46157 0.01146 0.02685
4 0.34375 0.41065 0.00937 0.0213
