4 0.20599 0.45278 0.01302 0.03333
4 0.24323 0.45787 0.01146 0.03426
4 0.2487 0.38704 0.01198 0.02778
4 0.21589 0.36204 0.01094 0.02407
4 0.29401 0.35093 0.01094 0.02778
4 0.31068 0.33102 0.0099 0.02685
4 0.24167 0.2338 0.00833 0.01759
4 0.23464 0.1875 0.00781 0.01574
4 0.25469 0.18981 0.00729 0.01481
4 0.30286 0.23148 0.00885 0.02222
4 0.28464 0.14907 0.00573 0.01852
4 0.2737 0.13472 0.00469 0.01389
4 0.29505 0.12222 0.00573 0.01481
4 0.24609 0.15231 0.00573 0.01574
4 0.25625 0.13935 0.00625 0.01019
4 0.2474 0.11111 0.00625 0.01296
4 0.25052 0.08009 0.00521 0.01019
4 0.2513 0.06296 0.00573 0.00926
4 0.26016 0.05324 0.00469 0.00833
4 0.26016 0.06852 0.00469 0.01111
4 0.25938 0.0875 0.00729 0.01204
4 0.25469 0.0125 0.00521 0.01019
4 0.26016 0.02454 0.00469 0.01019
4 0.32891 0.04537 0.00469 0.00926
4 0.33177 0.0625 0.00521 0.01019
4 0.37552 0.28472 0.00937 0.0213
4 0.39661 0.31806 0.00885 0.02315
4 0.40781 0.4463 0.01979 0.02407
4 0.36823 0.24583 0.0125 0.01759
4 0.36484 0.22778 0.01198 0.01481
4 0.36198 0.22083 0.01146 0.01389
4 0.35911 0.2037 0.01094 0.01481
4 0.49219 0.23148 0.00937 0.01852
4 0.35703 0.2 0.01198 0.01481
4 0.36432 0.1875 0.00781 0.01389
5 0.32031 0.47963 0.01146 0.0463
5 0.22214 0.50556 0.01406 0.04259
5 0.22865 0.24306 0.01146 0.0213
5 0.50078 0.4375 0.01823 0.03241
5 0.42891 0.40926 0.01094 0.02963
5 0.43828 0.32963 0.01302 0.02778
5 0.57292 0.34676 0.01667 0.03056
5 0.54479 0.29352 0.0125 0.02407
5 0.53203 0.27269 0.01406 0.02315
5 0.5526 0.23657 0.01146 0.01759
5 0.49453 0.20417 0.01094 0.02315
5 0.47396 0.17824 0.01458 0.01389
5 0.46693 0.17407 0.01406 0.01481
5 0.45807 0.1713 0.01406 0.01481
5 0.4474 0.16944 0.01354 0.01481
4 0.69766 0.3838 0.01823 0.025
4 0.71797 0.40787 0.02031 0.02685
4 0.68281 0.36435 0.01667 0.0213
4 0.66771 0.34259 0.01875 0.02407
4 0.64271 0.30972 0.01562 0.0213
4 0.68724 0.33519 0.02135 0.02407
9 0.70937 0.36296 0.03021 0.04444
9 0.625 0.27963 0.02708 0.04074
9 0.57057 0.21528 0.02448 0.03796
9 0.55156 0.18889 0.01979 0.03704
9 0.51068 0.17639 0.03177 0.02685
9 0.54818 0.15556 0.03281 0.02407
9 0.49089 0.16898 0.0349 0.03241
6 0.60052 0.25231 0.01979 0.03241
4 0.58646 0.24028 0.01146 0.01759
9 0.37734 0.15231 0.01198 0.0287
9 0.36823 0.12685 0.01146 0.02593
9 0.36276 0.10417 0.00781 0.01759
4 0.38359 0.175 0.00885 0.01852
4 0.37422 0.09074 0.00781 0.01111
4 0.34193 0.04676 0.00573 0.01389
5 0.34375 0.03843 0.00729 0.01204
6 0.3375 0.03056 0.00625 0.01667
4 0.33203 0.02361 0.00677 0.00833
6 0.23516 0.13889 0.01198 0.03148
6 0.24688 0.01852 0.00625 0.01667
9 0.17083 0.68148 0.04271 0.09444
4 0.22995 0.71111 0.01615 0.03519
4 0.2737 0.71481 0.01615 0.02778
10 0.59401 0.31204 0.00573 0.00926
10 0.57604 0.28287 0.00521 0.00833
10 0.61354 0.35741 0.00417 0.00926
10 0.55964 0.25231 0.00573 0.00648
1 0.55625 0.28333 0.00208 0.01111
1 0.61042 0.35231 0.00313 0.01204
2 0.61354 0.3537 0.00313 0.01296
2 0.59427 0.3088 0.00313 0.01019
2 0.57734 0.27963 0.00365 0.00926
2 0.56016 0.24907 0.00365 0.00741
4 0.27786 0.00602 0.00469 0.00833
4 0.33099 0.0088 0.00469 0.00833
4 0.33307 0.01806 0.00365 0.01019
1 0.34245 0.19491 0.0026 0.00833
1 0.33802 0.18519 0.00208 0.00926
1 0.33854 0.08287 0.00208 0.00648
1 0.32344 0.10046 0.00208 0.00833
9 0.45208 0.34491 0.01771 0.03981
