1 0.21198 0.41574 0.02083 0.07593
1 0.44219 0.6875 0.02187 0.08426
1 0.52682 0.93565 0.0401 0.07315
1 0.63073 0.46343 0.02604 0.075
1 0.60964 0.34583 0.01719 0.06944
1 0.49271 0.36435 0.01146 0.06389
1 0.47839 0.32963 0.00781 0.05741
1 0.48411 0.34722 0.00885 0.06296
1 0.54609 0.2662 0.01198 0.05463
1 0.56224 0.26343 0.00781 0.05648
1 0.57109 0.26343 0.00885 0.05093
1 0.58333 0.28796 0.00729 0.03889
1 0.58828 0.26065 0.01302 0.05093
1 0.61172 0.26065 0.01198 0.04722
10 0.63438 0.25556 0.01354 0.05556
1 0.63359 0.24722 0.00885 0.03704
1 0.55234 0.21296 0.01094 0.04444
1 0.56927 0.21435 0.00729 0.04722
1 0.57969 0.20694 0.01042 0.04537
1 0.54036 0.16343 0.00677 0.04537
1 0.57266 0.16667 0.00781 0.04074
1 0.57552 0.1412 0.00937 0.03426
1 0.5776 0.12639 0.00833 0.04167
1 0.58516 0.12731 0.00781 0.03611
1 0.58776 0.11111 0.00573 0.03333
1 0.59323 0.11481 0.00521 0.02593
3 0.51901 0.18102 0.01719 0.02685
10 0.5263 0.17037 0.01719 0.03333
4 0.62734 0.21065 0.03177 0.05093
4 0.62396 0.17361 0.02813 0.04907
4 0.69427 0.77222 0.06979 0.32593
4 0.29766 0.7338 0.18177 0.18796
4 0.35911 0.63009 0.15052 0.14907
4 0.38255 0.54398 0.14219 0.125
4 0.40547 0.46713 0.11719 0.09907
4 0.41667 0.40926 0.10625 0.07407
4 0.41224 0.36898 0.10469 0.0787
4 0.45703 0.28657 0.0474 0.05093
8 0.29141 0.25278 0.03906 0.03889
0 0.60859 0.09537 0.02344 0.02778
8 0.50495 0.3125 0.0224 0.075
5 0.42865 0.3162 0.08542 0.07315
5 0.4487 0.27037 0.07344 0.06296
2 0.0974 0.75324 0.025 0.08426
2 0.5224 0.33287 0.01354 0.04722
1 0.4737 0.1963 0.0099 0.0463
1 0.4599 0.19074 0.00625 0.04074
