4 0.28984 0.42917 0.00885 0.01944
4 0.29505 0.37917 0.00677 0.01574
4 0.30234 0.30787 0.00469 0.01019
4 0.29792 0.29444 0.00521 0.00926
4 0.32969 0.24861 0.00417 0.00833
4 0.32839 0.21713 0.00365 0.00833
4 0.32266 0.21065 0.0026 0.00648
4 0.32943 0.19954 0.00365 0.00833
4 0.31094 0.16991 0.00313 0.00648
4 0.32995 0.16296 0.0026 0.00741
0 0.32682 0.09676 0.02448 0.14167
5 0.3237 0.30602 0.00573 0.01389
5 0.30781 0.42037 0.00833 0.02407
4 0.34974 0.43056 0.0099 0.01852
9 0.33724 0.38194 0.00677 0.0287
5 0.31042 0.36759 0.00625 0.02037
9 0.28568 0.27917 0.00781 0.03056
5 0.41927 0.43611 0.01875 0.01667
5 0.45417 0.43148 0.01875 0.01667
5 0.55 0.4213 0.01979 0.01667
5 0.58828 0.41991 0.01927 0.01944
5 0.56719 0.41991 0.01771 0.01389
6 0.27734 0.42407 0.01406 0.03333
4 0.28802 0.31435 0.00625 0.01204
