6 0.18568 0.56806 0.06302 0.18241
4 0.1625 0.44769 0.04479 0.13611
4 0.29323 0.51852 0.0375 0.14259
5 0.30391 0.35787 0.0401 0.13611
4 0.25339 0.22917 0.03802 0.13796
10 0.17891 0.16343 0.01823 0.05648
1 0.24557 0.49352 0.01302 0.02407
1 0.22969 0.54259 0.01354 0.02593
1 0.22969 0.47824 0.01458 0.025
4 0.28359 0.70556 0.04323 0.15741
2 0.19661 0.92407 0.02031 0.02963
10 0.19583 0.92037 0.01667 0.07778
1 0.12396 0.42639 0.02083 0.0213
1 0.63177 0.62639 0.01979 0.025
1 0.64401 0.51528 0.01927 0.02685
2 0.64062 0.47963 0.02187 0.02593
1 0.62734 0.5 0.01927 0.02222
1 0.60547 0.46435 0.01719 0.03241
2 0.4612 0.50926 0.01302 0.02593
3 0.4612 0.51389 0.0099 0.0537
4 0.47031 0.2375 0.03854 0.1213
2 0.34271 0.46574 0.01354 0.03704
10 0.34193 0.46759 0.01094 0.05556
4 0.31693 0.04074 0.03073 0.08148
