5 1.00208 1.10787 0.07917 0.09352
1 0.96641 1.27824 0.02135 0.06389
3 0.98125 1.29028 0.025 0.06389
1 0.89167 1.31667 0.02396 0.07778
10 0.8974 1.11852 0.02813 0.0463
1 0.85625 1.1912 0.01562 0.06759
1 0.8599 1.175 0.0125 0.05556
1 0.7388 1.11343 0.01719 0.06574
1 0.7112 1.14861 0.01198 0.05278
2 0.75469 1.16806 0.01979 0.05833
10 0.75339 1.18148 0.03177 0.06296
7 0.80964 1.11157 0.04844 0.04352
1 0.65703 0.91343 0.0099 0.04722
2 0.60729 0.99815 0.0125 0.03704
1 0.5901 1.0088 0.0125 0.04907
10 0.60755 1.0125 0.02135 0.04167
10 0.62917 0.91944 0.02292 0.02963
10 0.62995 0.91204 0.01927 0.02778
4 0.60286 0.93889 0.04844 0.08333
1 0.59609 0.96667 0.01302 0.0463
2 0.57057 0.96343 0.0099 0.03241
10 0.57109 0.97917 0.01823 0.03796
1 0.53125 0.95556 0.01146 0.0463
1 0.50365 0.90046 0.00937 0.03981
1 0.4974 0.90787 0.00521 0.0287
1 0.55573 0.87685 0.00937 0.04444
1 0.50286 0.84352 0.00781 0.04074
1 0.52526 0.85741 0.00781 0.03889
1 0.53307 0.86019 0.00781 0.04259
3 0.6138 0.8662 0.02135 0.025
5 0.57292 0.86389 0.04688 0.08148
1 0.54818 0.8162 0.00781 0.03426
1 0.54297 0.81019 0.00677 0.03519
1 0.55651 0.81204 0.00573 0.03148
1 0.55703 0.80093 0.00677 0.02593
1 0.54323 0.7787 0.00521 0.03519
1 0.5276 0.76019 0.00729 0.03148
2 0.51094 0.77083 0.00833 0.0287
10 0.51146 0.77546 0.00833 0.025
1 0.55052 0.77222 0.00729 0.03148
1 0.55521 0.76852 0.00625 0.03148
2 0.53099 0.78565 0.00885 0.03056
10 0.53099 0.79167 0.00677 0.02407
1 0.53828 0.74028 0.00781 0.02685
1 0.54714 0.7375 0.00469 0.02685
2 0.51016 0.73519 0.00781 0.02963
3 0.50938 0.74074 0.00729 0.02037
1 0.52682 0.71065 0.00573 0.0287
1 0.51953 0.7162 0.00573 0.0287
1 0.52396 0.68333 0.00625 0.02222
1 0.51458 0.67222 0.00521 0.02593
1 0.51849 0.67407 0.00365 0.02037
1 0.5237 0.64444 0.00573 0.02222
1 0.5099 0.64352 0.00417 0.02222
10 0.50807 0.65278 0.01302 0.01481
1 0.54375 0.64907 0.00521 0.02407
4 0.55833 0.65046 0.00521 0.01944
10 0.53464 0.65926 0.01302 0.01667
2 0.53568 0.65509 0.00573 0.01944
0 0.47604 0.61944 0.03542 0.07407
5 0.44766 0.58843 0.02031 0.01759
5 0.41927 0.59722 0.025 0.02222
5 0.40781 0.59352 0.02187 0.02222
5 0.38516 0.57778 0.01823 0.02037
5 0.37448 0.57778 0.01562 0.02037
5 0.38828 0.58843 0.01927 0.01759
6 0.40573 0.51667 0.06979 0.03333
4 0.42708 0.53426 0.01667 0.01667
4 0.40573 0.53565 0.01875 0.01389
4 0.39427 0.54074 0.01146 0.01667
4 0.39193 0.5463 0.01406 0.01667
5 0.38854 0.55926 0.01458 0.02037
4 0.36432 0.55324 0.01094 0.01574
4 0.35599 0.51991 0.01719 0.01204
4 0.3612 0.53472 0.01823 0.01204
4 0.35521 0.54074 0.01979 0.01296
5 0.34349 0.55926 0.01823 0.01667
4 0.31953 0.54306 0.02135 0.01389
6 0.32057 0.52685 0.04427 0.02407
5 0.3263 0.58287 0.02344 0.0213
0 0.20964 0.62917 0.10156 0.03981
4 0.25312 1.23611 0.06042 0.13333
1 0.30859 1.2338 0.01615 0.06944
2 0.30755 1.22269 0.0099 0.03426
1 0.32682 1.21713 0.02135 0.05463
5 0.22344 1.11435 0.06042 0.11944
4 0.19792 1.04306 0.05312 0.10278
5 0.06719 1.32593 0.06354 0.12593
5 0.06042 1.19444 0.05417 0.12037
4 0.05781 1.10278 0.05104 0.10926
1 0.16667 0.98148 0.01042 0.0463
4 0.04583 1.01528 0.04271 0.07685
4 0.04036 0.94491 0.0401 0.075
4 0.09635 0.89491 0.0375 0.05833
1 0.2276 0.93333 0.01146 0.0463
4 0.15573 0.91481 0.03854 0.06852
4 0.03958 0.89213 0.03229 0.05463
4 0.06198 0.82917 0.04063 0.04722
4 0.12214 0.81296 0.03177 0.04815
5 0.15469 0.7912 0.03229 0.04907
5 0.08568 0.7875 0.04844 0.05278
4 0.10286 0.7625 0.05052 0.0287
5 0.12865 0.7375 0.02708 0.04167
1 0.1349 0.75417 0.00833 0.03056
1 0.13307 0.76898 0.00573 0.02685
5 0.02604 0.79815 0.03854 0.04444
4 0.05599 0.76157 0.02865 0.03241
4 0.04141 0.73611 0.03177 0.03148
4 0.01094 0.7588 0.02187 0.03241
4 0.0125 0.7287 0.02292 0.02963
5 0.01198 0.69954 0.02083 0.03056
4 0.22109 0.49583 0.01406 0.00833
5 0.38464 0.7412 0.03698 0.04167
5 0.41615 0.74352 0.01875 0.04444
10 0.35156 0.73194 0.01771 0.01944
2 0.38047 0.78056 0.00677 0.02037
2 0.38411 0.78426 0.00781 0.02407
2 0.3901 0.77685 0.00729 0.01852
2 0.39167 0.78056 0.00625 0.02037
2 0.34427 0.76157 0.00729 0.01944
1 0.33984 0.62639 0.00573 0.0213
1 0.32604 0.63194 0.00521 0.01944
1 0.31849 0.6463 0.00573 0.02222
1 0.32005 0.64398 0.00469 0.02315
2 0.30234 0.66852 0.00573 0.01852
10 0.3026 0.67593 0.01042 0.01667
1 0.36068 0.58194 0.00365 0.01759
1 0.35625 0.58426 0.00417 0.01667
1 0.35156 0.59028 0.00417 0.01759
1 0.29349 0.65926 0.00469 0.01852
2 0.2875 0.67083 0.00729 0.01389
2 0.27943 0.67731 0.00677 0.01574
4 0.31693 0.55972 0.01302 0.01574
