6 0.43646 0.45556 0.01042 0.02778
6 0.41719 0.31296 0.00729 0.01852
6 0.41198 0.27639 0.00937 0.025
6 0.41849 0.24213 0.01302 0.025
6 0.45078 0.21852 0.00781 0.01667
0 0.38047 0.11759 0.0099 0.02778
4 0.40417 0.79306 0.01458 0.06204
4 0.23464 0.46713 0.0151 0.02315
4 0.22292 0.45694 0.01354 0.025
4 0.24036 0.4162 0.01198 0.01759
4 0.26328 0.4338 0.01927 0.01574
4 0.28229 0.39074 0.01458 0.01481
4 0.28568 0.38009 0.0151 0.01204
4 0.25964 0.4537 0.01615 0.02037
4 0.25339 0.47037 0.02031 0.01667
4 0.23568 0.51389 0.02552 0.02222
5 0.22865 0.54537 0.02396 0.02407
4 0.29089 0.36157 0.01615 0.01204
4 0.28906 0.37083 0.01667 0.01019
4 0.30964 0.28704 0.01406 0.00926
6 0.30781 0.30787 0.01667 0.01389
9 0.44922 0.55139 0.01927 0.06574
4 0.42943 0.36991 0.00781 0.01204
4 0.62865 0.3838 0.01146 0.01574
10 0.4763 0.60648 0.00469 0.01481
2 0.47708 0.60185 0.00521 0.01296
11 0.52292 0.56574 0.02083 0.03704
4 0.70391 0.55185 0.02031 0.03333
4 0.60573 0.39259 0.01146 0.01667
0 0.65156 0.41481 0.01667 0.02407
4 0.67292 0.45324 0.01771 0.0213
0 0.7125 0.51481 0.03333 0.02222
4 0.44062 0.23148 0.00625 0.00741
