4 0.54974 0.69954 0.0349 0.04722
5 0.8263 0.72917 0.04531 0.04722
4 0.71146 0.60972 0.02396 0.02685
4 0.66094 0.54769 0.01562 0.03241
4 0.25781 0.54722 0.03229 0.02778
4 0.14375 0.54861 0.0375 0.0287
4 0.25885 0.48472 0.02708 0.025
4 0.41328 0.41481 0.02135 0.01852
4 0.45781 0.39583 0.01458 0.01389
2 0.12865 0.52361 0.00417 0.01204
2 0.2026 0.48981 0.00313 0.01111
2 0.32786 0.43148 0.00573 0.01111
2 0.47682 0.36389 0.0026 0.00741
10 0.12917 0.53009 0.01458 0.01204
10 0.20286 0.49815 0.01198 0.01111
10 0.32917 0.43935 0.01146 0.01019
10 0.47682 0.36852 0.00573 0.00556
4 0.59583 0.32083 0.00833 0.01389
4 0.61849 0.33148 0.00781 0.01111
4 0.62604 0.30556 0.00833 0.00926
4 0.64036 0.30463 0.00677 0.01111
2 0.52708 0.40509 0.00313 0.00648
2 0.54375 0.39074 0.00313 0.00741
2 0.55677 0.38796 0.00417 0.00926
10 0.52708 0.41019 0.00417 0.0037
10 0.54349 0.3963 0.00365 0.00556
10 0.55625 0.39259 0.00521 0.0037
4 0.73047 0.27315 0.00573 0.00741
4 0.72109 0.27222 0.00573 0.00741
4 0.68594 0.28056 0.00521 0.00741
4 0.68073 0.26296 0.00833 0.00556
2 0.73594 0.5912 0.00521 0.01574
3 0.73542 0.59907 0.00937 0.01481
0 0.70312 0.56296 0.00937 0.02037
