0 0.76797 0.04861 0.09635 0.09722
0 0.44792 0.09398 0.04896 0.11759
4 0.2526 0.17917 0.05521 0.03611
4 0.26771 0.15509 0.04688 0.03056
4 0.84323 0.0537 0.04583 0.03704
4 0.84609 0.06944 0.04635 0.04074
4 0.9349 0.4662 0.09688 0.06759
4 0.83203 0.45694 0.09219 0.06759
4 0.72188 0.33611 0.07604 0.0537
4 0.78698 0.30833 0.05625 0.05926
4 0.54063 0.33056 0.07187 0.05741
4 0.63021 0.33241 0.04688 0.06481
4 0.45052 0.32269 0.06979 0.05833
4 0.35547 0.31806 0.07031 0.06019
4 0.41458 0.43287 0.07812 0.06944
4 0.24219 0.42222 0.08646 0.05926
4 0.075 0.41574 0.07604 0.05
4 0.04349 0.31204 0.06927 0.05185
4 0.11797 0.31574 0.06615 0.05185
4 0.2987 0.24537 0.03698 0.05
4 0.36562 0.07778 0.02604 0.03889
4 0.38854 0.16481 0.05833 0.04259
4 0.35339 0.14352 0.03594 0.03889
5 0.64375 0.44028 0.07187 0.07315
4 1.00807 0.35417 0.06719 0.05093
4 0.8638 0.17407 0.03906 0.03889
6 0.89766 0.1912 0.08698 0.06944
0 1.02448 0.45139 0.03438 0.11389
5 0.34974 0.04907 0.04115 0.03519
4 0.36953 0.03148 0.0401 0.02778
6 0.41016 0.03565 0.03698 0.06204
4 0.38047 0.01435 0.03802 0.01944
3 0.02839 0.50602 0.0349 0.02685
3 0.01667 0.53657 0.02813 0.02315
3 0.63438 0.7713 0.01667 0.07222
3 0.75182 0.50093 0.01406 0.04444
10 0.7651 0.3838 0.03021 0.025
10 0.66589 0.64722 0.03802 0.04259
10 0.64818 0.67593 0.03698 0.03519
10 0.70859 0.80602 0.01719 0.08241
10 0.94375 1.29676 0.07708 0.05833
10 0.87214 1.34769 0.03177 0.08241
10 0.82005 1.34074 0.03385 0.09444
7 0.66745 1.23194 0.06719 0.0713
3 0.66641 1.18194 0.05469 0.03241
7 0.70729 0.63333 0.025 0.08889
1 0.68437 0.46759 0.00937 0.05
1 0.71016 0.46296 0.01406 0.05185
1 0.77109 0.49444 0.0099 0.06111
1 0.73698 0.69398 0.02396 0.06389
2 0.75286 0.47778 0.01198 0.04444
2 0.76901 0.3662 0.01198 0.025
1 0.43464 0.40278 0.0099 0.05185
1 0.45911 0.40926 0.0151 0.0463
1 0.45911 0.35787 0.01094 0.02685
1 0.45703 0.37778 0.01094 0.04074
3 0.66536 0.85324 0.0474 0.03426
3 0.67031 1.01343 0.05104 0.02685
3 0.66979 0.99398 0.04583 0.02685
3 0.66536 0.9662 0.0474 0.0287
1 0.81146 0.77731 0.02292 0.06389
7 0.81563 0.73935 0.02917 0.07685
3 0.67135 1.11435 0.05937 0.0287
3 0.66641 1.06574 0.05469 0.0463
3 0.66484 0.93796 0.04635 0.03519
3 0.66979 1.04722 0.04792 0.03333
3 0.66589 0.87731 0.04427 0.0287
10 0.67578 0.80694 0.03802 0.04167
10 0.6888 0.88704 0.04219 0.04444
10 0.6724 0.91898 0.04896 0.03056
10 0.67083 0.79722 0.05625 0.04259
10 0.68203 0.7713 0.03802 0.04074
10 0.67734 0.72315 0.04115 0.04074
10 0.68255 0.70278 0.0349 0.03889
10 0.69688 1.3338 0.02604 0.10463
