2 0.05417 0.73657 0.0125 0.02315
3 0.05703 0.73472 0.01302 0.02685
4 0.05625 0.65463 0.03958 0.08704
4 0.03672 0.63611 0.04844 0.09444
6 0.025 0.58843 0.05 0.10833
4 0.01198 0.5463 0.02396 0.04815
2 0.06667 0.47824 0.01146 0.01759
3 0.06927 0.48148 0.01875 0.01667
4 0.10052 0.43657 0.04583 0.06944
10 0.19401 0.41204 0.0151 0.02222
10 0.28698 0.54769 0.01667 0.02315
2 0.28672 0.5463 0.01406 0.01667
1 0.08385 0.03333 0.01146 0.02778
4 0.11745 0.08935 0.0401 0.06389
4 0.13359 0.10787 0.0401 0.06574
7 0.20625 0.20185 0.02083 0.03519
4 0.21979 0.22454 0.0375 0.06944
4 0.23385 0.25046 0.03229 0.05833
4 0.25026 0.27731 0.03698 0.06944
4 0.26797 0.30139 0.03698 0.06944
4 0.29036 0.32037 0.03385 0.06852
4 0.30755 0.34306 0.0349 0.07315
4 0.36823 0.41296 0.03333 0.07593
5 0.45391 0.52778 0.03906 0.07222
4 0.47995 0.55509 0.03906 0.075
4 0.47031 0.64167 0.04271 0.07963
4 0.53203 0.60093 0.03385 0.08519
4 0.55469 0.62639 0.0375 0.08241
4 0.57786 0.65833 0.03906 0.08889
4 0.60599 0.68472 0.03594 0.08796
4 0.63281 0.71111 0.03229 0.09074
4 0.65339 0.73843 0.03594 0.09167
5 0.67474 0.76667 0.03594 0.08333
6 0.70911 0.80602 0.0401 0.11944
4 0.69661 0.58102 0.03281 0.075
10 0.5638 0.42222 0.01094 0.02778
10 0.55599 0.41528 0.01302 0.03056
4 0.51953 0.39769 0.03177 0.08241
8 0.37578 0.29074 0.0276 0.0463
10 0.42188 0.29028 0.01042 0.03241
10 0.41406 0.28657 0.00625 0.03056
10 0.40599 0.28148 0.00781 0.02963
10 0.39583 0.27454 0.0125 0.03056
10 0.37656 0.25324 0.0125 0.0287
7 0.34792 0.22778 0.02396 0.03889
10 0.30339 0.16898 0.01719 0.02685
10 0.31198 0.15093 0.01458 0.03148
10 0.27474 0.1213 0.0099 0.03889
10 0.27083 0.11852 0.00937 0.03148
10 0.26953 0.11296 0.01094 0.02963
10 0.26484 0.1088 0.01198 0.02685
10 0.28984 0.10556 0.00781 0.02963
10 0.28307 0.10185 0.00781 0.02963
10 0.25495 0.10324 0.01823 0.02685
