4 0.27552 0.78889 0.03542 0.07778
4 0.49115 0.71065 0.04688 0.05648
4 0.54609 0.65648 0.04427 0.05185
4 0.63307 0.83194 0.02552 0.08056
4 0.41641 0.94907 0.02448 0.0963
4 0.61198 0.57407 0.03854 0.03889
4 0.16224 0.56991 0.02656 0.04907
4 0.19115 0.57593 0.02396 0.04815
4 0.14349 0.53611 0.0224 0.04444
4 0.12812 0.48935 0.02083 0.03611
5 0.16693 0.51528 0.0276 0.05648
6 0.15182 0.46852 0.02448 0.05185
4 0.16458 0.43843 0.02187 0.03426
4 0.11328 0.45324 0.02135 0.03611
4 0.08151 0.37176 0.02031 0.03426
4 0.09479 0.33889 0.01667 0.02778
4 0.07786 0.29444 0.01615 0.02778
4 0.05625 0.29907 0.01458 0.02593
4 0.08411 0.26759 0.0151 0.02407
4 0.03776 0.2287 0.01406 0.02407
4 0.05182 0.20139 0.01406 0.02315
4 0.03177 0.18241 0.00937 0.01667
4 0.01328 0.1713 0.01094 0.01667
4 0.00391 0.13241 0.00781 0.01667
4 0.8974 0.34167 0.02292 0.02593
4 0.92005 0.34491 0.0224 0.03056
5 0.82318 0.13241 0.01094 0.02222
2 0.34427 0.8412 0.00729 0.02685
2 0.37266 0.69815 0.00365 0.02222
2 0.4013 0.73611 0.00573 0.01852
2 0.05469 0.69861 0.00729 0.01574
2 0.05833 0.63194 0.00833 0.0213
2 0.91536 0.25602 0.00365 0.00648
10 0.0599 0.64491 0.00937 0.01759
10 0.05469 0.71019 0.00729 0.02037
10 0.37135 0.70694 0.01042 0.02315
10 0.40052 0.75046 0.00833 0.0213
10 0.34219 0.8537 0.00625 0.02778
10 0.68385 0.41389 0.00521 0.01111
10 0.91432 0.26389 0.00573 0.00741
2 0.89167 0.27731 0.00313 0.01019
10 0.89167 0.28333 0.00729 0.00741
2 0.68516 0.40556 0.00365 0.00926
