4 0.30443 0.67778 0.07865 0.10185
10 0.21536 0.70231 0.03385 0.05278
2 0.21172 0.69769 0.02135 0.03611
4 0.23672 0.53426 0.0724 0.13148
5 0.17005 0.58611 0.07865 0.16111
4 0.10469 0.65417 0.07396 0.14907
1 0.17943 0.33935 0.01302 0.03796
1 0.34141 0.225 0.00677 0.03889
1 0.3737 0.24676 0.00885 0.03796
1 0.53646 0.33333 0.0125 0.04074
1 0.3651 0.04583 0.00729 0.03056
1 0.43307 0.01667 0.00781 0.03333
1 0.43073 0.01574 0.00625 0.03148
1 0.65208 0.20648 0.0125 0.03519
4 0.0638 0.025 0.02865 0.04259
5 0.09688 0.01898 0.02917 0.03796
4 0.12917 0.01157 0.02813 0.02315
