4 0.63099 0.23889 0.01823 0.01296
1 0.47578 0.20787 0.00156 0.00463
1 0.50182 0.27083 0.0026 0.00648
1 0.33359 0.16574 0.0026 0.00926
1 0.47839 0.02963 0.0026 0.01111
2 0.36562 0.9037 0.00417 0.00741
1 0.4375 0.7213 0.00313 0.00556
1 0.47474 0.62407 0.00156 0.00556
4 0.45755 0.89074 0.01302 0.04444
4 0.47031 0.88704 0.01042 0.04074
4 0.4849 0.90463 0.0125 0.04259
4 0.49714 0.91759 0.01198 0.0463
4 0.5151 0.93565 0.0125 0.04352
4 0.54505 0.95185 0.0151 0.04074
4 0.55885 0.95787 0.01562 0.0287
4 0.58594 0.96343 0.01354 0.01759
4 0.64271 0.95972 0.02187 0.0213
4 0.65703 0.92083 0.0151 0.04722
10 0.71302 0.84907 0.00833 0.0037
10 0.71589 0.85972 0.00573 0.01204
4 0.66745 0.76991 0.01406 0.03981
4 0.72344 0.78009 0.01146 0.03796
4 0.71849 0.73426 0.01302 0.03519
4 0.70755 0.66944 0.01302 0.03519
4 0.7013 0.62963 0.01302 0.03333
4 0.69427 0.5875 0.0125 0.0287
4 0.6888 0.55231 0.01094 0.025
4 0.64583 0.61713 0.01354 0.03611
4 0.68099 0.50694 0.01198 0.03056
4 0.68516 0.41019 0.01302 0.02593
4 0.71979 0.33426 0.01146 0.01111
4 0.61745 0.40046 0.01094 0.02685
4 0.6224 0.43472 0.01146 0.0287
1 0.60703 0.34074 0.00365 0.00741
1 0.61068 0.34676 0.00469 0.00648
6 0.58854 0.3375 0.01562 0.03611
4 0.58958 0.36713 0.01042 0.02315
4 0.59792 0.43472 0.00937 0.0287
4 0.60182 0.47361 0.0099 0.0287
4 0.60443 0.5088 0.00885 0.0287
4 0.61745 0.6 0.01198 0.03333
