4 0.49107 0.0181 0.04643 0.03619
4 0.45964 0.02762 0.045 0.04762
4 0.655 0.30429 0.06286 0.06762
4 0.44393 0.2581 0.05357 0.07429
4 0.37107 0.28857 0.05786 0.07429
10 0.61714 0.34762 0.02143 0.02857
10 0.62893 0.33619 0.01929 0.03619
10 0.16964 0.72381 0.03214 0.0381
10 0.50786 0.70667 0.02857 0.04381
2 0.50786 0.70619 0.01571 0.02952
1 0.51214 0.51905 0.01143 0.03048
2 0.55393 0.97762 0.015 0.02571
2 0.54357 0.98762 0.01857 0.02095
10 0.54786 0.98095 0.03714 0.0381
4 0.51286 0.6119 0.07857 0.09238
4 0.30214 0.34048 0.04857 0.0619
4 0.26107 0.36667 0.06071 0.07238
4 0.225 0.39667 0.05714 0.08286
6 0.67964 0.91238 0.09929 0.14286
4 0.8 0.95 0.09286 0.1
4 0.92357 0.7881 0.07857 0.10952
4 0.82179 0.73619 0.08214 0.10857
6 0.94679 0.54952 0.10643 0.15048
2 0.98393 0.23286 0.01071 0.02
8 0.98393 0.23381 0.02786 0.04286
4 0.69321 0.16952 0.05357 0.04762
1 0.26464 0.1219 0.00929 0.03048
