4 0.32786 0.15926 0.02857 0.02411
4 0.36893 0.25063 0.01643 0.02665
4 0.37893 0.28871 0.01929 0.03934
9 0.52857 0.29759 0.02571 0.11802
4 0.49714 0.0552 0.01 0.02665
5 0.3175 0.18464 0.025 0.02157
5 0.35607 0.21383 0.02071 0.03934
5 0.38357 0.56916 0.02 0.06472
5 0.39179 0.89213 0.02643 0.10152
4 0.76321 0.71891 0.05214 0.03934
5 0.38786 0.7335 0.02286 0.07614
5 0.37286 0.42259 0.01714 0.04569
5 0.525 0.01332 0.00857 0.02665
4 0.52714 0.03299 0.01 0.03046
4 0.37143 0.38325 0.01429 0.03553
4 0.37107 0.34137 0.015 0.03553
4 0.37714 0.50254 0.01429 0.03807
4 0.38179 0.64086 0.01643 0.04315
9 0.47786 0.04315 0.01429 0.06853
1 0.54571 0.03934 0.00429 0.01777
1 0.54679 0.0203 0.00357 0.01269
1 0.54143 0.05203 0.00429 0.01523
1 0.60071 0.46256 0.00571 0.02157
1 0.58964 0.4981 0.00643 0.02411
1 0.60071 0.5901 0.00571 0.02792
1 0.81036 0.71827 0.00929 0.0203
