1 0.6725 0.88524 0.01643 0.03905
1 0.6475 0.87 0.01786 0.04476
1 0.62679 0.86952 0.01786 0.0381
1 0.58857 0.5619 0.01143 0.03048
1 0.57786 0.55571 0.01 0.03333
1 0.56786 0.55857 0.01 0.03333
1 0.51964 0.48762 0.00786 0.02476
1 0.52429 0.4881 0.00571 0.02571
1 0.50786 0.40333 0.00714 0.0219
1 0.51893 0.40762 0.005 0.02095
1 0.52429 0.40667 0.00857 0.02476
1 0.46607 0.30143 0.005 0.0181
1 0.47643 0.2981 0.00571 0.01905
1 0.4825 0.30095 0.00643 0.01905
1 0.5 0.27429 0.00429 0.01714
1 0.50321 0.27429 0.005 0.01905
1 0.50429 0.26905 0.00429 0.01619
1 0.50714 0.26857 0.00429 0.01714
10 0.45964 0.26571 0.00786 0.01143
2 0.45893 0.25905 0.005 0.01524
10 0.46643 0.25762 0.00857 0.01429
2 0.46714 0.25286 0.00429 0.01429
2 0.46464 0.2519 0.005 0.01429
1 0.43286 0.24333 0.00571 0.0181
1 0.42571 0.24333 0.00571 0.0181
1 0.41929 0.2419 0.00286 0.01714
1 0.41643 0.24476 0.00571 0.01714
1 0.41179 0.24 0.005 0.01524
1 0.39929 0.22857 0.00429 0.01524
1 0.41179 0.18095 0.005 0.01143
10 0.39464 0.16667 0.00643 0.00952
7 0.4225 0.16429 0.01357 0.01429
5 0.36214 0.15333 0.01143 0.01905
10 0.37357 0.15143 0.00429 0.00762
2 0.37286 0.1481 0.00429 0.00857
1 0.37714 0.14524 0.00429 0.01238
1 0.35036 0.11762 0.00357 0.01048
1 0.35429 0.12286 0.00429 0.01333
1 0.35214 0.11333 0.00429 0.01333
1 0.33357 0.14095 0.00429 0.01333
1 0.33107 0.1419 0.00357 0.01333
1 0.32821 0.14095 0.00357 0.01333
1 0.32571 0.14048 0.00429 0.01238
1 0.32286 0.14048 0.00429 0.01238
1 0.32821 0.12571 0.00357 0.01143
1 0.55714 0.24048 0.00286 0.01238
1 0.56036 0.24095 0.005 0.01333
1 0.68643 0.20571 0.00429 0.01524
1 0.855 0.09762 0.00429 0.01238
1 0.84893 0.09619 0.005 0.01143
4 0.85571 0.0881 0.01857 0.01048
5 0.87143 0.09048 0.01714 0.01333
1 0.82857 0.08048 0.00429 0.00857
4 0.80464 0.07476 0.015 0.00857
4 0.8 0.0719 0.01571 0.01048
4 0.79464 0.07048 0.01214 0.00952
4 0.73714 0.05571 0.01857 0.01048
4 0.72571 0.05286 0.01429 0.00857
4 0.70929 0.04238 0.01429 0.00667
0 0.77036 0.07 0.03357 0.02381
0 0.19643 0.06524 0.04857 0.02762
