0 0.34401 0.09537 0.01823 0.04444
0 0.35234 0.04954 0.01615 0.04167
6 0.33385 0.3287 0.01458 0.0463
6 0.51354 0.74583 0.05937 0.06204
4 0.50573 0.61991 0.01667 0.05093
4 0.34089 0.39861 0.00885 0.02315
6 0.47552 0.4912 0.03125 0.03426
6 0.50521 0.36157 0.01354 0.03056
0 0.32083 0.26944 0.00417 0.01481
6 0.33203 0.16065 0.00573 0.0213
4 0.49479 0.35324 0.00729 0.01759
7 0.4875 0.34722 0.00625 0.01667
1 0.31198 0.92778 0.00729 0.03333
6 0.58776 0.15093 0.0099 0.02037
4 0.35365 0.2963 0.00625 0.01296
6 0.39193 0.0875 0.00885 0.00648
0 0.38984 0.10787 0.01198 0.0213
1 0.3875 0.22222 0.00104 0.00741
