6 0.08802 0.44861 0.01875 0.03796
6 0.13411 0.42407 0.03906 0.02963
4 0.29297 0.46389 0.04115 0.03704
10 0.0901 0.38472 0.00729 0.01944
10 0.09583 0.40556 0.00729 0.02037
6 0.40911 0.6162 0.11615 0.11759
4 0.48229 0.51019 0.04375 0.04444
5 0.72891 0.20278 0.01823 0.02037
7 0.70312 0.21389 0.01458 0.01667
10 0.69375 0.21759 0.00521 0.01111
6 0.82891 0.18472 0.02344 0.03796
6 0.8526 0.16898 0.05104 0.03056
4 0.85625 0.15694 0.01979 0.01759
4 0.87448 0.30694 0.03021 0.02685
5 0.8651 0.21481 0.02292 0.02407
6 0.88984 0.20463 0.02448 0.02407
6 0.46823 0.85185 0.17813 0.22407
4 0.9849 0.2838 0.025 0.03056
6 0.94375 0.12593 0.0375 0.02778
5 0.93255 0.1375 0.02656 0.01759
4 0.94141 0.18241 0.02135 0.02037
2 0.76927 0.78704 0.01146 0.02222
10 0.76823 0.79583 0.01979 0.0287
2 0.77604 0.81667 0.01146 0.02593
10 0.77708 0.82269 0.01562 0.03056
3 0.83151 0.79491 0.01927 0.03056
2 0.83203 0.78519 0.00885 0.03148
1 0.00885 0.475 0.00729 0.02407
