4 0.07891 0.8287 0.06823 0.19259
4 0.11927 0.89167 0.05937 0.16111
4 0.34349 0.41204 0.0474 0.13704
1 0.17943 0.38565 0.02031 0.03056
2 0.20156 0.25417 0.01354 0.03796
8 0.20859 0.26019 0.03906 0.03704
2 0.55391 0.21806 0.01302 0.03056
3 0.5513 0.22778 0.00781 0.04815
5 0.69349 0.22685 0.07135 0.07222
4 0.69844 0.31574 0.06146 0.06667
4 0.70703 0.38704 0.04323 0.06111
4 0.70234 0.51852 0.05365 0.07037
4 0.70469 0.60694 0.04896 0.07315
4 0.70547 0.69213 0.0474 0.07685
4 0.43672 0.88565 0.0474 0.17315
1 0.62604 0.73426 0.01979 0.02778
