4 0.85357 0.91048 0.02 0.05143
4 0.75714 0.90857 0.01714 0.04952
4 0.73321 0.82952 0.03643 0.02476
4 0.72036 0.9119 0.01786 0.05048
4 0.815 0.90667 0.01857 0.05333
4 0.83286 0.90143 0.01857 0.05048
1 0.90786 0.94095 0.01143 0.01333
1 0.87857 0.82048 0.01429 0.01048
4 0.945 0.83381 0.03429 0.0219
4 0.64321 0.90381 0.01786 0.04952
4 0.58786 0.98143 0.03714 0.02762
4 0.59143 0.93143 0.02714 0.02286
4 0.58893 0.90476 0.03643 0.02476
5 0.58357 0.87095 0.03143 0.0219
6 0.58714 0.7819 0.04714 0.02476
1 0.51857 0.85238 0.00714 0.00952
1 0.50821 0.76524 0.00643 0.01238
4 0.53786 0.65857 0.02 0.04857
4 0.51214 0.59714 0.01571 0.04762
4 0.51357 0.54476 0.01429 0.04571
4 0.53143 0.51476 0.01571 0.04667
4 0.51143 0.49095 0.01714 0.04476
4 0.495 0.44 0.01714 0.04571
4 0.42536 0.4381 0.015 0.04762
4 0.51214 0.26095 0.01429 0.0419
4 0.52857 0.25381 0.01429 0.04286
4 0.49679 0.19238 0.015 0.04381
4 0.51286 0.20571 0.01429 0.0419
4 0.51143 0.31619 0.01571 0.04571
5 0.51179 0.42095 0.01214 0.03619
4 0.51429 0.64619 0.01571 0.04286
4 0.3275 0.65429 0.01643 0.04762
4 0.3725 0.4019 0.01643 0.04381
4 0.37286 0.34857 0.01571 0.0419
4 0.37286 0.29238 0.01571 0.04571
4 0.37357 0.24286 0.01571 0.04381
4 0.375 0.18762 0.01571 0.04762
4 0.40893 0.22429 0.01643 0.04667
4 0.37821 0.08524 0.015 0.04286
4 0.37464 0.13619 0.01643 0.0419
4 0.53679 0.04905 0.02929 0.02381
4 0.38036 0.02905 0.015 0.04286
2 0.48536 0.22095 0.005 0.00952
2 0.49393 0.04667 0.005 0.00762
10 0.49464 0.04905 0.00643 0.0181
3 0.48536 0.22238 0.005 0.01429
4 0.50643 0.36857 0.01571 0.04571
4 0.17714 0.49143 0.03429 0.02095
4 0.12393 0.45524 0.01929 0.04571
4 0.12857 0.36619 0.01857 0.04095
4 0.10536 0.45762 0.01786 0.04476
4 0.0875 0.45762 0.01786 0.03524
4 0.05393 0.49476 0.03643 0.0219
4 0.09679 0.54524 0.035 0.02
4 0.17679 0.46571 0.035 0.02286
4 0.13964 0.1881 0.03357 0.02381
4 0.14536 0.27286 0.01929 0.04095
4 0.15036 0.22286 0.01929 0.0419
4 0.06857 0.45333 0.01714 0.04571
4 0.09321 0.3619 0.01929 0.0419
4 0.06286 0.32571 0.03429 0.02095
4 0.09964 0.26333 0.01929 0.04476
4 0.1025 0.21952 0.02071 0.04286
4 0.08179 0.24048 0.01929 0.04095
4 0.08036 0.0819 0.03786 0.02476
4 0.12179 0.11048 0.02071 0.04381
4 0.13929 0.11857 0.02 0.04476
4 0.15857 0.12429 0.01857 0.04476
4 0.17429 0.12952 0.01714 0.0419
4 0.1925 0.12714 0.01929 0.04667
4 0.05821 0.36286 0.01929 0.04762
4 0.03893 0.36143 0.01929 0.04476
4 0.04964 0.4519 0.01929 0.04667
4 0.03286 0.45286 0.01857 0.04286
4 0.11143 0.36429 0.02143 0.03905
4 0.07643 0.36524 0.01857 0.04286
4 0.11857 0.27048 0.02143 0.04571
4 0.12214 0.22524 0.01714 0.04095
4 0.08214 0.18333 0.02286 0.04667
4 0.05786 0.05381 0.01857 0.04476
5 0.07464 0.04905 0.02071 0.04667
1 0.07893 0.02095 0.01071 0.01524
4 0.01714 0.32476 0.03429 0.02095
5 0.1425 0.54667 0.04214 0.02476
4 0.05429 0.53905 0.04 0.02286
4 0.86429 0.08333 0.03857 0.02
5 0.95929 0.12333 0.03 0.02
4 0.76393 0.12571 0.03786 0.02095
1 0.73179 0.09857 0.00643 0.01048
1 0.7125 0.10619 0.00786 0.01048
8 0.92679 0.45619 0.03357 0.01905
4 0.86786 0.41762 0.03571 0.0181
4 0.77071 0.46 0.03429 0.01905
4 0.83929 0.50333 0.01714 0.04476
4 0.80536 0.41952 0.03357 0.02
4 0.76357 0.4181 0.03429 0.02095
5 0.70964 0.42476 0.03357 0.01905
4 0.86607 0.45762 0.03357 0.02
4 0.23714 0.93143 0.03857 0.02476
4 0.18286 0.93286 0.04 0.02381
6 0.25321 0.86857 0.045 0.02476
4 0.04893 0.78381 0.03357 0.02095
1 0.08821 0.79714 0.01214 0.00762
1 0.20714 0.81429 0.00857 0.00762
2 0.21321 0.94476 0.00929 0.01143
2 0.10929 0.90048 0.01143 0.01048
2 0.01107 0.81333 0.015 0.00762
1 0.36036 0.72 0.00643 0.00762
1 0.34714 0.61714 0.00571 0.00762
1 0.33786 0.64238 0.00714 0.00857
1 0.33964 0.61524 0.005 0.00952
1 0.26679 0.56333 0.00786 0.00857
1 0.24214 0.49714 0.00714 0.00762
10 0.34536 0.96 0.01214 0.01333
10 0.43714 0.96952 0.01143 0.01524
10 0.33607 0.9081 0.01643 0.01429
2 0.33536 0.90619 0.01214 0.01619
2 0.34393 0.96 0.00786 0.00952
2 0.43786 0.97095 0.00857 0.01238
