5 0.63821 0.76142 0.03357 0.11929
5 0.56071 0.29759 0.02 0.05457
6 0.60893 0.48604 0.03929 0.11675
6 0.61821 0.61802 0.03071 0.13198
1 0.62036 0.34645 0.00643 0.03046
1 0.62643 0.34708 0.00571 0.02411
1 0.60214 0.18464 0.00571 0.01904
1 0.34071 0.36104 0.00714 0.03173
1 0.35643 0.28109 0.00429 0.02411
1 0.37036 0.23096 0.00643 0.0203
1 0.37786 0.2316 0.00714 0.02665
1 0.36357 0.14213 0.00571 0.0203
1 0.39929 0.0698 0.00429 0.0203
1 0.40214 0.06091 0.00429 0.01523
1 0.37571 0.03997 0.00429 0.0165
1 0.24357 0.62754 0.01143 0.03934
1 0.22214 0.81472 0.01143 0.04061
1 0.20536 0.8052 0.01071 0.04442
1 0.19286 0.81345 0.01143 0.03807
1 0.21536 0.81155 0.00929 0.0368
1 0.0925 0.3236 0.00643 0.0203
1 0.13429 0.31726 0.00857 0.03299
1 0.14786 0.28109 0.00429 0.02665
1 0.3575 0.27982 0.00643 0.01142
1 0.1775 0.24429 0.00786 0.0165
1 0.38071 0.01967 0.00571 0.01396
1 0.02321 0.25381 0.00929 0.02284
2 0.00429 0.25 0.00857 0.02284
2 0.01964 0.24619 0.00786 0.01269
11 0.35786 0.28046 0.00857 0.01523
