4 0.41276 0.60648 0.02031 0.07222
4 0.31458 0.56759 0.02292 0.06667
4 0.31641 0.68426 0.02865 0.07778
4 0.27474 0.55139 0.02344 0.06389
4 0.24818 0.59444 0.02552 0.04444
4 0.22526 0.64306 0.0224 0.07315
4 0.28984 0.40139 0.0224 0.04352
4 0.29401 0.36019 0.0276 0.02963
4 0.3375 0.38102 0.01771 0.05093
4 0.34427 0.3213 0.0125 0.04444
4 0.36328 0.28148 0.01198 0.04444
4 0.43073 0.2787 0.01354 0.04259
4 0.34557 0.25926 0.01719 0.0463
4 0.43281 0.22407 0.01458 0.04259
4 0.35443 0.20602 0.01823 0.03981
4 0.36589 0.1713 0.01198 0.03333
4 0.43698 0.1787 0.01354 0.03704
4 0.43724 0.13796 0.01302 0.03333
4 0.41016 0.07593 0.01406 0.03519
4 0.37839 0.08519 0.01823 0.02963
4 0.32188 0.19491 0.02917 0.02685
4 0.2849 0.21111 0.02604 0.02593
4 0.22812 0.33657 0.03229 0.03056
4 0.21901 0.36296 0.0349 0.02778
4 0.18281 0.43426 0.03333 0.03148
4 0.17109 0.49213 0.03906 0.03241
4 0.2349 0.29306 0.03021 0.02685
4 0.24583 0.23472 0.03021 0.025
4 0.25339 0.19676 0.03073 0.025
5 0.25781 0.14074 0.01875 0.03704
4 0.24557 0.21481 0.03281 0.01852
4 0.23151 0.275 0.03073 0.02222
5 0.3276 0.16204 0.02292 0.02593
5 0.33229 0.11111 0.01042 0.02778
4 0.35964 0.06759 0.0099 0.03333
4 0.34219 0.05694 0.02083 0.02315
4 0.33437 0.04676 0.02292 0.02685
4 0.32578 0.03241 0.01719 0.02963
4 0.3138 0.02407 0.01719 0.02593
4 0.29974 0.01528 0.01927 0.025
4 0.28724 0.01204 0.02135 0.02407
4 0.4612 0.12824 0.02865 0.01944
4 0.45937 0.11296 0.02604 0.01852
4 0.46198 0.1 0.02604 0.01852
4 0.46302 0.08426 0.02396 0.01852
4 0.46641 0.05417 0.0276 0.0213
4 0.4651 0.0375 0.02083 0.0213
4 0.46458 0.02685 0.02187 0.01667
4 0.46719 0.01157 0.02187 0.0213
5 0.27057 0.68981 0.02656 0.07778
5 0.14844 0.61389 0.03021 0.06296
1 0.25312 0.10046 0.00417 0.01389
1 0.23802 0.12222 0.00417 0.01852
1 0.24063 0.11713 0.00521 0.01759
1 0.24271 0.11343 0.00521 0.01759
1 0.24974 0.11806 0.00469 0.01389
1 0.25208 0.11713 0.00521 0.01759
1 0.22552 0.225 0.00417 0.01852
2 0.19635 0.2412 0.00417 0.01204
10 0.19479 0.26296 0.00521 0.01852
10 0.16719 0.35046 0.00729 0.0213
10 0.20703 0.41204 0.00781 0.02037
1 0.26771 0.42731 0.00625 0.01574
1 0.15104 0.56806 0.00937 0.01759
1 0.13828 0.56991 0.00885 0.01574
1 0.09479 0.63889 0.00833 0.02037
1 0.09036 0.63472 0.00781 0.0213
1 0.29896 0.57454 0.00521 0.01944
1 0.29141 0.5662 0.00573 0.01944
1 0.31016 0.53657 0.00573 0.02315
1 0.48411 0.31528 0.00677 0.01944
1 0.46771 0.31435 0.00417 0.01759
1 0.45859 0.33935 0.00781 0.0213
1 0.54427 0.3588 0.00729 0.01574
1 0.54375 0.34815 0.00521 0.01852
3 0.60313 0.31389 0.01146 0.01111
3 0.60703 0.30093 0.01198 0.01111
3 0.61068 0.23935 0.01198 0.01204
1 0.72031 0.39769 0.00833 0.01759
1 0.71797 0.3875 0.00677 0.01759
1 0.37786 0.13102 0.00469 0.01759
1 0.35234 0.13611 0.00365 0.01481
1 0.34453 0.13241 0.00365 0.01667
1 0.34896 0.13565 0.00313 0.01204
1 0.3625 0.13148 0.00417 0.01481
3 0.3625 0.13611 0.00417 0.01852
1 0.34193 0.18565 0.00365 0.01759
6 0.3099 0.46019 0.03333 0.09444
1 0.29661 0.47778 0.00573 0.01852
4 0.57786 0.0375 0.02865 0.0213
4 0.58047 0.06389 0.02552 0.01852
4 0.58047 0.08009 0.0276 0.0213
4 0.52656 0.0463 0.01042 0.02593
4 0.52656 0.07593 0.01042 0.03333
4 0.52995 0.11065 0.01094 0.03611
4 0.54688 0.11806 0.01354 0.03611
