4,0.42916666666666664,0.6337962962962963,0.009375,0.008333333333333333
4,0.43515625,0.6300925925925925,0.008854166666666666,0.008333333333333333
4,0.4361979166666667,0.6268518518518519,0.008854166666666666,0.005555555555555556
4,0.44036458333333334,0.6046296296296296,0.0067708333333333336,0.005555555555555556
4,0.4484375,0.6101851851851852,0.007291666666666667,0.007407407407407408
4,0.45703125,0.6046296296296296,0.0067708333333333336,0.005555555555555556
4,0.45729166666666665,0.6106481481481482,0.008333333333333333,0.006481481481481481
0,0.43854166666666666,0.6171296296296296,0.011458333333333333,0.017592592592592594
4,0.39010416666666664,0.6347222222222222,0.008333333333333333,0.006481481481481481
4,0.39817708333333335,0.6324074074074074,0.009895833333333333,0.007407407407407408
4,0.4036458333333333,0.6296296296296297,0.009375,0.007407407407407408
9,0.40338541666666666,0.625,0.013020833333333334,0.011111111111111112
0,0.4083333333333333,0.6129629629629629,0.017708333333333333,0.027777777777777776
4,0.42604166666666665,0.6023148148148149,0.007291666666666667,0.006481481481481481
4,0.030729166666666665,0.6263888888888889,0.011458333333333333,0.008333333333333333
4,0.01796875,0.6087962962962963,0.0078125,0.006481481481481481
4,0.02421875,0.6074074074074074,0.0067708333333333336,0.007407407407407408
4,0.007291666666666667,0.6097222222222223,0.010416666666666666,0.006481481481481481
4,0.029947916666666668,0.6069444444444444,0.0078125,0.006481481481481481
4,0.03411458333333333,0.6060185185185185,0.0067708333333333336,0.006481481481481481
4,0.0375,0.6046296296296296,0.00625,0.007407407407407408
4,0.04192708333333333,0.6041666666666666,0.005729166666666666,0.006481481481481481
4,0.04479166666666667,0.6018518518518519,0.00625,0.007407407407407408
5,0.033854166666666664,0.6212962962962963,0.009375,0.007407407407407408
4,0.037760416666666664,0.6189814814814815,0.0078125,0.006481481481481481
4,0.04244791666666667,0.6157407407407407,0.0078125,0.005555555555555556
5,0.10364583333333334,0.5939814814814814,0.005208333333333333,0.004629629629629629
4,0.09921875,0.5944444444444444,0.0046875,0.005555555555555556
5,0.09010416666666667,0.5967592592592592,0.007291666666666667,0.006481481481481481
5,0.09479166666666666,0.5958333333333333,0.00625,0.006481481481481481
0,0.06692708333333333,0.600925925925926,0.03802083333333333,0.03148148148148148
0,0.1265625,0.5879629629629629,0.03854166666666667,0.014814814814814815
4,0.36484375,0.5851851851851851,0.0046875,0.005555555555555556
4,0.3723958333333333,0.5861111111111111,0.004166666666666667,0.005555555555555556
4,0.36953125,0.5902777777777778,0.0036458333333333334,0.004629629629629629
4,0.37213541666666666,0.5912037037037037,0.0036458333333333334,0.004629629629629629
4,0.37473958333333335,0.5921296296296297,0.0046875,0.004629629629629629
4,0.375,0.586574074074074,0.004166666666666667,0.004629629629629629
4,0.37864583333333335,0.587037037037037,0.004166666666666667,0.005555555555555556
4,0.38046875,0.5930555555555556,0.0036458333333333334,0.004629629629629629
4,0.38984375,0.5898148148148148,0.0046875,0.005555555555555556
4,0.3927083333333333,0.5907407407407408,0.004166666666666667,0.005555555555555556
4,0.39505208333333336,0.5916666666666667,0.0046875,0.005555555555555556
5,0.4005208333333333,0.5925925925925926,0.004166666666666667,0.005555555555555556
4,0.40546875,0.5935185185185186,0.005729166666666666,0.005555555555555556
4,0.4075520833333333,0.5953703703703703,0.005729166666666666,0.003703703703703704
4,0.41171875,0.5967592592592592,0.005729166666666666,0.006481481481481481
5,0.4158854166666667,0.5972222222222222,0.005729166666666666,0.005555555555555556
4,0.4205729166666667,0.5990740740740741,0.005729166666666666,0.005555555555555556
0,0.38958333333333334,0.5981481481481481,0.0125,0.011111111111111112
