1 0.5925 0.83667 0.02214 0.06
2 0.93 0.69143 0.01 0.02095
3 0.93 0.70429 0.01 0.0181
6 0.94429 0.83 0.10429 0.1
5 0.83821 0.68238 0.03929 0.03333
4 0.74214 0.69571 0.03571 0.03143
4 0.67821 0.61095 0.01786 0.01429
4 0.67821 0.57476 0.01071 0.01048
4 0.65393 0.56524 0.00929 0.01048
4 0.64 0.5419 0.00571 0.00571
4 0.62679 0.52571 0.00357 0.00381
4 0.63786 0.53 0.00571 0.00476
4 0.63286 0.52333 0.00286 0.00476
4 0.61679 0.51143 0.00214 0.0019
4 0.65393 0.52381 0.00786 0.00381
4 0.6475 0.52238 0.00643 0.00476
1 0.68143 0.54905 0.00143 0.01048
4 0.67964 0.54571 0.00643 0.00762
1 0.72107 0.57048 0.00357 0.01143
1 0.75321 0.57762 0.00357 0.01048
2 0.75036 0.57429 0.005 0.00952
4 0.36214 0.83143 0.06429 0.0781
5 0.57929 0.75476 0.02857 0.0619
4 0.53964 0.6281 0.01929 0.02381
4 0.56786 0.55905 0.00857 0.00952
4 0.55643 0.55286 0.00857 0.00857
1 0.47679 0.57381 0.00357 0.01238
1 0.52143 0.55 0.00286 0.00857
1 0.53821 0.54524 0.00214 0.00857
4 0.45036 0.57381 0.02071 0.01238
4 0.47036 0.56048 0.00786 0.00857
4 0.49107 0.56667 0.01786 0.00952
4 0.49821 0.56381 0.015 0.00952
4 0.50143 0.56238 0.01571 0.00857
4 0.51429 0.56571 0.01143 0.00952
4 0.51821 0.56238 0.01071 0.00857
4 0.52107 0.55952 0.00929 0.00667
6 0.52571 0.55476 0.00857 0.00857
4 0.53464 0.55381 0.00643 0.00857
4 0.47786 0.55381 0.01 0.00857
4 0.48786 0.55619 0.01 0.00952
4 0.52571 0.54714 0.01429 0.00667
4 0.52571 0.54381 0.01429 0.00762
4 0.54571 0.54524 0.00571 0.00667
4 0.55321 0.53857 0.00786 0.00667
4 0.57679 0.53143 0.005 0.00571
4 0.5825 0.53524 0.005 0.00571
4 0.59857 0.51952 0.00286 0.00476
4 0.5925 0.52095 0.00214 0.00381
4 0.58857 0.5181 0.00286 0.0019
4 0.59357 0.51762 0.00286 0.00286
4 0.59393 0.51524 0.00214 0.0019
4 0.59571 0.51429 0.00286 0.0019
4 0.59893 0.51667 0.00357 0.00286
4 0.59964 0.51333 0.00214 0.0019
4 0.60464 0.51286 0.00214 0.00286
