2 0.711 0.642 0.012 0.02933
5 0.68625 0.57767 0.0895 0.08333
2 0.55975 0.48633 0.0155 0.026
5 0.569 0.45033 0.027 0.04867
10 0.46475 0.53267 0.0145 0.02933
2 0.4645 0.52 0.013 0.036
10 0.48925 0.46467 0.0155 0.028
3 0.48275 0.418 0.0085 0.024
2 0.49125 0.46067 0.0125 0.028
2 0.483 0.41167 0.009 0.02333
1 0.531 0.45267 0.007 0.02667
11 0.52375 0.44467 0.0095 0.02267
2 0.52475 0.447 0.0065 0.01533
1 0.52325 0.43633 0.0085 0.03
1 0.52675 0.406 0.0075 0.032
1 0.49925 0.408 0.0095 0.032
1 0.46225 0.327 0.0055 0.02067
10 0.4405 0.29767 0.007 0.014
2 0.44025 0.29433 0.0065 0.014
10 0.39375 0.28867 0.0065 0.01333
2 0.3935 0.28433 0.006 0.01267
4 0.3835 0.30533 0.015 0.02267
4 0.41525 0.26067 0.0135 0.01467
4 0.4035 0.24467 0.012 0.01333
4 0.40075 0.237 0.0105 0.01
0 0.40225 0.26067 0.0125 0.01733
2 0.39225 0.25133 0.0055 0.012
3 0.3915 0.256 0.006 0.01067
0 0.37625 0.196 0.0645 0.07333
2 0.401 0.676 0.017 0.02667
5 0.36725 0.65633 0.0495 0.10733
2 0.37875 0.52967 0.0125 0.02067
2 0.37975 0.51633 0.0155 0.02467
5 0.34875 0.50667 0.0355 0.076
5 0.357 0.421 0.029 0.05133
5 0.33025 0.388 0.0515 0.04267
5 0.3085 0.36467 0.046 0.03333
4 0.23675 0.373 0.0485 0.026
4 0.28225 0.34267 0.0465 0.02533
6 0.148 0.38267 0.071 0.03467
4 0.17625 0.37633 0.0465 0.02467
4 0.12625 0.35933 0.0515 0.02667
4 0.05475 0.365 0.0505 0.02867
4 0.02175 0.329 0.0235 0.03
4 0.10625 0.31967 0.0345 0.02467
4 0.116 0.30767 0.036 0.02467
4 0.12225 0.299 0.0385 0.022
4 0.086 0.30167 0.026 0.022
4 0.0955 0.29333 0.025 0.01867
5 0.111 0.28667 0.026 0.02267
4 0.1215 0.28367 0.025 0.018
4 0.0655 0.28467 0.023 0.01867
4 0.07975 0.277 0.0225 0.018
1 0.09475 0.27567 0.0065 0.01667
5 0.024 0.30367 0.038 0.02867
4 0.12325 0.27233 0.0265 0.018
5 0.1535 0.27667 0.028 0.02133
4 0.13525 0.271 0.0245 0.018
4 0.14225 0.26533 0.0225 0.01467
4 0.14725 0.26067 0.0235 0.01733
4 0.12225 0.25033 0.0175 0.018
4 0.13725 0.24633 0.0155 0.014
4 0.14975 0.23933 0.0155 0.01333
