10 0.17107 0.78524 0.06071 0.03905
10 0.16857 0.75571 0.05 0.03333
10 0.16893 0.72714 0.04786 0.03143
1 0.22893 0.75905 0.02786 0.04381
1 0.25714 0.79095 0.02571 0.04476
10 0.18179 0.67048 0.05214 0.03619
10 0.0775 0.78857 0.055 0.03619
4 0.68429 0.7119 0.07286 0.16286
4 0.44321 0.53143 0.05214 0.12952
4 0.43679 0.96238 0.06643 0.07524
4 0.26464 0.65286 0.10929 0.15714
7 0.10714 0.63381 0.03429 0.07143
1 0.17786 0.48857 0.02714 0.04381
1 0.18214 0.46381 0.02429 0.04381
11 0.22036 0.41 0.02643 0.03905
11 0.21714 0.43857 0.03143 0.03524
11 0.17964 0.43429 0.03643 0.0419
11 0.18786 0.40619 0.03857 0.03714
4 0.34 0.49286 0.05571 0.1419
4 0.29786 0.22429 0.1 0.05619
4 0.28857 0.27952 0.10714 0.06381
1 0.33643 0.37048 0.01714 0.04571
1 0.3425 0.33952 0.01929 0.04095
1 0.32643 0.33952 0.01429 0.04667
1 0.32393 0.30714 0.01643 0.04476
1 0.3575 0.30905 0.015 0.04286
1 0.365 0.31286 0.01571 0.04095
1 0.35286 0.25333 0.01571 0.04571
1 0.36357 0.2319 0.01571 0.04286
1 0.37286 0.23857 0.01143 0.04286
1 0.38357 0.24476 0.01286 0.04762
1 0.38179 0.22286 0.01214 0.0381
4 0.31143 0.08048 0.08571 0.05238
4 0.3125 0.0519 0.075 0.04667
4 0.31786 0.0281 0.07571 0.04667
4 0.4425 0.0719 0.03929 0.07905
5 0.46643 0.02667 0.03857 0.05333
4 0.58 0.05381 0.03571 0.06
4 0.58 0.11381 0.03714 0.07143
4 0.60143 0.19905 0.04429 0.07429
4 0.61714 0.29 0.04857 0.10381
4 0.63357 0.39857 0.05571 0.11524
3 0.74429 0.56333 0.02571 0.06
10 0.35321 0.85714 0.045 0.08
