1 0.43568 0.46204 0.00573 0.01852
1 0.45182 0.46667 0.00469 0.00926
1 0.46771 0.44907 0.00625 0.01111
1 0.45859 0.43889 0.00469 0.00741
1 0.48542 0.42269 0.00625 0.00833
1 0.49844 0.4625 0.00521 0.00833
1 0.47318 0.38287 0.00469 0.01019
1 0.47734 0.34537 0.00469 0.01111
1 0.47083 0.34306 0.00417 0.01019
1 0.02057 0.52731 0.00573 0.00833
1 0.1013 0.40417 0.00885 0.01389
1 0.06172 0.27731 0.00781 0.01759
1 0.05182 0.24676 0.0099 0.01574
1 0.04401 0.26991 0.0099 0.01389
1 0.03828 0.28148 0.00885 0.01111
1 0.03568 0.27361 0.00885 0.01019
1 0.11979 0.39213 0.00833 0.01759
1 0.14062 0.2125 0.00729 0.01944
1 0.04375 0.16528 0.01146 0.01019
1 0.00521 0.15787 0.00833 0.01389
1 0.06042 0.20185 0.00937 0.01111
1 0.11849 0.27731 0.00781 0.01759
1 0.13542 0.21157 0.00729 0.01759
1 0.12292 0.27083 0.00729 0.01389
0 0.26849 0.72917 0.01302 0.02685
0 0.19479 0.61713 0.02083 0.03426
1 0.22187 0.79537 0.00521 0.00926
1 0.22786 0.84583 0.00469 0.01204
1 0.24531 0.74676 0.00417 0.01019
2 0.21042 0.83843 0.00625 0.01204
1 0.46849 0.66528 0.00677 0.01019
1 0.38047 0.13426 0.0026 0.00556
1 0.3875 0.10139 0.00313 0.00648
