8 0.65234 0.57315 0.05885 0.09074
4 0.57812 0.65324 0.05833 0.06944
4 0.47917 0.49491 0.04792 0.06204
4 0.39505 0.23472 0.0224 0.03241
4 0.20729 0.50602 0.02917 0.08056
4 0.26641 0.37407 0.02969 0.0537
4 0.27292 0.19907 0.01771 0.03704
4 0.33958 0.20602 0.01875 0.03981
4 0.26016 0.12824 0.01406 0.025
4 0.23464 0.11991 0.01615 0.025
4 0.27083 0.06528 0.01458 0.0213
4 0.2763 0.04213 0.01719 0.025
4 0.12734 0.58704 0.03802 0.07407
4 0.02031 0.46898 0.03958 0.05093
6 0.03958 0.39954 0.05937 0.075
6 0.12448 0.31481 0.03021 0.0537
6 0.1099 0.30509 0.03125 0.06019
6 0.09323 0.30046 0.03229 0.06019
6 0.07708 0.30185 0.03438 0.06296
6 0.05677 0.30093 0.03646 0.06852
6 0.03854 0.30278 0.03542 0.07407
6 0.01302 0.29815 0.02604 0.06852
6 0.0151 0.3963 0.03021 0.06296
4 0.19948 0.225 0.02083 0.02407
4 0.07526 0.10463 0.01302 0.01667
4 0.06771 0.08472 0.01354 0.01759
4 0.12552 0.05324 0.00833 0.01389
4 0.11953 0.04259 0.00781 0.01111
4 0.11198 0.02685 0.00937 0.01296
4 0.10781 0.01667 0.00833 0.01111
4 0.37995 0.08009 0.01302 0.01574
10 0.3 0.13796 0.00729 0.02037
4 0.36589 0.01898 0.00677 0.01389
4 0.40495 0.03241 0.01615 0.01296
4 0.3888 0.02361 0.01198 0.01204
4 0.39245 0.01296 0.01302 0.00926
4 0.43255 0.01574 0.01094 0.01296
4 0.44557 0.0213 0.01406 0.01481
4 0.45495 0.01574 0.00885 0.01111
4 0.44271 0.01204 0.00937 0.00926
4 0.43203 0.00602 0.01927 0.01204
4 0.37734 0.05139 0.0151 0.01204
4 0.37995 0.04537 0.01615 0.01481
4 0.38255 0.03472 0.01615 0.01389
4 0.1 0.00648 0.00833 0.01111
10 0.19193 0.01296 0.00677 0.01481
4 0.24297 0.00694 0.01302 0.01389
4 0.18672 0.06759 0.01094 0.01481
4 0.17682 0.04537 0.01198 0.01481
4 0.17604 0.03426 0.01354 0.01667
4 0.15391 0.01343 0.01302 0.01389
1 0.18411 0.15833 0.00781 0.01667
5 0.32318 0.02037 0.01094 0.01852
5 0.30182 0.03657 0.0099 0.01759
1 0.4487 0.06944 0.00573 0.01481
