4 0.1725 0.78571 0.21071 0.1219
4 0.18464 0.6619 0.18786 0.10667
4 0.78286 0.75476 0.12143 0.25048
4 0.24821 0.48429 0.14786 0.08095
4 0.28786 0.42286 0.13429 0.07619
4 0.28 0.36571 0.13714 0.06857
4 0.33643 0.24286 0.09857 0.05905
5 0.36 0.16286 0.08286 0.05524
5 0.22 0.55429 0.18571 0.10857
4 0.58786 0.44571 0.14 0.07429
4 0.58286 0.39143 0.12571 0.07048
5 0.57893 0.33952 0.11214 0.07143
5 0.58 0.2919 0.09429 0.06952
4 0.56357 0.22952 0.1 0.05524
4 0.555 0.17571 0.08857 0.05238
4 0.55857 0.1481 0.08143 0.04095
10 0.42929 0.42 0.01857 0.06095
1 0.53214 0.57143 0.01857 0.05524
1 0.48214 0.42 0.01571 0.05905
1 0.49357 0.4119 0.01571 0.05619
4 0.63 0.14333 0.03429 0.06
4 0.74321 0.10333 0.03929 0.04667
4 0.81714 0.08762 0.04714 0.04381
4 0.85393 0.13333 0.05071 0.04762
5 0.78964 0.04857 0.03643 0.0419
4 0.76679 0.02333 0.03643 0.03333
4 0.61964 0.09667 0.03214 0.04857
4 0.60679 0.05905 0.02786 0.04571
5 0.55321 0.06 0.06214 0.0419
4 0.54893 0.04524 0.06357 0.03333
4 0.54857 0.02857 0.05143 0.03048
4 0.54786 0.0081 0.05286 0.01619
3 0.37393 0.07571 0.02643 0.02381
3 0.46607 0.10143 0.01071 0.02762
2 0.465 0.09095 0.01 0.03524
2 0.83179 0.15905 0.01071 0.0381
2 0.78714 0.09048 0.01 0.03429
3 0.82893 0.16619 0.01357 0.03714
3 0.78571 0.1 0.01 0.02667
3 0.33607 0.19095 0.03643 0.03143
3 0.36464 0.18619 0.03214 0.02952
2 0.31893 0.21143 0.01071 0.04
10 0.31929 0.2119 0.03857 0.02952
5 0.60071 0.50714 0.16143 0.10381
2 0.42929 0.40429 0.01857 0.03905
1 0.98893 0.35476 0.02214 0.05048
5 0.88786 0.17286 0.05571 0.06952
4 0.37321 0.11857 0.07214 0.04476
3 0.62214 0.67143 0.04571 0.05905
4 0.42679 0.01524 0.05786 0.03048
