10 0.26429 0.25825 0.01 0.00888
2 0.26536 0.25698 0.005 0.00888
5 0.425 0.25317 0.03 0.02411
5 0.44643 0.3052 0.02857 0.02157
4 0.49321 0.31536 0.02071 0.01904
4 0.46321 0.33312 0.02929 0.0165
4 0.4175 0.33312 0.02786 0.02157
1 0.34 0.60025 0.00429 0.00761
0 0.3475 0.4981 0.005 0.01142
4 0.01571 0.75063 0.03143 0.02665
4 0.11821 0.77538 0.025 0.0203
4 0.10214 0.72525 0.03 0.02665
4 0.26107 0.81345 0.02357 0.02284
4 0.365 0.84454 0.02429 0.02157
4 0.43964 0.81853 0.02643 0.02792
6 0.20036 0.83693 0.06214 0.04188
5 0.30036 0.78046 0.03071 0.02792
5 0.37179 0.88135 0.02929 0.02919
1 0.29607 0.98668 0.00357 0.01142
1 0.3475 0.96637 0.00214 0.00635
1 0.34893 0.95495 0.005 0.00635
1 0.35393 0.95368 0.00357 0.00635
1 0.34393 0.94797 0.00357 0.00761
6 0.56821 0.21637 0.05071 0.04695
9 0.61107 0.29949 0.03929 0.02792
5 0.59286 0.36104 0.02857 0.02665
5 0.54821 0.35025 0.025 0.01777
6 0.54286 0.31726 0.05 0.03807
4 0.56679 0.28934 0.02643 0.02538
4 0.59214 0.33122 0.02857 0.02538
4 0.50571 0.34518 0.02857 0.02284
5 0.55714 0.97779 0.02 0.03934
9 0.63071 0.93528 0.02857 0.0736
5 0.62286 0.84327 0.01714 0.04695
6 0.68321 0.76206 0.03357 0.07487
4 0.72036 0.94353 0.02643 0.02157
4 0.82357 0.96954 0.03 0.02792
4 0.67536 0.96383 0.02071 0.02157
4 0.75429 0.98414 0.03 0.02919
4 0.78679 0.22589 0.01786 0.03807
4 0.85214 0.17069 0.02143 0.03934
5 0.86571 0.18718 0.02 0.03934
5 0.84286 0.25254 0.02571 0.05076
5 0.88571 0.13515 0.02429 0.04442
5 0.84536 0.12183 0.02357 0.04822
9 0.83036 0.2297 0.03357 0.07107
9 0.87571 0.10406 0.03143 0.06599
6 0.91536 0.01459 0.01643 0.02919
