4 0.53854 0.53796 0.07187 0.05556
4 0.14531 0.52963 0.06458 0.05926
4 0.21927 0.50694 0.07292 0.06019
5 0.24089 0.6963 0.07448 0.08333
4 0.25052 0.8338 0.04167 0.15093
4 0.42057 0.58889 0.07135 0.07963
4 0.41198 0.67824 0.06458 0.10648
4 0.42943 0.76713 0.06406 0.1213
4 0.45104 0.8875 0.06979 0.13426
4 0.41693 0.46481 0.05781 0.07037
4 0.39609 0.43056 0.06094 0.07222
4 0.2513 0.42731 0.02969 0.09722
4 0.25026 0.34074 0.02448 0.07222
4 0.38568 0.33472 0.0526 0.05833
4 0.25208 0.26065 0.02813 0.05648
4 0.25182 0.20046 0.02344 0.04907
4 0.25182 0.14537 0.02344 0.05556
4 0.21979 0.11991 0.02292 0.05648
4 0.64714 0.51528 0.07969 0.06574
4 0.37474 0.30046 0.04948 0.05093
4 0.25182 0.05417 0.03385 0.04722
4 0.34792 0.02222 0.03125 0.02593
4 0.3513 0.04352 0.03802 0.02593
4 0.35365 0.07037 0.04271 0.03704
4 0.35339 0.10231 0.04427 0.03056
5 0.35911 0.13009 0.0474 0.05463
4 0.36615 0.17222 0.05104 0.03889
4 0.37109 0.20185 0.0526 0.03519
4 0.37109 0.2287 0.0474 0.03704
4 0.37578 0.26019 0.05156 0.04444
