4 0.58825 0.91567 0.0795 0.062
5 0.69875 0.84167 0.0365 0.05267
4 0.86475 0.939 0.0825 0.078
1 0.47575 0.88533 0.0075 0.02267
1 0.48475 0.87367 0.0095 0.04067
4 0.54075 0.804 0.0515 0.03867
5 0.43975 0.82967 0.0505 0.03933
5 0.47725 0.775 0.0475 0.04067
5 0.6025 0.74033 0.033 0.03
5 0.579 0.729 0.03 0.04467
3 0.5745 0.67967 0.016 0.01267
5 0.42875 0.753 0.0465 0.03533
4 0.35475 0.77533 0.0415 0.03733
5 0.38875 0.72867 0.0325 0.03733
4 0.42525 0.681 0.0285 0.022
4 0.3215 0.75767 0.037 0.03
5 0.35675 0.71567 0.0365 0.03533
4 0.29 0.73567 0.036 0.02733
4 0.3265 0.70767 0.031 0.02333
4 0.26175 0.72067 0.0315 0.02933
4 0.30175 0.69367 0.0305 0.022
4 0.236 0.705 0.028 0.02467
4 0.275 0.682 0.027 0.02
4 0.216 0.693 0.029 0.02467
4 0.24025 0.66133 0.0255 0.02
5 0.19525 0.678 0.0205 0.02533
5 0.18025 0.67 0.0165 0.02267
5 0.1685 0.664 0.019 0.024
5 0.19675 0.644 0.0215 0.01733
4 0.21675 0.641 0.0155 0.01533
4 0.155 0.657 0.026 0.018
5 0.14175 0.65 0.0215 0.01867
4 0.16375 0.64 0.0185 0.01467
4 0.18425 0.638 0.0195 0.01467
4 0.12925 0.64233 0.0175 0.01533
4 0.1175 0.635 0.016 0.01533
4 0.1315 0.63133 0.018 0.01467
5 0.1705 0.62833 0.017 0.018
4 0.1565 0.62533 0.016 0.012
4 0.118 0.62367 0.013 0.01267
4 0.1345 0.623 0.016 0.01
4 0.1485 0.62133 0.015 0.01333
5 0.1405 0.61667 0.013 0.01333
4 0.1305 0.614 0.015 0.01333
2 0.1 0.61267 0.003 0.00933
10 0.09975 0.615 0.0055 0.01133
4 0.11675 0.60667 0.0155 0.01067
4 0.08825 0.617 0.0155 0.014
1 0.096 0.643 0.006 0.01533
1 0.1015 0.64467 0.006 0.016
1 0.05225 0.65767 0.0045 0.01667
1 0.05675 0.66133 0.0045 0.016
1 0.026 0.66833 0.009 0.018
1 0.02425 0.66333 0.0055 0.01733
7 0.07675 0.652 0.0115 0.01333
6 0.1085 0.601 0.021 0.01533
4 0.068 0.60267 0.012 0.01067
5 0.09275 0.594 0.0145 0.012
4 0.0825 0.59033 0.014 0.01133
4 0.0725 0.58533 0.011 0.00933
4 0.06475 0.581 0.0085 0.00733
4 0.05825 0.57833 0.0075 0.00733
4 0.05525 0.57733 0.0075 0.00667
5 0.05075 0.57467 0.0085 0.008
4 0.04725 0.56933 0.0175 0.00667
4 0.03825 0.568 0.0085 0.008
4 0.027 0.56333 0.007 0.00667
4 0.01225 0.56133 0.0075 0.00533
4 0.01025 0.55567 0.0105 0.006
0 0.038 0.54467 0.027 0.024
5 0.92225 0.68733 0.0295 0.02533
2 0.36375 0.625 0.0045 0.01
1 0.37125 0.63733 0.0045 0.01467
1 0.37425 0.62333 0.0035 0.012
1 0.40125 0.611 0.0035 0.01133
5 0.4155 0.60333 0.019 0.012
4 0.42775 0.60633 0.0195 0.01
1 0.31375 0.595 0.0025 0.01
1 0.459 0.62233 0.003 0.01
1 0.46625 0.63267 0.0035 0.01333
1 0.472 0.632 0.002 0.01067
2 0.3265 0.604 0.003 0.00533
1 0.32325 0.58333 0.0025 0.01067
4 0.29 0.58467 0.015 0.00933
0 0.434 0.57433 0.03 0.02867
1 0.4275 0.59867 0.003 0.00933
1 0.31225 0.589 0.0025 0.00867
0 0.46925 0.71233 0.0815 0.038
