1 0.59473 0.37987 0.00574 0.01577
2 0.64457 0.36642 0.00313 0.00742
2 0.64979 0.39889 0.00522 0.00928
2 0.59838 0.33163 0.00365 0.0102
2 0.59995 0.33071 0.00261 0.00835
7 0.61195 0.33302 0.00574 0.0167
7 0.5989 0.33302 0.00783 0.01855
6 0.58481 0.52783 0.01618 0.04267
4 0.56237 0.44527 0.01305 0.02968
4 0.55193 0.54917 0.03288 0.02412
7 0.56367 0.51716 0.00835 0.02134
10 0.55454 0.52273 0.00783 0.01391
10 0.55454 0.51994 0.00783 0.01206
7 0.54723 0.57096 0.01618 0.01948
10 0.56524 0.59091 0.01775 0.02226
2 0.53706 0.59276 0.00522 0.01113
10 0.54828 0.58905 0.01305 0.01855
8 0.55063 0.55751 0.01983 0.02226
10 0.53027 0.69805 0.00626 0.01763
4 0.5368 0.77226 0.04436 0.03989
2 0.64275 0.86317 0.00783 0.01948
2 0.64327 0.87616 0.00678 0.01577
7 0.64327 0.87291 0.00992 0.0334
6 0.5882 0.32421 0.01253 0.02876
7 0.50992 0.24072 0.01148 0.01577
1 0.60308 0.25464 0.00261 0.01391
2 0.59943 0.2551 0.00365 0.00928
7 0.60151 0.25881 0.00887 0.02041
1 0.5595 0.22263 0.00313 0.01113
2 0.58612 0.16048 0.00209 0.00742
10 0.5869 0.1628 0.00261 0.00649
1 0.59108 0.08442 0.00157 0.00742
4 0.58403 0.07189 0.00522 0.01206
10 0.56942 0.16466 0.00313 0.00649
