5 0.82057 0.54537 0.03698 0.03704
4 0.83828 0.33333 0.03177 0.02593
4 0.78646 0.33009 0.03229 0.02315
4 0.97552 0.34861 0.03438 0.0213
4 0.97161 0.83102 0.05156 0.05278
4 0.80703 0.24769 0.01302 0.01759
4 0.82161 0.24537 0.01615 0.02963
4 0.82318 0.22593 0.01615 0.02407
4 0.79401 0.22731 0.01615 0.02685
4 0.78333 0.20833 0.01146 0.01667
4 0.7974 0.20694 0.0125 0.01944
4 0.78333 0.1838 0.01146 0.025
4 0.77031 0.16528 0.01458 0.01759
4 0.75859 0.14444 0.0099 0.01852
4 0.73229 0.11343 0.00937 0.01574
4 0.8099 0.22269 0.01146 0.0213
4 0.63385 0.325 0.03125 0.02778
10 0.3375 0.84954 0.03125 0.03796
10 0.40052 0.67639 0.02604 0.02685
10 0.39818 0.70648 0.01927 0.02778
10 0.91146 0.27731 0.00521 0.01574
2 0.91146 0.27222 0.00417 0.01296
2 0.74557 0.23657 0.00469 0.00833
10 0.74609 0.23935 0.00573 0.01389
10 0.83828 0.47361 0.01406 0.0213
2 0.83854 0.46944 0.00729 0.01852
