5 0.12917 1.10972 0.06458 0.08981
4 0.26745 0.90231 0.03594 0.05093
4 0.31953 0.82222 0.02865 0.03519
4 0.33125 0.84167 0.025 0.03889
5 0.58906 1.11389 0.10417 0.09074
5 0.57318 1.03009 0.07448 0.06019
4 0.57604 1.00046 0.07812 0.03981
4 0.89766 1.35324 0.13073 0.0713
4 0.85339 1.26065 0.13906 0.09722
4 0.87656 1.20787 0.11771 0.10093
0 0.46589 0.6287 0.03073 0.04444
0 0.53021 0.69907 0.03021 0.08889
11 0.37865 0.77222 0.02813 0.06852
6 0.35417 0.74306 0.01979 0.02685
5 0.36406 0.76667 0.0125 0.02963
11 0.39245 0.73241 0.02552 0.0463
6 0.41484 0.71296 0.01823 0.04444
11 0.42578 0.69815 0.01615 0.03889
6 0.43099 0.68148 0.01302 0.02778
2 0.43854 0.70417 0.00313 0.00833
10 0.43776 0.70833 0.00469 0.01111
5 0.55391 0.66343 0.0151 0.01389
4 0.5513 0.67685 0.0099 0.01111
1 0.55078 0.67778 0.00365 0.01111
4 0.56198 0.69306 0.01667 0.01204
1 0.5875 0.76991 0.00625 0.0213
5 0.53802 0.75602 0.03229 0.02315
4 0.54193 0.77176 0.02865 0.0213
4 0.54219 0.81019 0.03854 0.02407
5 0.53516 0.82037 0.02135 0.04444
4 0.56172 0.92222 0.04219 0.03519
4 0.56146 0.94491 0.05729 0.04537
3 0.62318 0.78241 0.01406 0.01852
4 0.63411 0.80694 0.03177 0.0287
4 0.62578 0.83796 0.0401 0.03148
4 0.7224 1.00648 0.04375 0.06296
4 0.89036 1.13056 0.12135 0.06852
4 0.89818 1.17546 0.12031 0.08796
3 0.94323 1.26991 0.02396 0.0787
