4 0.03325 0.26633 0.0345 0.01667
8 0.065 0.256 0.019 0.01733
1 0.04525 0.364 0.0105 0.02267
1 0.07 0.37067 0.011 0.02533
1 0.12425 0.35 0.0095 0.02267
6 0.14025 0.261 0.0385 0.02067
4 0.15125 0.24967 0.0165 0.014
5 0.139 0.27833 0.028 0.01933
6 0.157 0.27433 0.023 0.018
6 0.16875 0.26933 0.0225 0.016
5 0.1795 0.28067 0.028 0.02267
5 0.15225 0.296 0.0365 0.02933
5 0.1845 0.247 0.027 0.02067
6 0.197 0.27167 0.043 0.03267
4 0.22375 0.268 0.0275 0.01733
4 0.2125 0.25533 0.024 0.01467
6 0.23775 0.256 0.0345 0.02933
6 0.26975 0.26133 0.0385 0.024
6 0.26175 0.24633 0.0355 0.02333
5 0.27675 0.24467 0.0245 0.02
6 0.29125 0.24467 0.0235 0.01867
4 0.3125 0.233 0.02 0.01267
1 0.32225 0.414 0.0085 0.02667
4 0.3505 0.23267 0.031 0.01733
5 0.371 0.22467 0.022 0.01733
2 0.35825 0.263 0.0065 0.01267
2 0.39375 0.24167 0.0055 0.01133
0 0.44125 0.16767 0.0565 0.02467
4 0.44 0.18933 0.008 0.01467
5 0.438 0.20267 0.013 0.02
4 0.45875 0.19067 0.0125 0.012
4 0.458 0.20367 0.011 0.014
4 0.48375 0.19667 0.0195 0.01067
0 0.477 0.183 0.014 0.01133
4 0.4935 0.17767 0.013 0.01
5 0.5075 0.18067 0.018 0.012
1 0.51225 0.18567 0.0035 0.01133
1 0.5155 0.193 0.003 0.01267
1 0.52125 0.18533 0.0035 0.012
1 0.524 0.201 0.004 0.01133
1 0.52675 0.20067 0.0045 0.012
4 0.7195 0.14967 0.01 0.00867
6 0.7355 0.14767 0.021 0.014
5 0.7225 0.16433 0.008 0.01267
4 0.77325 0.15033 0.0105 0.00867
4 0.776 0.15767 0.015 0.01133
6 0.785 0.147 0.015 0.01533
0 0.7925 0.132 0.034 0.01067
4 0.807 0.15233 0.016 0.00867
4 0.815 0.15667 0.012 0.00933
5 0.82825 0.15233 0.0125 0.01
5 0.851 0.13867 0.013 0.00933
4 0.85425 0.143 0.0105 0.00867
4 0.8375 0.15633 0.012 0.00867
4 0.8055 0.16133 0.008 0.01067
4 0.81775 0.15967 0.0075 0.00867
4 0.81775 0.163 0.0075 0.00867
4 0.819 0.168 0.008 0.008
4 0.82 0.17233 0.009 0.01
6 0.82425 0.176 0.0095 0.01467
4 0.82275 0.18533 0.0105 0.012
4 0.832 0.18933 0.022 0.01067
1 0.81675 0.18467 0.0045 0.01067
1 0.81375 0.16967 0.0035 0.01133
1 0.79925 0.16667 0.0025 0.01067
4 0.79125 0.16333 0.0085 0.01067
4 0.791 0.16867 0.008 0.01067
4 0.79125 0.17667 0.0095 0.012
4 0.77975 0.17967 0.0095 0.01133
4 0.779 0.18933 0.009 0.01067
4 0.78475 0.19333 0.0235 0.01467
5 0.791 0.204 0.012 0.02133
4 0.827 0.20433 0.013 0.014
4 0.82875 0.20967 0.0115 0.01267
4 0.8285 0.21733 0.012 0.01467
4 0.832 0.22533 0.014 0.01467
5 0.83375 0.23733 0.0155 0.02533
4 0.838 0.25533 0.016 0.02
4 0.83825 0.26833 0.0175 0.022
5 0.8435 0.27667 0.018 0.02667
6 0.85125 0.309 0.0335 0.034
4 0.85475 0.333 0.0255 0.026
4 0.864 0.37667 0.028 0.036
4 0.8725 0.40267 0.03 0.04
4 0.7895 0.235 0.014 0.01533
2 0.789 0.21867 0.004 0.01067
10 0.789 0.22033 0.013 0.01133
2 0.7755 0.21767 0.005 0.01
3 0.78825 0.245 0.0125 0.01133
6 0.7905 0.26 0.02 0.02533
4 0.78775 0.293 0.0195 0.02867
5 0.81725 0.29033 0.0195 0.03
5 0.828 0.39167 0.028 0.04733
5 0.78575 0.356 0.0225 0.032
4 0.7835 0.43467 0.034 0.04133
4 0.8805 0.43733 0.036 0.04267
4 0.88475 0.47733 0.0405 0.056
5 0.906 0.528 0.047 0.07467
4 0.77575 0.48733 0.0325 0.052
4 0.77425 0.54467 0.0385 0.06933
4 0.771 0.62867 0.05 0.08933
4 0.92025 0.62033 0.0565 0.08067
4 0.77475 0.741 0.0695 0.13133
4 0.9415 0.72733 0.07 0.11333
4 0.76925 0.88967 0.0695 0.16733
1 0.7095 0.57833 0.015 0.04067
2 0.7135 0.533 0.015 0.026
2 0.69575 0.528 0.0135 0.01867
1 0.65225 0.51033 0.0105 0.02333
1 0.5975 0.50633 0.012 0.03133
1 0.569 0.55733 0.014 0.03333
1 0.5635 0.599 0.013 0.03933
1 0.501 0.563 0.01 0.03933
1 0.525 0.539 0.01 0.03267
7 0.64675 0.534 0.0255 0.048
1 0.43575 0.49033 0.0085 0.03
1 0.39725 0.47 0.0105 0.02933
1 0.39075 0.457 0.0085 0.02733
1 0.3805 0.46667 0.01 0.03067
1 0.375 0.45967 0.01 0.03267
