4 0.99393 0.3481 0.01214 0.04857
1 0.95179 0.34333 0.01071 0.0219
4 0.93321 0.38524 0.02786 0.04857
4 0.90143 0.4 0.02429 0.04762
4 0.86571 0.40952 0.02571 0.04381
4 0.83643 0.41857 0.02571 0.04857
8 0.80964 0.42857 0.01643 0.03619
4 0.96214 0.53667 0.03143 0.06952
4 0.86214 0.55333 0.02429 0.06095
4 0.83321 0.56048 0.02643 0.05429
4 0.80786 0.56857 0.02429 0.05143
4 0.77786 0.56857 0.02714 0.05524
3 0.72643 0.65619 0.01143 0.01905
1 0.68357 0.67143 0.01429 0.01905
4 0.64607 0.50333 0.01786 0.03143
4 0.62929 0.50143 0.01429 0.03524
4 0.61643 0.5081 0.01571 0.03333
4 0.60286 0.5181 0.01714 0.03238
4 0.57071 0.53429 0.01571 0.02667
4 0.55357 0.53714 0.01429 0.02667
4 0.54179 0.54714 0.015 0.02762
4 0.53214 0.54905 0.01714 0.02381
4 0.54179 0.62286 0.01786 0.03238
4 0.53143 0.62333 0.01571 0.03333
4 0.51357 0.62952 0.01857 0.03238
4 0.50393 0.63238 0.01643 0.03238
4 0.49179 0.63381 0.01929 0.02952
4 0.39536 0.60714 0.01214 0.0181
1 0.48679 0.55048 0.00643 0.00952
1 0.48964 0.5481 0.00643 0.00857
4 0.48643 0.57476 0.01286 0.02571
1 0.36714 0.62238 0.00429 0.00667
4 0.1525 0.75905 0.00357 0.00571
4 0.14643 0.76095 0.00286 0.00571
4 0.15857 0.72905 0.00286 0.00286
4 0.16179 0.72524 0.00214 0.00286
1 0.17357 0.7219 0.00286 0.00381
4 0.15929 0.72571 0.00286 0.0019
4 0.15357 0.73333 0.00286 0.00381
4 0.15679 0.72905 0.00214 0.00286
4 0.15964 0.72143 0.00214 0.00286
4 0.15607 0.72381 0.00357 0.00381
0 0.135 0.73619 0.02714 0.04
4 0.24 0.73238 0.00571 0.00762
4 0.23464 0.74381 0.00643 0.00762
4 0.23429 0.75762 0.00714 0.00857
4 0.24857 0.76048 0.00714 0.00857
4 0.24857 0.73476 0.00714 0.00857
4 0.2075 0.78238 0.00643 0.00857
4 0.22607 0.78048 0.00643 0.00857
4 0.22179 0.79095 0.00643 0.00857
4 0.21571 0.80905 0.00714 0.00857
4 0.23321 0.79381 0.00929 0.01048
4 0.27643 0.73905 0.00714 0.00952
4 0.22893 0.82619 0.00786 0.01048
4 0.23786 0.82048 0.00857 0.01048
4 0.24571 0.82571 0.00857 0.01143
4 0.24857 0.79952 0.00857 0.01048
4 0.28857 0.75381 0.00857 0.01048
4 0.27536 0.79381 0.01071 0.01429
4 0.26429 0.81 0.01 0.01238
4 0.245 0.84476 0.01143 0.01333
4 0.27143 0.8219 0.01143 0.01333
4 0.29286 0.7981 0.01286 0.01333
4 0.32393 0.75762 0.01071 0.01429
4 0.27179 0.84 0.01071 0.01333
9 0.28214 0.85333 0.01571 0.01905
5 0.36036 0.74667 0.01357 0.01524
4 0.32214 0.81095 0.01429 0.01429
4 0.33857 0.81333 0.01571 0.01714
4 0.32571 0.83 0.01429 0.01619
4 0.30179 0.8581 0.015 0.01905
4 0.32821 0.85238 0.01643 0.01905
4 0.31143 0.87095 0.01429 0.01619
4 0.33036 0.88571 0.01643 0.02286
4 0.35107 0.87095 0.01786 0.0219
4 0.37786 0.8219 0.01857 0.01714
4 0.37536 0.85048 0.01786 0.01905
4 0.36714 0.87524 0.01714 0.02095
4 0.40821 0.83857 0.02214 0.02381
4 0.39179 0.88667 0.025 0.02667
4 0.3675 0.91095 0.02071 0.02381
4 0.3975 0.77 0.015 0.01619
4 0.40964 0.73714 0.015 0.01524
4 0.45893 0.77905 0.02071 0.01905
4 0.55357 0.76952 0.03 0.02667
4 0.41893 0.9081 0.02643 0.02762
4 0.46893 0.85524 0.02643 0.02476
4 0.45857 0.88952 0.02714 0.02857
4 0.46214 0.92762 0.02857 0.03048
4 0.48679 0.95 0.03071 0.03714
4 0.49643 0.90905 0.03 0.03333
1 0.53571 0.95 0.01714 0.01429
1 0.58643 0.97381 0.01571 0.0181
1 0.66357 0.93333 0.01857 0.02667
5 0.64821 0.80667 0.03929 0.03619
4 0.5775 0.90048 0.04214 0.03714
4 0.53214 0.92095 0.03714 0.0381
4 0.56857 0.94476 0.04143 0.0381
4 0.52679 0.9681 0.03643 0.03714
4 0.50643 0.99143 0.04571 0.01714
4 0.5875 0.98714 0.06357 0.02571
4 0.62321 0.96238 0.04786 0.04476
4 0.62714 0.91143 0.04571 0.0381
4 0.71107 0.94857 0.05786 0.04952
4 0.69214 0.98476 0.05571 0.03048
1 0.68036 0.89952 0.01214 0.02
4 0.68786 0.75048 0.04143 0.02857
4 0.83643 0.83238 0.06571 0.04952
4 0.92607 0.78667 0.08643 0.04952
4 0.96393 0.90714 0.07214 0.06
