1 0.75857 0.82048 0.01429 0.05238
2 0.14464 0.76143 0.01357 0.03524
3 0.14536 0.76952 0.02357 0.02857
4 0.65929 0.78381 0.05714 0.05524
4 0.61071 0.7119 0.03143 0.03905
4 0.55929 0.72476 0.03571 0.04381
4 0.52536 0.71429 0.035 0.0419
4 0.57964 0.68762 0.03071 0.0419
5 0.59071 0.65952 0.02286 0.03524
4 0.60607 0.64095 0.02214 0.0419
4 0.62893 0.64952 0.02786 0.04762
4 0.58607 0.63143 0.02357 0.02286
1 0.6125 0.56952 0.00357 0.01143
1 0.60536 0.57286 0.00357 0.01238
1 0.60179 0.57095 0.00357 0.01429
1 0.63036 0.54476 0.00214 0.00762
4 0.63786 0.53667 0.00571 0.00667
4 0.63107 0.53667 0.005 0.00667
