1 0.33516 0.73565 0.00885 0.03056
1 0.34766 0.73241 0.00677 0.02963
10 0.34896 0.63194 0.00937 0.03426
1 0.33776 0.54815 0.00677 0.03148
1 0.32917 0.53935 0.00625 0.02685
1 0.26693 0.58194 0.00885 0.02685
1 0.29661 0.52963 0.00677 0.02963
1 0.30417 0.53333 0.00833 0.03148
1 0.31146 0.53704 0.00625 0.02963
1 0.31693 0.53843 0.00677 0.03056
1 0.35104 0.47917 0.00625 0.02685
1 0.34427 0.47824 0.00625 0.02685
3 0.26667 0.44676 0.00729 0.01944
2 0.26693 0.43704 0.00573 0.01852
1 0.35443 0.45231 0.00781 0.025
1 0.36354 0.45278 0.00521 0.02407
1 0.37057 0.43843 0.00573 0.02315
1 0.3651 0.43333 0.00625 0.02593
1 0.35911 0.43889 0.00573 0.02222
1 0.30026 0.32222 0.00573 0.02037
1 0.23073 0.33102 0.00729 0.02315
1 0.25104 0.23611 0.00417 0.01852
10 0.22812 0.21019 0.00625 0.01111
2 0.22812 0.20648 0.00417 0.01481
10 0.23724 0.19954 0.00573 0.01389
1 0.22031 0.20046 0.00417 0.01389
4 0.21224 0.17685 0.01198 0.01852
2 0.20443 0.16528 0.00365 0.01019
10 0.20599 0.16991 0.00573 0.01204
11 0.15911 0.25787 0.04948 0.05833
1 0.16797 0.20787 0.00469 0.01574
1 0.04583 0.2088 0.00729 0.01574
1 0.06224 0.20324 0.00885 0.0213
1 0.10521 0.1912 0.00729 0.01759
1 0.12474 0.18472 0.00573 0.01759
1 0.12917 0.18194 0.00521 0.01574
1 0.13073 0.18102 0.00521 0.01944
1 0.13672 0.17778 0.00573 0.01667
1 0.14036 0.17824 0.00469 0.01759
1 0.14193 0.1787 0.00573 0.01852
1 0.14531 0.17963 0.00729 0.01852
1 0.15833 0.17037 0.00521 0.01481
1 0.16172 0.17083 0.00677 0.01759
1 0.1638 0.17083 0.00573 0.01759
1 0.16797 0.1662 0.00469 0.01574
1 0.17083 0.16528 0.00521 0.01759
1 0.17318 0.13935 0.00365 0.01574
1 0.16328 0.12731 0.00469 0.01389
1 0.16615 0.12222 0.00417 0.01296
1 0.16849 0.11944 0.00365 0.01296
1 0.17318 0.10972 0.00365 0.01389
1 0.17578 0.11204 0.0026 0.01481
1 0.17526 0.12037 0.00365 0.01481
4 0.17188 0.08241 0.00937 0.01481
1 0.16771 0.09352 0.00417 0.01296
1 0.16953 0.09352 0.00365 0.01296
1 0.17161 0.09537 0.00469 0.01481
1 0.17396 0.09722 0.00417 0.01481
1 0.18281 0.09306 0.00417 0.01389
1 0.18255 0.0838 0.00365 0.01389
1 0.17969 0.07176 0.00313 0.01204
1 0.15469 0.05139 0.00208 0.01204
1 0.15234 0.04954 0.0026 0.01204
1 0.31016 0.07824 0.0026 0.01204
0 0.30677 0.07546 0.00417 0.01389
1 0.33255 0.07454 0.0026 0.01204
1 0.32943 0.06713 0.0026 0.01204
1 0.35677 0.05926 0.00313 0.01111
