4 0.05026 0.78704 0.10052 0.0963
4 0.04089 0.74398 0.08177 0.0713
4 0.20938 0.86389 0.12083 0.09815
4 0.46771 0.69259 0.08333 0.06852
4 0.4901 0.65046 0.07604 0.05278
4 0.50677 0.59954 0.06146 0.04167
4 0.52969 0.54259 0.05312 0.03333
4 0.5375 0.52361 0.04479 0.0287
4 0.53932 0.50417 0.04219 0.025
4 0.54557 0.48287 0.03594 0.0213
4 0.5513 0.46991 0.03385 0.0213
4 0.5612 0.45046 0.01406 0.02315
5 0.59349 0.43009 0.01302 0.02315
4 0.56875 0.41852 0.01771 0.01296
0 0.56901 0.37593 0.05469 0.02407
0 0.61016 0.3963 0.0276 0.02778
0 0.62422 0.42454 0.02969 0.025
4 0.62604 0.44352 0.02813 0.01481
0 0.57578 0.39861 0.0224 0.01759
4 0.63021 0.46759 0.03646 0.02222
4 0.63411 0.48657 0.03698 0.02315
4 0.63802 0.50324 0.04375 0.01944
4 0.63984 0.51435 0.0474 0.03241
4 0.64844 0.55972 0.05417 0.0287
4 0.65286 0.57269 0.06094 0.04167
1 0.64427 0.54074 0.00521 0.01296
1 0.64661 0.58889 0.00573 0.01296
4 0.65104 0.61481 0.07396 0.04259
4 0.66667 0.65093 0.07604 0.05
10 0.68099 0.49352 0.01615 0.02037
4 0.68437 0.72269 0.09583 0.06574
0 0.40859 0.41389 0.0276 0.02778
4 0.85026 0.82454 0.08281 0.09907
4 0.6349 0.40231 0.01146 0.01204
4 0.93177 0.88009 0.08958 0.1213
0 0.46615 0.36204 0.12812 0.07407
