4 0.38464 0.9781 0.01929 0.03619
4 0.39036 0.87714 0.015 0.02476
4 0.4125 0.7681 0.01071 0.01429
4 0.39643 0.7619 0.01 0.01524
4 0.40214 0.72714 0.01 0.01238
4 0.36464 0.71571 0.00786 0.01238
4 0.40143 0.68571 0.01 0.00952
4 0.41107 0.6881 0.00929 0.01238
4 0.41286 0.67238 0.00857 0.01143
4 0.3775 0.65524 0.00786 0.00952
4 0.34643 0.64524 0.01 0.01048
4 0.38536 0.61619 0.00643 0.00762
4 0.40964 0.62238 0.00643 0.00857
4 0.40429 0.60762 0.00714 0.00571
0 0.39536 0.55952 0.035 0.06381
4 0.61 0.72333 0.01286 0.01619
4 0.62036 0.72095 0.01214 0.01524
4 0.64143 0.71952 0.01143 0.01429
4 0.62643 0.7381 0.01286 0.01333
4 0.63429 0.74667 0.01571 0.01524
4 0.64786 0.74762 0.01429 0.01714
4 0.66179 0.74714 0.01643 0.01429
4 0.495 0.68143 0.01571 0.00857
4 0.50179 0.69238 0.015 0.00762
4 0.67786 0.77429 0.02429 0.01333
4 0.66464 0.76619 0.02214 0.01048
4 0.67821 0.78143 0.025 0.01048
4 0.68143 0.78857 0.02429 0.01143
4 0.69 0.79714 0.02571 0.01524
4 0.67857 0.8081 0.02143 0.02
4 0.69714 0.8319 0.02143 0.02
4 0.72143 0.82762 0.02857 0.02286
4 0.70786 0.84 0.02143 0.01905
4 0.72429 0.8619 0.02143 0.02286
4 0.76929 0.89571 0.03143 0.0181
4 0.78464 0.9119 0.035 0.0219
4 0.80036 0.92667 0.03643 0.01905
4 0.8075 0.94524 0.03643 0.0181
4 0.79679 0.96286 0.035 0.03619
4 0.83 0.9619 0.04 0.02857
4 0.84893 0.98048 0.04643 0.02571
4 0.87107 0.99476 0.03929 0.01048
4 0.7 0.76333 0.02143 0.01619
4 0.70893 0.76762 0.02357 0.01524
4 0.71893 0.77571 0.02214 0.01619
4 0.72321 0.78667 0.01643 0.01714
4 0.73429 0.79429 0.01571 0.01714
4 0.745 0.80286 0.01857 0.01524
4 0.75571 0.81333 0.01857 0.01714
4 0.76643 0.82286 0.01857 0.01714
4 0.78036 0.83429 0.01786 0.01524
4 0.79214 0.84619 0.02 0.0181
4 0.80464 0.85619 0.02214 0.01905
4 0.82 0.87286 0.02429 0.02
4 0.84536 0.89 0.03643 0.02
4 0.85786 0.90429 0.03429 0.0219
4 0.87679 0.9181 0.03071 0.01714
4 0.895 0.93619 0.03571 0.01524
4 0.91036 0.95143 0.03929 0.02667
4 0.93643 0.96667 0.04571 0.02476
4 0.95357 0.9881 0.03857 0.02
6 0.08821 0.9819 0.03929 0.03619
0 0.68 0.64905 0.05 0.02762
4 0.5075 0.72714 0.01929 0.01048
0 0.51321 0.74 0.01786 0.01714
