1 0.24193 0.71574 0.00781 0.02593
1 0.20182 0.61806 0.00781 0.02685
1 0.19193 0.61204 0.00781 0.02222
1 0.29115 0.40093 0.00521 0.02407
1 0.28542 0.39676 0.00417 0.02315
1 0.28151 0.39537 0.00469 0.02407
1 0.29583 0.36574 0.00521 0.02222
1 0.30938 0.34213 0.00417 0.0213
1 0.3263 0.33935 0.00469 0.0213
1 0.34818 0.30324 0.00365 0.01574
1 0.34271 0.29722 0.00417 0.02037
1 0.33125 0.29537 0.00417 0.02037
1 0.33437 0.29398 0.00521 0.0213
1 0.33177 0.28935 0.00521 0.02315
1 0.3513 0.26204 0.00469 0.02037
1 0.34792 0.25509 0.00417 0.01944
1 0.34661 0.2463 0.00469 0.02222
1 0.34323 0.24491 0.00417 0.01944
1 0.36745 0.23704 0.00365 0.01296
1 0.38802 0.20139 0.00313 0.01389
1 0.38906 0.18796 0.00313 0.01667
1 0.4026 0.17037 0.00313 0.01111
1 0.40156 0.16111 0.00313 0.01481
9 0.31484 0.52222 0.04323 0.10556
6 0.34766 0.42361 0.02865 0.06389
9 0.38099 0.38796 0.04115 0.13148
4 0.39036 0.30741 0.01927 0.02963
9 0.41406 0.20463 0.02292 0.07407
9 0.50052 0.23241 0.02917 0.08519
9 0.5138 0.15787 0.02031 0.06759
4 0.46875 0.12361 0.00937 0.01759
4 0.47187 0.08935 0.00833 0.01389
9 0.44818 0.0912 0.01615 0.04907
4 0.51875 0.10694 0.00833 0.01759
6 0.51927 0.08843 0.01042 0.025
6 0.51354 0.0338 0.00729 0.01759
4 0.47734 0.03333 0.00677 0.01111
4 0.48099 0.02315 0.00573 0.01111
4 0.48229 0.01574 0.00625 0.00926
9 0.48333 0.00741 0.00729 0.01481
9 0.49219 0.00741 0.00729 0.01481
0 0.51406 0.00556 0.02813 0.01111
1 0.63411 0.22778 0.00469 0.01481
1 0.64271 0.22685 0.00521 0.02037
1 0.64271 0.19583 0.00417 0.01759
1 0.61146 0.15694 0.00417 0.01759
