6 0.49 0.86381 0.04571 0.15238
6 0.46857 0.57476 0.05286 0.12476
6 0.51857 0.47429 0.05571 0.22286
6 0.52821 0.26381 0.045 0.18667
6 0.53429 0.14095 0.03286 0.08762
6 0.53893 0.02905 0.03071 0.0581
6 0.49929 0.11095 0.03429 0.08667
1 0.50786 0.15476 0.01 0.02762
2 0.49964 0.14048 0.00786 0.03143
7 0.49786 0.22571 0.01857 0.04762
7 0.49821 0.31667 0.02643 0.05619
1 0.49429 0.33286 0.01143 0.02762
4 0.3575 0.69619 0.03929 0.09905
4 0.32321 0.57048 0.04643 0.09143
2 0.30857 0.57095 0.01429 0.02762
4 0.29857 0.48619 0.03857 0.07714
7 0.26536 0.67857 0.025 0.05048
4 0.05321 0.44619 0.05357 0.08667
5 0.025 0.42524 0.05 0.07905
4 0.02643 0.3119 0.05286 0.03714
5 0.33821 0.22476 0.02786 0.06286
1 0.23321 0.35714 0.01357 0.02286
1 0.21571 0.44476 0.01286 0.02095
1 0.30179 0.15333 0.01214 0.02476
2 0.29929 0.01429 0.01 0.01905
10 0.16643 0.68143 0.02571 0.03143
10 0.14857 0.8119 0.03429 0.0219
1 0.48214 0.50571 0.01143 0.01905
1 0.485 0.49238 0.00714 0.02286
1 0.48429 0.48048 0.00857 0.02381
1 0.48429 0.47095 0.00714 0.02381
