4 0.73 0.92893 0.1 0.13959
4 0.86643 0.95368 0.09714 0.0901
4 0.12214 0.46891 0.04143 0.08756
5 0.07286 0.17132 0.02429 0.06091
5 0.05714 0.24873 0.02714 0.07107
5 0.0175 0.11802 0.02071 0.05838
4 0.01393 0.04822 0.01643 0.04569
4 0.08286 0.1269 0.02857 0.04822
5 0.77571 0.48668 0.08571 0.1434
4 0.56214 0.25317 0.05143 0.0901
4 0.46179 0.2316 0.04214 0.0698
4 0.42107 0.03871 0.035 0.05203
6 0.88393 0.50952 0.10357 0.17893
6 0.46929 0.04251 0.06429 0.08503
2 0.96536 0.5203 0.01071 0.02284
2 0.95679 0.51079 0.00786 0.01904
1 0.94571 0.48033 0.01 0.03173
1 0.95536 0.47843 0.01071 0.03553
1 0.91536 0.45241 0.01071 0.02665
1 0.90929 0.42957 0.01 0.02919
1 0.91393 0.43211 0.00786 0.02665
1 0.89857 0.41307 0.00714 0.02157
2 0.875 0.4118 0.00857 0.02411
2 0.80107 0.32551 0.00929 0.02157
2 0.79607 0.31853 0.00786 0.02284
1 0.74107 0.23858 0.00643 0.02792
1 0.64679 0.09581 0.00643 0.02411
1 0.64107 0.09391 0.005 0.02792
2 0.63536 0.09962 0.005 0.01396
1 0.61607 0.09581 0.005 0.02411
1 0.57143 0.01777 0.01286 0.02792
1 0.56464 0.01015 0.005 0.0203
1 0.52964 0.01904 0.005 0.0203
1 0.53714 0.01777 0.00429 0.02284
1 0.5425 0.0184 0.005 0.02411
1 0.54893 0.01523 0.005 0.02538
5 0.29 0.05393 0.05571 0.10279
