4 0.66821 0.9781 0.035 0.02095
4 0.72214 0.97524 0.02286 0.04571
4 0.745 0.98143 0.02429 0.03714
4 0.76393 0.9819 0.02071 0.03619
4 0.78214 0.98524 0.02143 0.02952
4 0.58821 0.77524 0.01214 0.0419
4 0.59071 0.82619 0.01571 0.04476
4 0.63321 0.87429 0.01214 0.03429
4 0.63143 0.82714 0.01571 0.03714
4 0.62929 0.77333 0.01714 0.0381
4 0.62714 0.72619 0.02143 0.04095
4 0.62464 0.67571 0.01786 0.04286
4 0.61857 0.63333 0.01429 0.0381
4 0.51286 0.66429 0.02857 0.0181
4 0.61857 0.58905 0.01714 0.03905
4 0.61321 0.54619 0.01357 0.03333
4 0.61143 0.50667 0.01429 0.03429
4 0.57143 0.44571 0.01 0.02857
4 0.57321 0.48429 0.01071 0.03333
4 0.57357 0.52619 0.01143 0.03333
4 0.57607 0.57143 0.01071 0.03238
4 0.53821 0.5981 0.02643 0.01714
4 0.53821 0.56238 0.025 0.01619
4 0.53714 0.54524 0.02429 0.01429
4 0.53786 0.52667 0.02429 0.01714
4 0.53357 0.46238 0.02429 0.01619
4 0.53429 0.44714 0.02429 0.01619
4 0.53286 0.43 0.02571 0.01429
4 0.53214 0.40238 0.02571 0.01619
4 0.53286 0.38667 0.02429 0.01333
2 0.5625 0.2181 0.00357 0.00571
10 0.56286 0.22 0.00714 0.00952
1 0.58179 0.10238 0.00214 0.00667
4 0.60929 0.1081 0.00857 0.01238
4 0.60214 0.04952 0.00857 0.02095
4 0.61214 0.04762 0.01 0.02095
4 0.62393 0.04524 0.01071 0.02
4 0.6375 0.06571 0.01214 0.02286
4 0.62643 0.06667 0.01 0.02286
4 0.61536 0.0681 0.01071 0.02
4 0.59821 0.00857 0.01071 0.01714
4 0.61786 0.00762 0.01143 0.01524
10 0.58321 0.01476 0.00929 0.00667
3 0.59107 0.07714 0.00929 0.00762
3 0.57893 0.0519 0.00357 0.01048
10 0.63107 0.0319 0.00786 0.00857
10 0.53179 0.79 0.005 0.01619
10 0.99357 0.14143 0.01286 0.01429
6 0.97429 0.14238 0.02714 0.01429
4 0.925 0.14952 0.02429 0.01333
4 0.87179 0.16714 0.02357 0.01429
4 0.88893 0.02238 0.02214 0.01429
4 0.9 0.07333 0.02286 0.01333
4 0.90357 0.08333 0.02286 0.01429
4 0.87179 0.09905 0.01786 0.01143
4 0.86786 0.08762 0.01857 0.01143
4 0.86464 0.0781 0.01929 0.00952
5 0.04179 0.2019 0.01929 0.01333
4 0.06429 0.20143 0.02286 0.01429
4 0.06929 0.22286 0.02429 0.01333
4 0.09357 0.20048 0.02286 0.01238
4 0.11786 0.19905 0.02143 0.01524
6 0.14393 0.19571 0.02786 0.0181
5 0.17679 0.19476 0.01786 0.01429
4 0.19821 0.21095 0.02214 0.01429
4 0.35464 0.13143 0.00929 0.02095
4 0.32964 0.13 0.00929 0.02
4 0.31821 0.13143 0.00929 0.02095
4 0.26643 0.13762 0.01 0.0219
4 0.25393 0.13762 0.00929 0.02
4 0.24036 0.14048 0.01071 0.02
4 0.22857 0.14143 0.01 0.02
4 0.21571 0.09429 0.01 0.02476
4 0.22964 0.07476 0.01071 0.0219
4 0.23679 0.09286 0.01071 0.02381
4 0.25071 0.07667 0.01143 0.0219
4 0.29286 0.07238 0.00857 0.02286
4 0.30643 0.07238 0.00857 0.02095
4 0.31786 0.0719 0.01 0.0219
4 0.33036 0.07143 0.01071 0.02095
4 0.33107 0.09429 0.00929 0.02286
4 0.24857 0.01619 0.01 0.01714
4 0.25821 0.01524 0.01071 0.01905
4 0.27786 0.01429 0.01 0.01905
4 0.2875 0.01286 0.00786 0.01619
5 0.30786 0.01286 0.01 0.02381
4 0.245 0.03429 0.01 0.01905
4 0.25607 0.03429 0.00786 0.02095
4 0.26571 0.03238 0.01 0.02095
4 0.27571 0.03286 0.01 0.02381
4 0.28607 0.0319 0.00929 0.0219
4 0.29571 0.03333 0.00857 0.02286
4 0.31536 0.03095 0.00929 0.0219
4 0.3275 0.01333 0.00929 0.02095
4 0.33714 0.01238 0.00857 0.02095
4 0.34786 0.01143 0.00857 0.01905
4 0.3575 0.01095 0.00929 0.02
4 0.36714 0.01095 0.00857 0.0219
4 0.355 0.06905 0.00857 0.0219
4 0.37357 0.06524 0.01 0.0219
4 0.37393 0.08667 0.01071 0.02095
4 0.20643 0.23143 0.02143 0.01524
10 0.23179 0.28524 0.005 0.01048
10 0.2375 0.28524 0.00357 0.00857
4 0.46536 0.19 0.02071 0.01238
10 0.48071 0.37524 0.00286 0.01143
3 0.51179 0.36667 0.00643 0.00381
10 0.51214 0.35905 0.00286 0.00762
10 0.50821 0.35952 0.00357 0.00667
1 0.48464 0.54238 0.00357 0.00857
1 0.47607 0.58048 0.00214 0.00476
