0 0.38776 0.08333 0.0224 0.05741
4 0.38203 0.1213 0.00365 0.00741
4 0.37135 0.15 0.00313 0.00556
4 0.37474 0.1662 0.0026 0.00463
6 0.36745 0.16296 0.00573 0.01852
11 0.36094 0.18333 0.00729 0.01667
4 0.36198 0.21528 0.00417 0.00648
6 0.32917 0.33796 0.00937 0.02037
6 0.33698 0.36806 0.00937 0.02685
5 0.34193 0.27963 0.00573 0.01296
4 0.35052 0.26065 0.00521 0.00833
9 0.35911 0.225 0.00781 0.02037
4 0.29141 0.77083 0.01927 0.05278
4 0.30755 0.47037 0.00885 0.02407
11 0.31693 0.16481 0.01823 0.01111
11 0.34609 0.10231 0.01198 0.00833
6 0.31354 0.13472 0.00417 0.01204
1 0.15885 0.89167 0.00729 0.02222
1 0.16432 0.88704 0.00885 0.02037
