4 0.46172 0.50833 0.0401 0.06667
4 0.41875 0.43287 0.03438 0.05833
4 0.3901 0.36898 0.02917 0.05093
4 0.36589 0.3162 0.0276 0.04722
4 0.28698 0.2787 0.02187 0.03704
4 0.35495 0.46713 0.02969 0.05833
5 0.33698 0.31481 0.02708 0.05556
5 0.46432 0.58148 0.0401 0.07407
5 0.49896 0.58611 0.03438 0.06296
1 0.52448 0.69769 0.00937 0.025
1 0.38203 0.27407 0.00469 0.02222
1 0.30469 0.16713 0.00417 0.01389
1 0.29245 0.14907 0.00469 0.01481
1 0.27161 0.11759 0.00573 0.01296
1 0.48464 0.46806 0.00469 0.025
1 0.50443 0.50926 0.00677 0.02222
1 0.51068 0.50602 0.00677 0.0213
1 0.65391 0.7 0.00781 0.01667
1 0.65286 0.69074 0.01094 0.01296
1 0.65807 0.71296 0.0099 0.02222
1 0.68047 0.70741 0.00677 0.02222
1 0.30339 0.5213 0.00677 0.02222
1 0.30807 0.61574 0.00781 0.01296
1 0.34766 0.21667 0.00573 0.01852
