4 0.43821 0.85238 0.05357 0.16952
4 0.56464 0.56429 0.03929 0.09429
4 0.6675 0.38571 0.04786 0.0781
4 0.44893 0.5419 0.04214 0.1219
4 0.45964 0.4381 0.03214 0.08952
4 0.45964 0.35238 0.03214 0.08
4 0.53179 0.30238 0.02929 0.07333
4 0.75893 0.49381 0.05929 0.09619
4 0.60036 0.08286 0.02643 0.03429
4 0.89357 0.54952 0.07 0.10476
4 0.85929 0.45619 0.06429 0.08571
4 0.8125 0.3681 0.055 0.07143
4 0.7725 0.29714 0.04643 0.05905
4 0.20179 0.82619 0.085 0.16857
4 0.27536 0.51667 0.05071 0.1019
4 0.31821 0.32952 0.04357 0.0819
4 0.34821 0.21333 0.03071 0.05905
4 0.36214 0.16381 0.02429 0.0419
4 0.39571 0.02429 0.02714 0.02952
4 0.49107 0.04238 0.01786 0.03333
4 0.66571 0.04857 0.02571 0.03048
4 0.68214 0.07952 0.02429 0.03143
4 0.69429 0.10762 0.02429 0.03238
4 0.72893 0.18286 0.03214 0.04952
4 0.33714 0.26905 0.03429 0.0619
4 0.36929 0.12952 0.02143 0.0381
4 0.37821 0.10095 0.025 0.04381
4 0.38429 0.06714 0.02286 0.04095
4 0.46643 0.22762 0.02857 0.05524
4 0.47 0.18143 0.02571 0.04857
4 0.47 0.13857 0.02286 0.04476
4 0.47143 0.10238 0.02143 0.03905
4 0.47071 0.02429 0.01714 0.03714
5 0.455 0.67571 0.04429 0.12476
5 0.24429 0.65238 0.06429 0.13905
5 0.29929 0.41 0.04429 0.09048
4 0.36357 0.77048 0.08429 0.14286
4 0.40643 0.3681 0.04 0.08095
4 0.42036 0.24381 0.04786 0.05905
4 0.42429 0.20619 0.04143 0.05048
4 0.43357 0.13524 0.04143 0.04381
4 0.43964 0.09048 0.03357 0.03619
4 0.44143 0.06286 0.03286 0.03238
4 0.91857 0.4181 0.09143 0.06095
4 0.88107 0.35476 0.06214 0.06762
4 0.86571 0.31238 0.05429 0.06476
4 0.83429 0.27286 0.06143 0.06381
4 0.80571 0.23476 0.05 0.0581
4 0.78571 0.19333 0.04286 0.04952
4 0.76607 0.15714 0.03786 0.04952
4 0.7575 0.1319 0.05071 0.03714
4 0.75357 0.11 0.04429 0.03714
4 0.72964 0.1 0.03786 0.02667
4 0.72 0.07571 0.04143 0.02381
4 0.71714 0.06095 0.04429 0.02476
4 0.70857 0.04048 0.04286 0.02571
4 0.76321 0.04905 0.025 0.03333
4 0.68357 0.01762 0.02143 0.02952
4 0.65821 0.02429 0.02071 0.02381
4 0.70821 0.01571 0.02214 0.02571
4 0.84714 0.09048 0.05429 0.02857
4 0.85714 0.10476 0.05286 0.03619
4 0.82107 0.03905 0.04929 0.02667
4 0.78357 0.01571 0.03857 0.02381
4 0.71536 0.14143 0.03214 0.03524
5 0.74821 0.23476 0.03929 0.05429
5 0.73857 0.08238 0.04286 0.03143
4 0.95964 0.70238 0.08071 0.15333
4 0.81107 0.94524 0.08929 0.10952
5 0.61571 0.01429 0.01857 0.02857
4 0.95714 0.47762 0.08571 0.06952
4 0.955 0.52619 0.09 0.08095
1 0.88 0.23714 0.01286 0.03429
6 0.31536 0.04238 0.03071 0.0619
