1 0.35391 0.6088 0.01302 0.05833
1 0.45208 0.64491 0.01771 0.06389
1 0.40781 0.71296 0.0125 0.06296
1 0.39557 0.68241 0.01198 0.06296
1 0.43698 0.91481 0.02083 0.08148
4 0.52109 0.91806 0.13698 0.10833
4 0.22656 0.87083 0.06146 0.20278
4 0.29375 0.74491 0.04792 0.14167
4 0.15104 0.56574 0.04375 0.10741
4 0.05182 0.725 0.1026 0.09444
4 0.05495 0.65509 0.10885 0.0713
4 0.38646 0.59259 0.04167 0.07963
4 0.24089 0.58056 0.03802 0.10185
4 0.29271 0.53889 0.03333 0.07222
4 0.24714 0.50417 0.03385 0.06944
4 0.2862 0.48333 0.03281 0.0537
4 0.28854 0.43426 0.02708 0.04815
4 0.28437 0.38472 0.01771 0.03796
4 0.24661 0.44907 0.0276 0.05185
4 0.25312 0.40833 0.02396 0.05185
4 0.35052 0.42917 0.03021 0.04907
5 0.34427 0.38611 0.02396 0.0463
4 0.19766 0.39954 0.02865 0.05093
4 0.20807 0.3588 0.02344 0.04722
4 0.18047 0.45185 0.04115 0.07222
4 0.3362 0.35787 0.0224 0.03611
4 0.33047 0.33611 0.01719 0.02407
4 0.32448 0.31806 0.01875 0.03241
4 0.28411 0.3537 0.01719 0.02963
4 0.28385 0.33009 0.02083 0.03241
4 0.25599 0.3625 0.0224 0.05278
4 0.25859 0.31944 0.01823 0.03889
4 0.18385 0.3375 0.03438 0.03056
4 0.19089 0.3213 0.03177 0.03519
4 0.20755 0.28565 0.03594 0.0287
4 0.21563 0.26713 0.02917 0.02315
4 0.23229 0.25694 0.0125 0.01944
4 0.25938 0.29167 0.01667 0.02407
4 0.28281 0.29769 0.01458 0.025
4 0.31979 0.28102 0.01771 0.0287
4 0.27891 0.28333 0.01615 0.02222
4 0.27813 0.26806 0.01354 0.0213
4 0.27734 0.25556 0.01198 0.02037
4 0.27813 0.2375 0.01146 0.01759
4 0.25911 0.26991 0.0151 0.02685
4 0.26302 0.24954 0.01354 0.0287
4 0.26224 0.22269 0.01094 0.01944
4 0.27734 0.22546 0.01302 0.01944
4 0.26354 0.20741 0.00937 0.01667
0 0.27344 0.19259 0.01562 0.03704
4 0.33333 0.26528 0.03021 0.02685
4 0.33229 0.25972 0.03229 0.02315
4 0.30807 0.24074 0.01302 0.02037
4 0.325 0.24769 0.025 0.01759
0 0.23932 0.21806 0.01094 0.04907
0 0.30495 0.20417 0.01615 0.04352
0 0.28021 0.14259 0.0375 0.06111
