4,0.38697916666666665,0.5671296296296297,0.06041666666666667,0.08796296296296297
4,0.5161458333333333,0.4810185185185185,0.04895833333333333,0.0824074074074074
4,0.696875,0.4023148148148148,0.04583333333333333,0.05648148148148148
4,0.4895833333333333,0.8597222222222223,0.08229166666666667,0.11018518518518519
4,0.6989583333333333,0.9337962962962963,0.05520833333333333,0.06944444444444445
4,0.51796875,0.9296296296296296,0.10364583333333334,0.07777777777777778
5,0.4244791666666667,0.5212962962962963,0.04375,0.0962962962962963
4,0.49166666666666664,0.4981481481481482,0.04791666666666667,0.08148148148148149
4,0.6252604166666667,0.7935185185185185,0.08489583333333334,0.1388888888888889
4,0.6473958333333333,0.7263888888888889,0.07604166666666666,0.13240740740740742
6,0.6682291666666667,0.5402777777777777,0.07708333333333334,0.09537037037037037
1,0.7223958333333333,0.5277777777777778,0.009375,0.02962962962962963
1,0.5932291666666667,0.4351851851851852,0.009375,0.037037037037037035
2,0.6020833333333333,0.5560185185185185,0.009375,0.023148148148148147
4,0.5518229166666667,0.475,0.0453125,0.08333333333333333
4,0.43463541666666666,0.274537037037037,0.04114583333333333,0.03425925925925926
4,0.12239583333333333,0.35648148148148145,0.053125,0.03888888888888889
4,0.048177083333333336,0.29074074074074074,0.050520833333333334,0.04814814814814815
4,0.1015625,0.15185185185185185,0.026041666666666668,0.03148148148148148
4,0.03854166666666667,0.12037037037037036,0.017708333333333333,0.025925925925925925
1,0.08255208333333333,0.18888888888888888,0.0078125,0.025925925925925925
4,0.11302083333333333,0.324537037037037,0.046875,0.041666666666666664
4,0.0203125,0.10740740740740741,0.016666666666666666,0.024074074074074074
5,0.011458333333333333,0.11898148148148148,0.021875,0.04351851851851852
1,0.005989583333333334,0.1912037037037037,0.0067708333333333336,0.025
1,0.09713541666666667,0.8300925925925926,0.021354166666666667,0.04537037037037037
1,0.048177083333333336,0.8851851851851852,0.0234375,0.03518518518518519
1,0.15677083333333333,0.899537037037037,0.017708333333333333,0.04537037037037037
1,0.2869791666666667,0.40370370370370373,0.008333333333333333,0.03888888888888889
1,0.3171875,0.3574074074074074,0.010416666666666666,0.025925925925925925
1,0.2484375,0.8087962962962963,0.014583333333333334,0.032407407407407406
1,0.24453125,0.7875,0.013020833333333334,0.03611111111111111
4,0.6096354166666667,0.4777777777777778,0.050520833333333334,0.05555555555555555
4,0.6763020833333333,0.4111111111111111,0.0484375,0.07037037037037037
1,0.6580729166666667,0.3189814814814815,0.008854166666666666,0.028703703703703703
4,0.6598958333333333,0.22916666666666666,0.03125,0.03425925925925926
4,0.66484375,0.3023148148148148,0.030729166666666665,0.026851851851851852
4,0.32135416666666666,0.29907407407407405,0.046875,0.03148148148148148
4,0.278125,0.2796296296296296,0.028125,0.05185185185185185
4,0.25703125,0.2013888888888889,0.033854166666666664,0.021296296296296296
5,0.22994791666666667,0.24768518518518517,0.05572916666666667,0.04351851851851852
5,0.31614583333333335,0.2388888888888889,0.04375,0.04259259259259259
5,0.19348958333333333,0.13842592592592592,0.015104166666666667,0.04537037037037037
1,0.19296875,0.17083333333333334,0.0078125,0.023148148148148147
4,0.12786458333333334,0.018518518518518517,0.009895833333333333,0.018518518518518517
1,0.18463541666666666,0.14027777777777778,0.0046875,0.013888888888888888
4,0.18645833333333334,0.055092592592592596,0.010416666666666666,0.019444444444444445
4,0.18072916666666666,0.033796296296296297,0.009375,0.017592592592592594
4,0.184375,0.020833333333333332,0.009375,0.01574074074074074
10,0.24739583333333334,0.1675925925925926,0.013541666666666667,0.014814814814814815
8,0.18723958333333332,0.20277777777777778,0.022395833333333334,0.024074074074074074
2,0.19244791666666666,0.19953703703703704,0.0067708333333333336,0.019444444444444445
1,0.34140625,0.4199074074074074,0.0067708333333333336,0.032407407407407406
1,0.51953125,0.11666666666666667,0.0036458333333333334,0.016666666666666666
10,0.56171875,0.09768518518518518,0.005729166666666666,0.012037037037037037
10,0.3927083333333333,0.3592592592592593,0.016666666666666666,0.020370370370370372
2,0.39453125,0.35462962962962963,0.008854166666666666,0.018518518518518517
4,0.5450520833333333,0.13703703703703704,0.027604166666666666,0.022222222222222223
4,0.6127604166666667,0.10416666666666667,0.0234375,0.021296296296296296
5,0.5783854166666667,0.12824074074074074,0.022395833333333334,0.026851851851851852
1,0.6763020833333333,0.07916666666666666,0.0036458333333333334,0.013888888888888888
4,0.66484375,0.07453703703703704,0.011979166666666667,0.017592592592592594
4,0.6716145833333333,0.06759259259259259,0.011979166666666667,0.011111111111111112
4,0.6809895833333334,0.06759259259259259,0.009895833333333333,0.012962962962962963
4,0.6908854166666667,0.06759259259259259,0.013020833333333334,0.012962962962962963
4,0.6984375,0.062037037037037036,0.013541666666666667,0.011111111111111112
4,0.7096354166666666,0.06296296296296296,0.0109375,0.012962962962962963
