4 0.47821 0.95714 0.06071 0.08381
4 0.61464 0.8081 0.04357 0.10571
4 0.64036 0.70857 0.07214 0.05714
4 0.64821 0.61571 0.07071 0.06
5 0.68964 0.51524 0.06357 0.05905
4 0.67714 0.41381 0.06 0.03905
11 0.52357 0.63048 0.03143 0.11048
10 0.53607 0.50667 0.02643 0.01905
3 0.52821 0.46238 0.01071 0.02762
1 0.60214 0.40714 0.00857 0.01619
1 0.60821 0.41238 0.00786 0.01905
4 0.69393 0.27048 0.05786 0.04
10 0.72714 0.13667 0.02286 0.02762
0 0.72429 0.04762 0.02143 0.03238
4 0.64143 0.01905 0.05 0.03619
10 0.28857 0.44571 0.01571 0.03429
2 0.28679 0.44381 0.01071 0.01714
2 0.28786 0.43857 0.01143 0.02
10 0.29 0.3781 0.01429 0.03048
2 0.28964 0.37 0.00929 0.01429
2 0.36679 0.20238 0.00929 0.0181
7 0.37214 0.20286 0.02143 0.04952
10 0.17857 0.03476 0.01714 0.02
4 0.2925 0.03381 0.05357 0.03905
4 0.27643 0.06095 0.05286 0.0419
4 0.26821 0.09286 0.05357 0.04095
4 0.25429 0.1219 0.05571 0.0419
4 0.24286 0.15095 0.05857 0.04286
4 0.22714 0.18095 0.06 0.0419
4 0.21607 0.21238 0.05929 0.04571
4 0.18964 0.27667 0.06214 0.04667
4 0.17714 0.30952 0.06286 0.04381
4 0.16036 0.35286 0.06214 0.04286
4 0.14714 0.38476 0.06571 0.04762
5 0.11679 0.46333 0.065 0.05238
1 0.115 0.29762 0.01571 0.02571
2 0.06964 0.28333 0.015 0.01429
1 0.06286 0.26952 0.01571 0.02095
5 0.04107 0.68381 0.08214 0.06857
4 0.02143 0.74286 0.04286 0.05333
4 0.88679 0.52571 0.07643 0.05333
4 0.86893 0.56238 0.06929 0.05048
