6 0.47396 0.78889 0.03646 0.0963
4 0.39375 0.95278 0.04375 0.03889
4 0.37396 0.93148 0.03021 0.05741
10 0.3612 0.81806 0.0151 0.03796
4 0.34766 0.78472 0.0474 0.08796
4 0.49714 0.65602 0.05677 0.06759
4 0.47917 0.59444 0.05833 0.05185
5 0.30573 0.61528 0.04792 0.06574
10 0.29609 0.58102 0.02135 0.02315
4 0.46563 0.53981 0.05208 0.04444
2 0.3388 0.44676 0.00885 0.01759
10 0.33776 0.44861 0.0099 0.03796
4 0.29115 0.54306 0.05417 0.0787
4 0.2763 0.49259 0.05365 0.07407
4 0.26094 0.44583 0.05104 0.06944
10 0.24531 0.4088 0.01979 0.025
10 0.20026 0.41574 0.02344 0.01481
10 0.19531 0.38472 0.02083 0.02315
10 0.22969 0.33796 0.01979 0.02593
10 0.22005 0.32037 0.01823 0.02222
10 0.24922 0.25417 0.01719 0.03426
10 0.24167 0.21065 0.01979 0.0213
10 0.22891 0.16019 0.01615 0.03333
1 0.33047 0.03056 0.00885 0.02963
4 0.36667 0.02037 0.03542 0.04074
4 0.38125 0.1125 0.05208 0.05093
8 0.42474 0.17685 0.0151 0.05
1 0.42526 0.21111 0.00677 0.02037
1 0.41042 0.2125 0.00833 0.01759
4 0.40417 0.26111 0.05 0.05
10 0.59818 0.19815 0.0224 0.01852
11 0.60313 0.92639 0.03021 0.06204
