1 0.07396 0.13009 0.00937 0.025
1 0.0737 0.13843 0.00781 0.025
1 0.43073 0.65972 0.01146 0.02685
1 0.53906 0.60231 0.00937 0.01944
1 0.30703 0.32963 0.0099 0.02778
1 0.3099 0.35972 0.00729 0.02685
1 0.3099 0.3875 0.00729 0.02685
1 0.35104 0.44491 0.00625 0.02685
1 0.36458 0.44491 0.00833 0.02685
1 0.37318 0.43935 0.00677 0.0287
1 0.34792 0.32546 0.00729 0.025
1 0.40859 0.39769 0.00677 0.03056
1 0.43698 0.34815 0.00729 0.02593
1 0.41875 0.26944 0.00833 0.02593
1 0.44089 0.25463 0.00573 0.02407
1 0.44219 0.24028 0.00729 0.02685
1 0.46979 0.23333 0.00625 0.02593
4 0.70495 0.03102 0.0401 0.06019
5 0.72083 0.01991 0.01667 0.03611
