1 0.53229 0.08472 0.00937 0.05093
1 0.55547 0.25278 0.0099 0.05926
4 0.52057 0.03009 0.02448 0.05463
4 0.56484 0.07639 0.02865 0.0713
4 0.60469 0.4213 0.0375 0.10926
1 0.64609 0.4537 0.01198 0.06481
1 0.67318 0.44583 0.01302 0.05833
1 0.50156 0.61065 0.0125 0.05463
1 0.71068 0.75556 0.01823 0.05926
10 0.69297 0.74213 0.02031 0.07685
10 0.65234 0.66759 0.01823 0.0537
4 0.68151 0.96065 0.09115 0.20278
4 0.50599 1.01806 0.06198 0.26204
4 0.50938 1.27778 0.06042 0.22222
4 0.71875 1.27176 0.08438 0.23426
5 0.4875 0.72222 0.04271 0.14815
5 0.59714 0.30417 0.04323 0.11019
5 0.47682 0.28472 0.03906 0.08426
5 0.46979 0.40926 0.04479 0.13704
4 0.5862 0.22593 0.03906 0.09259
4 0.48021 0.21157 0.03542 0.08426
4 0.47344 0.12824 0.03542 0.0787
4 0.47344 0.06019 0.03229 0.08148
4 0.47682 0.02269 0.02969 0.04537
8 0.28672 0.34861 0.0474 0.0713
4 0.8638 0.01435 0.03906 0.0287
7 0.85833 0.06944 0.02917 0.0463
7 0.84792 0.11713 0.02917 0.04537
2 0.80781 0.02685 0.01146 0.02778
2 0.81042 0.03704 0.00937 0.04074
2 0.82083 0.0287 0.01042 0.02593
2 0.82135 0.03472 0.00937 0.03241
10 0.85599 0.04306 0.0276 0.0287
10 0.85677 0.05278 0.02917 0.02963
3 0.98255 0.01852 0.02448 0.02593
10 0.95625 0.15926 0.01562 0.03704
10 0.94271 0.20139 0.01562 0.03981
10 0.95052 0.29074 0.01354 0.05
10 0.98255 0.30787 0.0151 0.03796
10 0.99062 0.19861 0.01146 0.04537
1 0.98516 0.46204 0.02344 0.06852
1 0.98568 0.1787 0.01302 0.05926
1 1.01667 0.06806 0.01458 0.05833
1 1.00391 0.0838 0.01615 0.05463
1 0.96927 0.09537 0.01667 0.05741
1 0.97734 0.18148 0.0224 0.05926
2 0.96094 0.14444 0.0125 0.03889
2 0.94453 0.18194 0.01406 0.03611
2 0.95312 0.27083 0.01875 0.03981
2 0.98594 0.29306 0.02187 0.04352
1 1.00495 0.44213 0.02552 0.06944
1 0.93177 0.27593 0.01771 0.06111
1 0.92526 0.36065 0.0151 0.06204
1 1.01328 0.16898 0.01927 0.05648
1 1.01771 0.18102 0.02083 0.05278
1 1.03047 0.18889 0.01615 0.05556
1 1.0362 0.18194 0.01094 0.07315
1 1.03724 0.06713 0.00885 0.05093
1 1.03464 0.03056 0.01406 0.05185
5 1.02057 0.26667 0.04219 0.11852
4 1.02552 0.38611 0.03229 0.11852
5 0.34844 1.30833 0.09062 0.16111
