6 0.85807 0.70741 0.04427 0.11481
4 0.98047 0.64398 0.03073 0.05648
4 0.91979 0.44398 0.02917 0.03981
4 0.96354 0.48611 0.02917 0.05185
4 0.98698 0.51157 0.02083 0.05093
4 0.99141 0.42407 0.01198 0.03889
4 0.91224 0.35648 0.02552 0.04074
1 0.82214 0.19213 0.00573 0.01944
1 0.87422 0.12778 0.00469 0.01852
1 0.86823 0.11944 0.00521 0.01667
4 0.29167 0.72407 0.03646 0.06111
4 0.27031 0.55 0.03854 0.0463
4 0.36354 0.43981 0.03333 0.04074
1 0.48828 0.46852 0.00677 0.02593
1 0.56172 0.25926 0.00469 0.02037
1 0.56458 0.27315 0.00313 0.02037
4 0.49115 0.26157 0.03021 0.0287
4 0.49844 0.24954 0.02813 0.02685
4 0.40964 0.30556 0.02969 0.03519
7 0.44427 0.24676 0.01562 0.02315
5 0.40573 0.21481 0.02187 0.02963
4 0.39479 0.20648 0.02187 0.02778
4 0.62656 0.09398 0.01667 0.02315
4 0.64479 0.08194 0.02083 0.01759
4 0.66458 0.06759 0.02083 0.02037
4 0.66016 0.02963 0.01823 0.01852
4 0.67396 0.01944 0.01979 0.01667
1 0.14349 0.39167 0.00677 0.02037
1 0.15026 0.39028 0.00469 0.01389
4 0.10521 0.43843 0.02396 0.04167
4 0.06615 0.34491 0.02292 0.03426
8 0.00547 0.27639 0.01094 0.0287
5 0.01458 0.61574 0.02917 0.05556
4 0.01745 0.65648 0.0349 0.05185
4 0.03073 0.71111 0.06146 0.07407
9 0.30833 0.94259 0.07292 0.10926
