4 0.61068 0.71481 0.05156 0.14444
4 0.57865 0.56713 0.04792 0.11759
4 0.57604 0.47593 0.0375 0.07963
4 0.57865 0.40972 0.03646 0.06759
4 0.5849 0.3588 0.03333 0.05093
4 0.59583 0.30787 0.02708 0.06019
4 0.6237 0.06667 0.00885 0.01296
4 0.62344 0.07361 0.00937 0.01759
1 0.63177 0.19074 0.00521 0.02222
4 0.77318 0.9213 0.1526 0.12778
7 0.78307 0.72407 0.06615 0.1
1 0.77865 0.68657 0.01354 0.05648
1 0.72109 0.71713 0.01406 0.05463
1 0.79896 0.64398 0.00937 0.0287
1 0.74401 0.68657 0.01302 0.05648
4 0.73385 0.53657 0.08958 0.0713
7 0.60677 0.12407 0.00937 0.01852
4 0.60521 0.1088 0.01042 0.01759
4 0.60885 0.10417 0.00729 0.01574
4 0.60833 0.08889 0.00937 0.01852
1 0.84948 0.69583 0.01458 0.06389
1 0.85859 0.72361 0.01198 0.05463
2 0.84922 0.72222 0.00885 0.02778
0 0.6388 0.14537 0.01615 0.03148
1 0.59453 0.51667 0.0099 0.04259
6 0.62396 0.45694 0.03542 0.09352
4 0.58906 0.89722 0.06979 0.2
1 0.67656 0.95833 0.01875 0.07778
