4 0.29479 0.72639 0.03333 0.05278
4 0.31979 0.61343 0.01875 0.03056
4 0.34557 0.57546 0.0151 0.025
4 0.36641 0.54676 0.01302 0.01759
4 0.39714 0.51065 0.0099 0.01389
4 0.41615 0.49074 0.01042 0.01852
4 0.25599 0.74491 0.0401 0.06019
4 0.22005 0.75324 0.0401 0.06019
4 0.31172 0.65648 0.02448 0.03333
4 0.28724 0.6875 0.02865 0.04907
4 0.26224 0.69583 0.03281 0.04907
4 0.10729 0.76435 0.05833 0.04537
4 0.13229 0.73102 0.03958 0.03611
4 0.17786 0.70741 0.03385 0.0463
4 0.16042 0.70185 0.03333 0.03889
4 0.14062 0.70046 0.03542 0.04722
4 0.12266 0.70139 0.03385 0.05093
4 0.22943 0.64444 0.02656 0.03519
4 0.21302 0.64213 0.02708 0.03056
4 0.19792 0.63935 0.02292 0.025
1 0.17292 0.66435 0.00729 0.025
1 0.1612 0.65972 0.00781 0.03056
1 0.15 0.67083 0.00521 0.03056
1 0.12474 0.65833 0.00677 0.02778
0 0.25938 0.60139 0.02813 0.03426
1 0.23698 0.85231 0.00833 0.03241
1 0.23776 0.84074 0.00677 0.03333
1 0.27891 0.87037 0.00781 0.04259
2 0.11693 0.81019 0.00885 0.02963
2 0.12135 0.8088 0.00729 0.02685
2 0.10234 0.81157 0.00885 0.03056
2 0.10807 0.80833 0.00781 0.02963
10 0.11823 0.82407 0.01458 0.03333
10 0.10365 0.82546 0.01771 0.03056
0 0.14193 0.82731 0.01198 0.04722
4 0.42578 0.47407 0.0099 0.01852
2 0.53203 0.87731 0.01094 0.03426
2 0.54609 0.88611 0.01198 0.03333
