1 0.51875 0.075 0.00417 0.01296
4 0.52839 0.08889 0.01198 0.02222
4 0.53542 0.11157 0.0125 0.02685
4 0.55104 0.15972 0.01354 0.02685
4 0.55807 0.1838 0.0151 0.03056
4 0.57839 0.25602 0.01719 0.0287
4 0.53047 0.21667 0.01302 0.02778
4 0.5237 0.18704 0.01198 0.02778
4 0.51693 0.16204 0.01302 0.02593
4 0.50938 0.13657 0.0125 0.02685
4 0.50313 0.11111 0.0125 0.02407
1 0.59479 0.31157 0.00521 0.01389
5 0.58958 0.34491 0.01875 0.04167
5 0.60234 0.33981 0.01615 0.03704
5 0.71302 0.59907 0.03229 0.02963
7 0.72057 0.63056 0.01719 0.03148
4 0.63724 0.65463 0.03802 0.03148
4 0.64349 0.69444 0.03594 0.03519
4 0.01276 0.78611 0.02552 0.03333
4 0.00911 0.82315 0.01823 0.03333
4 0.08203 0.70556 0.02448 0.07037
9 0.1487 0.70046 0.0526 0.18426
10 0.04401 0.64583 0.01719 0.01204
4 0.05286 0.60139 0.03698 0.03056
4 0.06094 0.55324 0.03125 0.02685
6 0.07552 0.49722 0.04271 0.03889
10 0.09167 0.44491 0.01458 0.01389
10 0.36354 0.82222 0.00729 0.03333
4 0.36979 0.47824 0.0125 0.04907
1 0.43984 0.58935 0.00573 0.01574
1 0.44115 0.57083 0.00417 0.01389
1 0.44505 0.55602 0.00573 0.01574
1 0.44115 0.43426 0.00417 0.01667
1 0.43672 0.43009 0.00365 0.01389
1 0.42812 0.37454 0.00521 0.01574
6 0.42943 0.31898 0.02135 0.06944
4 0.34063 0.2838 0.01146 0.03241
9 0.34245 0.08426 0.01406 0.06111
4 0.06406 0.31389 0.03021 0.02407
4 0.20286 0.3287 0.01719 0.03889
4 0.23203 0.18333 0.01198 0.02963
4 0.18307 0.15694 0.01198 0.025
5 0.20781 0.10139 0.01875 0.02315
4 0.20781 0.08611 0.01979 0.01667
4 0.20859 0.07361 0.01719 0.01389
4 0.21354 0.06389 0.01979 0.01667
4 0.21563 0.04074 0.01771 0.01852
4 0.21823 0.03009 0.01667 0.01204
4 0.21979 0.0213 0.01667 0.01296
4 0.22474 0.01481 0.01615 0.01296
4 0.05443 0.34259 0.02969 0.01852
6 0.04714 0.35741 0.03385 0.02593
1 0.09505 0.38657 0.00677 0.01389
1 0.08568 0.21435 0.00469 0.01204
1 0.08776 0.21065 0.00573 0.01389
4 0.66849 0.77546 0.04427 0.03796
4 0.66953 0.81898 0.05365 0.03981
0 0.07448 0.23426 0.03438 0.02037
0 0.07839 0.18704 0.01615 0.02593
0 0.06693 0.21574 0.01094 0.01481
