1 0.777 0.966 0.022 0.06667
1 0.76775 0.94733 0.0225 0.07067
4 0.642 0.95733 0.152 0.08267
4 0.63225 0.822 0.1025 0.064
4 0.6125 0.78833 0.096 0.05133
10 0.988 0.93133 0.023 0.056
10 0.96025 0.90433 0.0425 0.05
7 0.93575 0.88933 0.0885 0.06133
8 0.745 0.74167 0.034 0.05667
4 0.6045 0.725 0.074 0.03933
4 0.608 0.71 0.075 0.032
5 0.60425 0.691 0.0765 0.03933
4 0.7415 0.69333 0.06 0.036
4 0.7425 0.67333 0.073 0.02667
4 0.7555 0.66733 0.064 0.028
4 0.7775 0.662 0.051 0.02267
4 0.76725 0.65567 0.0455 0.02067
4 0.64725 0.64233 0.0215 0.026
4 0.69225 0.62833 0.0245 0.02467
5 0.5945 0.64567 0.059 0.03133
4 0.59 0.63033 0.044 0.02067
4 0.5945 0.625 0.046 0.01933
10 0.61825 0.60967 0.0045 0.014
2 0.61825 0.60533 0.0045 0.016
4 0.5885 0.611 0.039 0.01667
4 0.58925 0.60567 0.0275 0.014
4 0.6445 0.58467 0.029 0.01467
4 0.65525 0.57533 0.0245 0.01467
4 0.58525 0.564 0.0215 0.01067
4 0.58125 0.55967 0.0225 0.01133
6 0.36225 0.56933 0.0385 0.044
4 0.60725 0.53667 0.0135 0.00667
0 0.57925 0.53667 0.0265 0.03467
1 0.601 0.53167 0.002 0.00733
4 0.6 0.53033 0.007 0.006
5 0.599 0.526 0.006 0.00533
