5 0.04375 0.3537 0.02708 0.04259
5 0.07552 0.36481 0.02604 0.04074
5 0.08646 0.37454 0.02396 0.04537
5 0.10104 0.37963 0.025 0.04444
5 0.04922 0.51389 0.02656 0.02963
5 0.11146 0.56343 0.02708 0.04167
4 0.26276 0.45926 0.01823 0.04815
1 0.25729 0.25741 0.00208 0.01111
1 0.27708 0.2375 0.00313 0.01204
1 0.29688 0.15093 0.00313 0.01296
1 0.31432 0.06898 0.0026 0.01019
5 0.34089 0.05648 0.0099 0.02593
9 0.42448 0.18102 0.02396 0.08611
9 0.48073 0.29167 0.0625 0.0537
9 0.37109 0.30185 0.02969 0.09815
9 0.44766 0.46806 0.02969 0.1213
1 0.44922 0.54769 0.00365 0.01019
1 0.45964 0.55 0.00365 0.00741
9 0.44922 0.62731 0.07969 0.06759
9 0.45521 0.59306 0.07917 0.0713
9 0.39271 0.37778 0.04271 0.03519
9 0.38177 0.40741 0.04375 0.03889
9 0.38958 0.42963 0.04479 0.03704
9 0.37448 0.46343 0.05104 0.04537
11 0.53099 0.36065 0.02135 0.02315
4 0.53177 0.39583 0.02708 0.02685
4 0.52917 0.41944 0.025 0.02593
5 0.52891 0.46806 0.02865 0.03056
5 0.63203 0.3963 0.02344 0.02593
5 0.62969 0.41435 0.03125 0.03056
4 0.62474 0.43843 0.02865 0.025
6 0.62266 0.51019 0.0526 0.04444
1 0.69349 0.54537 0.00573 0.01111
1 0.69844 0.54352 0.00625 0.00926
