10 0.28177 0.7088 0.025 0.03426
4 0.28411 0.81019 0.09219 0.08519
7 0.3625 0.59954 0.01979 0.05648
8 0.39896 0.48611 0.0125 0.04074
6 0.40208 0.4088 0.03438 0.06574
1 0.39141 0.43009 0.00781 0.025
4 0.52917 0.44028 0.04583 0.03426
4 0.49714 0.20972 0.01094 0.01389
3 0.59688 0.85046 0.02292 0.05278
3 0.61849 0.69491 0.02135 0.03611
6 0.81849 0.24815 0.02344 0.01852
8 0.43958 0.33796 0.00833 0.03148
7 0.42812 0.28472 0.00625 0.01759
2 0.44245 0.44907 0.00781 0.02407
10 0.44271 0.45741 0.00729 0.02778
2 0.42214 0.72454 0.0099 0.03981
10 0.4224 0.73843 0.01042 0.04537
4 0.41641 0.20926 0.01823 0.01481
5 0.50651 0.26667 0.01094 0.02593
10 0.44115 0.30278 0.00417 0.01667
10 0.45312 0.28287 0.00521 0.01389
2 0.44115 0.29907 0.00521 0.01667
2 0.45234 0.27778 0.00469 0.01481
4 0.40885 0.28611 0.02604 0.02222
6 0.43516 0.17176 0.0099 0.025
0 0.43411 0.1375 0.02865 0.04352
5 0.45885 0.1375 0.0125 0.01204
7 0.45469 0.19815 0.00521 0.01111
7 0.46146 0.20833 0.00729 0.01481
