4 0.01042 0.90833 0.01458 0.04259
4 0.02422 0.92546 0.0151 0.04907
4 0.03438 0.93889 0.01458 0.04444
4 0.04531 0.9537 0.01771 0.03704
4 0.05859 0.95139 0.02135 0.04167
1 0.14115 0.93287 0.00625 0.00833
2 0.15755 0.9375 0.00469 0.00648
1 0.13516 0.63333 0.00469 0.00556
10 0.31927 0.66667 0.00625 0.00741
10 0.32135 0.67037 0.00521 0.00741
10 0.32422 0.67454 0.00573 0.00833
10 0.32682 0.68102 0.00573 0.00833
3 0.11927 0.47454 0.00729 0.00463
3 0.11901 0.46991 0.00677 0.00278
10 0.11667 0.46481 0.00729 0.0037
10 0.11641 0.44676 0.00677 0.00278
10 0.11849 0.44074 0.00677 0.00556
7 0.12266 0.42731 0.01094 0.01204
3 0.12422 0.44074 0.00573 0.0037
1 0.64557 0.38102 0.00365 0.00648
1 0.63047 0.47222 0.00365 0.00741
1 0.62552 0.47315 0.00521 0.00741
1 0.43724 0.42778 0.0026 0.00741
1 0.43802 0.42176 0.00208 0.00648
1 0.43594 0.41806 0.00208 0.00648
4 0.49401 0.31713 0.00781 0.025
5 0.48568 0.31759 0.0099 0.02963
4 0.52292 0.31713 0.00937 0.0213
4 0.54479 0.3162 0.00937 0.02315
4 0.49505 0.26944 0.00781 0.02778
4 0.52109 0.2662 0.00885 0.02685
4 0.53255 0.26713 0.0099 0.02685
5 0.54245 0.26574 0.01406 0.02963
4 0.55104 0.26435 0.00937 0.02315
4 0.56094 0.26389 0.00937 0.02222
4 0.57839 0.26435 0.0099 0.025
4 0.60755 0.2625 0.0099 0.02685
4 0.61979 0.26296 0.01042 0.02407
4 0.63333 0.31435 0.0125 0.025
5 0.62396 0.31759 0.01146 0.02407
4 0.61276 0.31806 0.01094 0.025
4 0.6 0.31852 0.01042 0.02407
4 0.70182 0.26065 0.01198 0.02685
4 0.7125 0.26296 0.01042 0.02593
4 0.72214 0.2625 0.0099 0.02685
4 0.69922 0.31389 0.01302 0.02778
4 0.71016 0.31528 0.0099 0.0213
4 0.72083 0.31435 0.0125 0.02685
6 0.31953 0.11574 0.01406 0.01481
4 0.33724 0.11667 0.01406 0.01296
4 0.35547 0.11713 0.01406 0.01204
4 0.37214 0.1162 0.01406 0.01204
4 0.38958 0.1162 0.01354 0.01204
6 0.40807 0.11111 0.01927 0.02222
4 0.42526 0.11528 0.01198 0.01204
4 0.44349 0.11528 0.0151 0.01204
4 0.4612 0.11435 0.01406 0.01389
4 0.47682 0.11481 0.0151 0.01296
4 0.49714 0.11435 0.0151 0.01389
4 0.5151 0.11435 0.01562 0.01389
4 0.5349 0.11435 0.01354 0.01204
4 0.55443 0.11343 0.0151 0.01389
4 0.57031 0.11343 0.01458 0.01204
4 0.5888 0.11343 0.0151 0.01204
4 0.60729 0.11296 0.01562 0.01296
5 0.62474 0.11111 0.0151 0.01481
5 0.64323 0.11065 0.01771 0.01389
5 0.66068 0.11111 0.01615 0.01296
4 0.67917 0.10972 0.01667 0.01389
4 0.69609 0.11019 0.01615 0.01296
5 0.7151 0.10694 0.01875 0.01759
4 0.64089 0.05556 0.00885 0.01481
4 0.63125 0.01204 0.01354 0.01481
4 0.63151 0.00509 0.01406 0.01019
4 0.52604 0.02824 0.01458 0.01204
4 0.52656 0.01852 0.01354 0.00926
4 0.52266 0.01111 0.01406 0.01296
4 0.52214 0.0037 0.01406 0.00741
4 0.37656 0.04444 0.00937 0.01852
4 0.41693 0.03611 0.01406 0.01296
4 0.40859 0.06111 0.00677 0.02037
4 0.41615 0.01713 0.0125 0.01389
4 0.29089 0.00463 0.01094 0.00926
4 0.2862 0.05926 0.01198 0.01111
4 0.28802 0.05 0.01458 0.01111
4 0.26068 0.0713 0.01406 0.01111
4 0.26042 0.06111 0.01458 0.01111
4 0.2625 0.05278 0.0125 0.00926
4 0.27057 0.07407 0.00469 0.01481
5 0.20859 0.03565 0.01094 0.01389
4 0.17943 0.01481 0.0151 0.01296
4 0.18047 0.00556 0.01406 0.01111
4 0.04896 0.0162 0.01458 0.01389
4 0.09089 0.03009 0.00677 0.0213
5 0.09844 0.02963 0.00729 0.02037
4 0.08594 0.0125 0.00833 0.01759
4 0.09323 0.01065 0.00833 0.01944
