4 0.30755 0.24167 0.00781 0.02037
4 0.35391 0.37269 0.0099 0.03056
4 0.3513 0.47037 0.01094 0.03519
4 0.34948 0.63565 0.0125 0.05093
4 0.34583 0.73102 0.01562 0.06389
4 0.33698 0.94769 0.025 0.04907
4 0.3224 0.31065 0.00937 0.0287
5 0.30286 0.28704 0.0099 0.02407
10 0.34401 0.81296 0.00781 0.03519
10 0.36615 0.8088 0.01042 0.04167
10 0.34089 0.37685 0.00365 0.01667
10 0.34792 0.31667 0.00313 0.01481
10 0.35078 0.21111 0.0026 0.01111
10 0.35339 0.1412 0.0026 0.01019
10 0.3526 0.12454 0.00208 0.00833
10 0.34896 0.11481 0.00208 0.00926
10 0.34896 0.09491 0.00208 0.00833
10 0.3526 0.04259 0.00208 0.00741
10 0.3526 0.03472 0.00208 0.00648
4 0.35104 0.0037 0.00521 0.00741
3 0.34531 0.25648 0.00313 0.01296
3 0.34167 0.41944 0.00313 0.01667
3 0.34115 0.4412 0.00417 0.01759
10 0.33646 0.42269 0.00417 0.01574
3 0.38776 0.70463 0.00573 0.02222
1 0.30859 0.31481 0.0026 0.01296
1 0.31068 0.31435 0.0026 0.01389
1 0.32526 0.27361 0.0026 0.01204
1 0.29557 0.75139 0.00573 0.01759
2 0.34401 0.8125 0.00469 0.01574
2 0.34479 0.80602 0.00625 0.01759
2 0.38802 0.70046 0.00417 0.01389
2 0.34089 0.37361 0.0026 0.00833
2 0.34115 0.43843 0.00313 0.01019
2 0.34167 0.4162 0.00208 0.01019
2 0.33646 0.42083 0.00313 0.01019
2 0.34531 0.25463 0.00208 0.00926
2 0.34792 0.31389 0.00208 0.00926
