5,0.13463541666666667,1.3171296296296295,0.1296875,0.1398148148148148
5,0.34713541666666664,1.1541666666666666,0.13177083333333334,0.17314814814814813
5,0.5002604166666667,1.0439814814814814,0.08802083333333334,0.1287037037037037
4,0.5971354166666667,0.9768518518518519,0.1015625,0.12037037037037036
5,0.7505208333333333,0.8625,0.08541666666666667,0.11018518518518519
5,0.8317708333333333,0.8069444444444445,0.075,0.09722222222222222
2,0.9200520833333333,0.8236111111111111,0.0140625,0.041666666666666664
10,0.9166666666666666,0.8342592592592593,0.030208333333333334,0.05
4,0.9518229166666666,0.7092592592592593,0.07760416666666667,0.08333333333333333
5,1.0166666666666666,0.6564814814814814,0.05,0.07407407407407407
