3 0.2815 0.939 0.166 0.122
1 0.504 0.839 0.028 0.06333
1 0.5395 0.907 0.032 0.06867
1 0.483 0.93567 0.089 0.12867
4 0.6015 0.685 0.079 0.18733
4 0.47675 0.572 0.0605 0.124
4 0.39475 0.592 0.0565 0.13467
4 0.69125 0.55767 0.0715 0.14467
5 0.7485 0.53767 0.075 0.13267
5 0.86275 0.89867 0.1455 0.20267
5 0.755 0.94367 0.094 0.11267
10 0.89525 0.75433 0.0615 0.05133
4 0.6825 0.43 0.082 0.092
4 0.646 0.35867 0.079 0.09467
5 0.58425 0.31133 0.0745 0.08533
5 0.5255 0.453 0.051 0.12067
4 0.431 0.402 0.104 0.07067
4 0.37975 0.36467 0.1045 0.05733
7 0.2885 0.41633 0.028 0.07267
4 0.37325 0.327 0.0975 0.046
4 0.38025 0.287 0.0965 0.05
4 0.394 0.24333 0.089 0.05867
4 0.37775 0.22267 0.0835 0.048
6 0.467 0.25733 0.046 0.09067
4 0.438 0.17367 0.068 0.058
4 0.3815 0.15067 0.07 0.048
4 0.43425 0.13433 0.0635 0.04067
5 0.592 0.10967 0.043 0.05133
1 0.61525 0.08233 0.0085 0.03667
4 0.80325 0.10933 0.0375 0.048
4 0.9825 0.326 0.035 0.05467
5 0.9755 0.264 0.049 0.06133
4 0.951 0.19033 0.034 0.054
4 0.99075 0.193 0.0185 0.04067
5 0.562 0.05733 0.047 0.03867
4 0.55 0.04533 0.039 0.02933
5 0.578 0.017 0.06 0.034
5 0.45225 0.03033 0.0225 0.04867
6 0.422 0.08 0.055 0.04
10 0.3115 0.60667 0.027 0.068
3 0.33375 0.54767 0.0465 0.04733
6 0.4055 0.456 0.168 0.104
4 0.73425 0.05367 0.0275 0.03533
