4 0.44893 0.87524 0.06214 0.13143
4 0.49393 0.6881 0.04643 0.07524
4 0.52786 0.78286 0.05571 0.10857
4 0.77821 0.91619 0.07357 0.13905
4 0.72571 0.71476 0.05 0.08476
4 0.63964 0.60286 0.045 0.05714
4 0.7175 0.60048 0.04071 0.0581
5 0.71286 0.5381 0.03 0.05524
6 0.52536 0.54476 0.04643 0.09333
4 0.53714 0.48286 0.03429 0.0381
4 0.54857 0.45 0.02714 0.03714
4 0.555 0.41 0.02429 0.03714
4 0.56214 0.38143 0.02286 0.03333
4 0.57107 0.3581 0.02786 0.02857
4 0.56929 0.33333 0.03 0.03048
4 0.5725 0.31619 0.02071 0.01905
4 0.57893 0.29857 0.01929 0.02762
5 0.57607 0.28619 0.03643 0.02381
4 0.56679 0.2681 0.03643 0.0181
4 0.58464 0.25952 0.015 0.02
4 0.58786 0.24429 0.01286 0.0181
4 0.58964 0.23333 0.01357 0.01333
4 0.5925 0.22381 0.01214 0.01143
4 0.57107 0.21905 0.01357 0.01524
4 0.59214 0.21143 0.02 0.01524
4 0.6 0.20143 0.01714 0.01429
4 0.60036 0.19429 0.015 0.00952
4 0.59857 0.18857 0.01286 0.01143
4 0.59929 0.18048 0.01429 0.01238
4 0.58929 0.17524 0.01286 0.00952
4 0.59357 0.16381 0.00857 0.00952
4 0.59321 0.15952 0.00929 0.00667
4 0.59286 0.15667 0.00857 0.01048
4 0.59214 0.14952 0.01286 0.01143
4 0.58571 0.14286 0.01 0.00952
4 0.5825 0.12048 0.00786 0.01048
4 0.5975 0.12524 0.01357 0.01429
4 0.56714 0.11762 0.01429 0.01429
4 0.61571 0.13476 0.00714 0.00857
4 0.61714 0.14 0.01 0.00762
4 0.62607 0.14286 0.01071 0.00952
4 0.62893 0.14524 0.00929 0.00667
4 0.63107 0.1481 0.00643 0.00667
4 0.63286 0.15143 0.00857 0.00571
4 0.63857 0.15571 0.00857 0.00667
4 0.63929 0.16 0.01 0.00762
4 0.65107 0.16714 0.01071 0.00857
4 0.65107 0.17714 0.01643 0.00762
4 0.65179 0.18429 0.02071 0.00857
4 0.65429 0.18762 0.02 0.00952
4 0.65321 0.19333 0.02786 0.01143
4 0.65536 0.19905 0.025 0.01333
4 0.65643 0.20286 0.02429 0.00952
4 0.65929 0.20905 0.02571 0.01429
4 0.66107 0.21286 0.025 0.01429
4 0.65893 0.21667 0.02643 0.01429
5 0.65821 0.22429 0.035 0.02
4 0.66393 0.23333 0.02643 0.01524
4 0.665 0.23857 0.03143 0.01429
4 0.66429 0.24286 0.02714 0.01524
4 0.66143 0.25 0.03 0.01429
4 0.66571 0.25429 0.03143 0.01714
4 0.66786 0.26619 0.03429 0.01429
4 0.67643 0.2719 0.03143 0.0181
4 0.67357 0.28524 0.03571 0.02
4 0.66464 0.29238 0.035 0.01905
4 0.66821 0.3019 0.03357 0.01905
4 0.67429 0.31238 0.03429 0.01905
4 0.67214 0.32429 0.03143 0.02
4 0.68 0.3319 0.03571 0.0219
4 0.675 0.34143 0.04429 0.02
4 0.67714 0.35667 0.04571 0.02381
4 0.68143 0.36619 0.04286 0.02571
4 0.68536 0.38286 0.03643 0.02476
4 0.68893 0.40238 0.04071 0.02762
4 0.68714 0.42429 0.03857 0.03333
4 0.69964 0.49048 0.05357 0.04381
4 0.73821 0.28 0.03929 0.02476
6 0.70929 0.44333 0.04143 0.06762
