3 0.03536 0.10762 0.02357 0.02286
3 0.02679 0.19286 0.015 0.02952
4 0.05429 0.13381 0.03429 0.06381
4 0.09464 0.13 0.03357 0.07333
4 0.04429 0.33238 0.06714 0.06095
4 0.12214 0.33714 0.05571 0.0419
4 0.19964 0.35476 0.06929 0.04476
3 0.26714 0.35571 0.02 0.0219
2 0.26607 0.35048 0.01786 0.02095
6 0.3075 0.29857 0.095 0.06381
6 0.39179 0.27476 0.03071 0.09238
1 0.38536 0.32095 0.00786 0.02286
1 0.39393 0.33667 0.00786 0.0181
1 0.40179 0.32095 0.00929 0.02095
1 0.41536 0.31762 0.00786 0.02
1 0.44143 0.32048 0.01143 0.0219
1 0.4475 0.3119 0.00929 0.02
1 0.45393 0.32143 0.00786 0.0219
2 0.47714 0.30381 0.01143 0.03048
8 0.45964 0.30667 0.01071 0.04
8 0.455 0.26238 0.03571 0.03524
2 0.45393 0.34857 0.01214 0.02286
10 0.45536 0.35048 0.02929 0.01714
1 0.57964 0.24476 0.00929 0.02667
1 0.58464 0.25952 0.00929 0.02
6 0.56357 0.36143 0.13143 0.13429
1 0.64179 0.20143 0.00786 0.02762
1 0.7175 0.21667 0.01071 0.01429
1 0.7625 0.23048 0.01214 0.02095
5 0.7575 0.18714 0.06357 0.04857
1 0.91857 0.14952 0.01857 0.02286
1 0.89071 0.16048 0.01714 0.0219
1 0.81821 0.20143 0.01071 0.02381
1 0.83179 0.21 0.01357 0.0219
4 0.86179 0.29048 0.06643 0.04762
6 0.92464 0.4019 0.11071 0.08
10 0.83571 0.34905 0.02571 0.02
2 0.83643 0.35286 0.01 0.0219
2 0.815 0.39571 0.01286 0.01619
6 0.77036 0.42714 0.05357 0.10571
2 0.71714 0.41571 0.01429 0.01429
7 0.72143 0.34429 0.04857 0.04476
8 0.66286 0.43429 0.02429 0.04571
1 0.66429 0.46333 0.01143 0.02
2 0.64786 0.5981 0.01286 0.01524
1 0.62107 0.63143 0.00929 0.01905
1 0.63 0.62524 0.01 0.01048
4 0.5025 0.56381 0.04643 0.09333
5 0.54393 0.60143 0.045 0.07905
6 0.57214 0.71762 0.04143 0.12286
6 0.32429 0.47476 0.09 0.12095
6 0.24786 0.4919 0.07857 0.0619
6 0.08286 0.46571 0.12 0.0781
3 0.04643 0.5919 0.03143 0.0181
1 0.06536 0.59238 0.01929 0.01524
11 0.07964 0.59429 0.015 0.01143
2 0.06214 0.62 0.01143 0.01524
8 0.16679 0.46619 0.02214 0.03333
1 0.19786 0.57238 0.01714 0.01524
3 0.19679 0.59762 0.01214 0.03524
1 0.33893 0.54905 0.01357 0.0181
2 0.31536 0.62143 0.01214 0.01238
2 0.39786 0.61 0.01143 0.0181
10 0.39893 0.61238 0.01071 0.0381
2 0.30464 0.84048 0.01214 0.01238
1 0.29821 0.88619 0.01643 0.01429
1 0.38536 0.85286 0.01214 0.01619
4 0.48571 0.83714 0.04 0.12952
4 0.54464 0.84476 0.04071 0.12
4 0.60679 0.96048 0.04643 0.07714
