4 0.58429 0.75238 0.03 0.09524
4 0.65857 0.86143 0.02857 0.09619
4 0.17786 0.33952 0.03429 0.02571
4 0.135 0.32619 0.03286 0.02381
5 0.14071 0.36524 0.02429 0.03524
4 0.23857 0.39048 0.03286 0.03429
0 0.19929 0.46333 0.02714 0.03333
0 0.23607 0.52571 0.07643 0.0781
0 0.32929 0.51571 0.06429 0.07143
0 0.26179 0.61524 0.07214 0.09333
4 0.415 0.93857 0.05 0.11333
4 0.55357 0.91048 0.04429 0.12762
4 0.49464 0.67714 0.035 0.07619
10 0.53357 0.43 0.01 0.02571
1 0.45464 0.40476 0.00214 0.01143
1 0.45143 0.40381 0.00286 0.01333
1 0.44786 0.40524 0.00286 0.01238
1 0.44429 0.4081 0.00429 0.01048
4 0.74643 0.12381 0.01 0.01524
4 0.74821 0.14952 0.00929 0.01333
6 0.75071 0.19524 0.01143 0.02286
4 0.735 0.19857 0.02 0.01429
6 0.69821 0.16952 0.02214 0.05143
4 0.09929 0.33762 0.01857 0.02571
4 0.11571 0.34143 0.01571 0.02381
10 0.24679 0.35667 0.02357 0.01619
10 0.28571 0.37 0.02429 0.0181
10 0.59929 0.30571 0.00571 0.01714
10 0.62464 0.29667 0.005 0.0181
1 0.62357 0.44905 0.00571 0.02
4 0.67107 0.77095 0.02786 0.08286
4 0.67857 0.69667 0.02429 0.07905
4 0.65571 0.61 0.02286 0.06
4 0.66214 0.55238 0.01857 0.05333
10 0.66214 0.47667 0.00714 0.02381
4 0.65357 0.17286 0.01143 0.01238
4 0.66143 0.14667 0.01143 0.01905
4 0.66857 0.12381 0.00857 0.01905
4 0.69214 0.05571 0.00714 0.01048
4 0.705 0.01667 0.00571 0.00857
4 0.70036 0.02762 0.00643 0.01143
4 0.68286 0.07952 0.00857 0.01238
4 0.76214 0.10143 0.00857 0.01238
4 0.74036 0.29762 0.01929 0.02381
4 0.75357 0.34762 0.02286 0.02857
5 0.69786 0.28714 0.01286 0.02952
10 0.6975 0.33429 0.00929 0.01143
4 0.67929 0.41619 0.05286 0.03619
4 0.69143 0.56143 0.02 0.0581
6 0.685 0.62476 0.02143 0.05714
10 0.73786 0.63667 0.00857 0.02
10 0.70714 0.62714 0.00714 0.0181
4 0.82429 0.80476 0.02857 0.0819
10 0.805 0.68286 0.01286 0.03619
10 0.79464 0.63 0.00786 0.02952
10 0.78 0.58714 0.00714 0.03143
10 0.78214 0.56095 0.01 0.02286
10 0.79929 0.55143 0.01143 0.02476
1 0.7675 0.43429 0.005 0.01905
4 0.82143 0.44524 0.05143 0.03524
0 0.79036 0.3319 0.04214 0.03143
4 0.79643 0.0219 0.01143 0.00762
4 0.7925 0.0081 0.01071 0.00667
4 0.79821 0.11952 0.00929 0.00857
4 0.8 0.13619 0.01143 0.00952
4 0.8 0.16095 0.00857 0.01333
4 0.8 0.18048 0.00857 0.01429
4 0.8 0.20476 0.00714 0.01143
4 0.81714 0.00238 0.00857 0.00476
4 0.81714 0.00714 0.01 0.00476
4 0.81679 0.01381 0.01071 0.00476
4 0.81964 0.0181 0.01357 0.00571
4 0.82 0.02095 0.01143 0.00571
4 0.82107 0.02762 0.01357 0.00762
4 0.82036 0.03286 0.01214 0.00667
4 0.82179 0.04095 0.01071 0.00571
4 0.82393 0.04571 0.01071 0.00571
4 0.82679 0.05333 0.01214 0.00571
4 0.82607 0.05762 0.01357 0.00857
4 0.82429 0.06476 0.01143 0.00762
4 0.82357 0.07762 0.02 0.00857
4 0.82679 0.08429 0.01357 0.00667
4 0.82893 0.09095 0.00929 0.00667
4 0.83 0.09667 0.01714 0.00667
4 0.83143 0.10333 0.01714 0.00857
4 0.83179 0.11381 0.01786 0.01048
4 0.83214 0.11905 0.01571 0.00762
4 0.83536 0.12762 0.01643 0.00952
4 0.83143 0.13619 0.01714 0.00952
4 0.83 0.14095 0.01429 0.00762
4 0.83357 0.14952 0.01714 0.00952
4 0.84107 0.17 0.025 0.01238
1 0.83107 0.02571 0.00214 0.00762
1 0.83679 0.02571 0.00214 0.00571
6 0.83857 0.05286 0.00429 0.01048
5 0.84036 0.94381 0.05786 0.11048
4 0.87464 0.36429 0.02643 0.03333
4 0.87714 0.33857 0.03286 0.0219
4 0.86393 0.32095 0.035 0.02095
4 0.85893 0.30095 0.03214 0.02476
4 0.84357 0.25048 0.02429 0.01524
4 0.84429 0.23905 0.02429 0.01333
4 0.84321 0.23143 0.02643 0.01333
4 0.84536 0.21476 0.02786 0.01238
4 0.84571 0.20524 0.02571 0.01048
4 0.84464 0.19952 0.02643 0.01619
4 0.84286 0.19 0.02286 0.01238
4 0.84357 0.18286 0.02429 0.01333
1 0.85143 0.1019 0.00286 0.00762
1 0.86357 0.19286 0.00286 0.01048
1 0.85786 0.19238 0.00286 0.00952
1 0.87107 0.20714 0.005 0.01429
1 0.87214 0.24 0.00571 0.01143
1 0.86357 0.24048 0.00571 0.01238
4 0.9225 0.28905 0.03071 0.02
5 0.9025 0.36667 0.01786 0.03238
5 0.92714 0.36714 0.01714 0.03524
4 0.90964 0.46857 0.05357 0.02857
5 0.95107 0.3781 0.02357 0.04
5 0.98429 0.38524 0.02714 0.04286
2 0.69786 0.33095 0.00714 0.00667
2 0.66143 0.47286 0.00571 0.01238
2 0.79893 0.54524 0.00643 0.01238
2 0.78214 0.55619 0.00571 0.01143
2 0.78 0.58095 0.00714 0.01143
2 0.73857 0.63333 0.00714 0.01143
2 0.7075 0.62381 0.00643 0.00762
2 0.79464 0.62333 0.005 0.01429
2 0.80393 0.67238 0.00786 0.01524
2 0.53393 0.42381 0.00786 0.01714
2 0.62464 0.29286 0.00357 0.01048
2 0.59821 0.30238 0.005 0.01238
