6 0.18536 0.98048 0.03929 0.03524
6 0.32214 0.74905 0.02571 0.0619
6 0.39143 0.60095 0.03286 0.02476
6 0.38429 0.46619 0.02 0.03905
6 0.41393 0.37429 0.01214 0.02095
6 0.34786 0.33048 0.01429 0.02286
6 0.38964 0.27905 0.015 0.03048
6 0.37071 0.29429 0.00857 0.01333
6 0.02036 0.60286 0.025 0.03619
6 0.0575 0.26238 0.02786 0.01429
6 0.18429 0.19238 0.01 0.00952
6 0.18143 0.1881 0.01714 0.02
6 0.17286 0.18476 0.01571 0.02286
6 0.16893 0.18333 0.01929 0.02381
4 0.24393 0.90667 0.025 0.01714
4 0.27393 0.88476 0.01786 0.03429
4 0.21607 0.86667 0.01643 0.03048
5 0.23036 0.60381 0.01214 0.01714
4 0.40286 0.51857 0.01571 0.01238
4 0.40179 0.51143 0.01643 0.01143
4 0.40393 0.50429 0.015 0.00857
4 0.40643 0.49095 0.01286 0.01048
4 0.42214 0.39952 0.01429 0.01048
4 0.32429 0.17238 0.00857 0.00571
4 0.42893 0.21 0.005 0.00667
4 0.43679 0.14952 0.00357 0.00571
4 0.4425 0.16571 0.005 0.00571
4 0.44071 0.17143 0.00429 0.00571
4 0.43714 0.17524 0.00429 0.00571
9 0.42429 0.16714 0.00857 0.01429
9 0.485 0.05524 0.00571 0.00952
