1,0.41796875,0.7768518518518519,0.0234375,0.044444444444444446
1,0.009895833333333333,0.6611111111111111,0.019791666666666666,0.040740740740740744
1,0.03046875,0.6708333333333333,0.0234375,0.041666666666666664
1,0.04088541666666667,0.638425925925926,0.0203125,0.041666666666666664
1,0.11380208333333333,0.7268518518518519,0.022395833333333334,0.037037037037037035
1,0.11927083333333334,0.712037037037037,0.020833333333333332,0.03148148148148148
1,0.16302083333333334,0.7152777777777778,0.020833333333333332,0.04351851851851852
1,0.171875,0.6935185185185185,0.019791666666666666,0.044444444444444446
1,0.16796875,0.6620370370370371,0.0203125,0.040740740740740744
1,0.19817708333333334,0.6824074074074075,0.0171875,0.040740740740740744
1,0.19505208333333332,0.6708333333333333,0.0171875,0.030555555555555555
10,0.21276041666666667,0.7143518518518519,0.0265625,0.05648148148148148
2,0.20989583333333334,0.7055555555555556,0.015625,0.04259259259259259
2,0.21458333333333332,0.6986111111111111,0.013541666666666667,0.04722222222222222
1,0.26666666666666666,0.6675925925925926,0.009375,0.03888888888888889
1,0.26458333333333334,0.6546296296296297,0.016666666666666666,0.03888888888888889
1,0.33697916666666666,0.6347222222222222,0.017708333333333333,0.03611111111111111
1,0.3489583333333333,0.6143518518518518,0.0125,0.03796296296296296
1,0.3578125,0.6041666666666666,0.014583333333333334,0.03981481481481482
1,0.35,0.5939814814814814,0.011458333333333333,0.04351851851851852
1,0.34348958333333335,0.5837962962962963,0.009895833333333333,0.041666666666666664
1,0.34322916666666664,0.5689814814814815,0.009375,0.03981481481481482
1,0.36380208333333336,0.5800925925925926,0.015104166666666667,0.03981481481481482
1,0.4088541666666667,0.6240740740740741,0.014583333333333334,0.03518518518518519
1,0.425,0.6101851851851852,0.013541666666666667,0.04259259259259259
1,0.4278645833333333,0.5962962962962963,0.013020833333333334,0.03888888888888889
1,0.42291666666666666,0.5837962962962963,0.008333333333333333,0.03611111111111111
1,0.42083333333333334,0.575,0.011458333333333333,0.03518518518518519
1,0.4200520833333333,0.5648148148148148,0.011979166666666667,0.03333333333333333
1,0.45026041666666666,0.5796296296296296,0.009895833333333333,0.037037037037037035
1,0.4395833333333333,0.5694444444444444,0.014583333333333334,0.037037037037037035
1,0.4390625,0.5583333333333333,0.010416666666666666,0.037037037037037035
1,0.43671875,0.5453703703703704,0.008854166666666666,0.03888888888888889
1,0.4510416666666667,0.5375,0.013541666666666667,0.03611111111111111
1,0.47604166666666664,0.6328703703703704,0.014583333333333334,0.03611111111111111
1,0.47682291666666665,0.6222222222222222,0.016145833333333335,0.03518518518518519
1,0.478125,0.5773148148148148,0.013541666666666667,0.03796296296296296
1,0.47994791666666664,0.5611111111111111,0.009895833333333333,0.037037037037037035
1,0.4205729166666667,0.49583333333333335,0.0078125,0.03981481481481482
1,0.4114583333333333,0.48703703703703705,0.010416666666666666,0.03518518518518519
1,0.4041666666666667,0.48333333333333334,0.007291666666666667,0.037037037037037035
1,0.38645833333333335,0.47824074074074074,0.009375,0.03425925925925926
1,0.38567708333333334,0.4675925925925926,0.008854166666666666,0.037037037037037035
1,0.37135416666666665,0.47824074074074074,0.008333333333333333,0.03796296296296296
1,0.36875,0.4689814814814815,0.009375,0.03796296296296296
1,0.35572916666666665,0.48194444444444445,0.008333333333333333,0.03611111111111111
1,0.35208333333333336,0.46296296296296297,0.009375,0.037037037037037035
10,0.32526041666666666,0.49398148148148147,0.013020833333333334,0.041666666666666664
2,0.3260416666666667,0.4847222222222222,0.011458333333333333,0.028703703703703703
2,0.3263020833333333,0.47824074074074074,0.0109375,0.032407407407407406
1,0.3125,0.48055555555555557,0.009375,0.03888888888888889
1,0.30104166666666665,0.5,0.009375,0.03888888888888889
4,0.31953125,0.3578703703703704,0.034895833333333334,0.04722222222222222
1,0.49609375,0.5921296296296297,0.013020833333333334,0.03981481481481482
1,0.49973958333333335,0.5800925925925926,0.0140625,0.03981481481481482
1,0.5419270833333333,0.6351851851851852,0.0171875,0.03888888888888889
1,0.5401041666666667,0.6226851851851852,0.011458333333333333,0.03796296296296296
1,0.53515625,0.5925925925925926,0.0109375,0.03888888888888889
1,0.5841145833333333,0.5967592592592592,0.015104166666666667,0.041666666666666664
1,0.5856770833333333,0.6592592592592592,0.015104166666666667,0.040740740740740744
1,0.58515625,0.6407407407407407,0.018229166666666668,0.044444444444444446
1,0.6080729166666666,0.6763888888888889,0.016145833333333335,0.041666666666666664
4,0.7140625,0.8152777777777778,0.030208333333333334,0.0712962962962963
1,0.69296875,0.6888888888888889,0.025520833333333333,0.037037037037037035
1,0.6997395833333333,0.6694444444444444,0.022395833333333334,0.03333333333333333
1,0.6604166666666667,0.6305555555555555,0.016666666666666666,0.040740740740740744
1,0.6317708333333333,0.6370370370370371,0.01875,0.044444444444444446
1,0.6346354166666667,0.6162037037037037,0.021354166666666667,0.03981481481481482
1,0.63203125,0.6032407407407407,0.0171875,0.04351851851851852
1,0.6536458333333334,0.5046296296296297,0.0125,0.037037037037037035
1,0.64453125,0.4935185185185185,0.013020833333333334,0.03333333333333333
1,0.6364583333333333,0.4912037037037037,0.013541666666666667,0.03981481481481482
1,0.6408854166666667,0.47129629629629627,0.0140625,0.04259259259259259
1,0.6536458333333334,0.4787037037037037,0.014583333333333334,0.03888888888888889
1,0.6716145833333333,0.41898148148148145,0.016145833333333335,0.03611111111111111
1,0.65703125,0.37083333333333335,0.0109375,0.03425925925925926
1,0.6182291666666667,0.37175925925925923,0.017708333333333333,0.041666666666666664
1,0.50234375,0.35,0.0078125,0.03148148148148148
1,0.48802083333333335,0.3449074074074074,0.007291666666666667,0.032407407407407406
1,0.48489583333333336,0.3337962962962963,0.007291666666666667,0.028703703703703703
1,0.4940104166666667,0.3375,0.0067708333333333336,0.032407407407407406
0,0.5033854166666667,0.040740740740740744,0.07135416666666666,0.08148148148148149
0,0.3263020833333333,0.20046296296296295,0.0234375,0.028703703703703703
1,0.041666666666666664,0.34629629629629627,0.010416666666666666,0.02962962962962963
1,0.034895833333333334,0.34074074074074073,0.008333333333333333,0.02962962962962963
1,0.04453125,0.3314814814814815,0.0109375,0.024074074074074074
1,0.05416666666666667,0.33194444444444443,0.008333333333333333,0.025
0,0.08046875,0.287962962962963,0.0171875,0.03518518518518519
0,0.16354166666666667,0.2273148148148148,0.13020833333333334,0.07685185185185185
3,0.23854166666666668,0.20092592592592592,0.00625,0.014814814814814815
2,0.23828125,0.19490740740740742,0.0046875,0.01574074074074074
1,0.22005208333333334,0.1763888888888889,0.0046875,0.019444444444444445
1,0.22447916666666667,0.17685185185185184,0.005208333333333333,0.020370370370370372
4,0.24296875,0.16435185185185186,0.011979166666666667,0.021296296296296296
0,0.21640625,0.13796296296296295,0.0234375,0.05555555555555555
1,0.234375,0.1050925925925926,0.003125,0.012037037037037037
1,0.23802083333333332,0.1050925925925926,0.003125,0.013888888888888888
1,0.22630208333333332,0.10277777777777777,0.0036458333333333334,0.012962962962962963
1,0.22890625,0.10277777777777777,0.0036458333333333334,0.012962962962962963
0,0.23697916666666666,0.08101851851851852,0.013541666666666667,0.03611111111111111
0,0.25625,0.06898148148148148,0.014583333333333334,0.021296296296296296
0,0.23515625,0.04212962962962963,0.03177083333333333,0.03611111111111111
0,0.15130208333333334,0.009259259259259259,0.05364583333333333,0.018518518518518517
0,0.075,0.016203703703703703,0.06770833333333333,0.019444444444444445
