0 1.00833 0.98796 0.06458 0.09815
4 0.78307 0.90602 0.0401 0.03796
4 0.62083 0.8963 0.03646 0.03519
4 0.54922 0.91667 0.0401 0.03333
1 0.49167 0.96019 0.00521 0.02593
1 0.51328 0.96481 0.00365 0.02593
1 0.50964 0.98333 0.00677 0.02778
1 0.50625 0.96759 0.00625 0.02407
1 0.44557 0.91389 0.00677 0.02222
4 0.3974 0.90787 0.03958 0.03611
4 0.34479 0.91157 0.03854 0.03426
2 0.29297 0.89028 0.00469 0.01944
5 0.29167 0.90694 0.03542 0.03056
4 0.23177 0.90602 0.04063 0.03056
3 0.16589 0.88519 0.0151 0.01667
2 0.16536 0.88009 0.00781 0.01944
1 0.18125 0.89676 0.00729 0.025
1 0.17969 0.90694 0.00833 0.02315
3 0.17266 0.85556 0.00573 0.02037
3 0.17839 0.85185 0.00573 0.02037
3 0.19505 0.84537 0.00677 0.02037
3 0.20078 0.84074 0.00573 0.02222
0 0.9276 0.88426 0.2125 0.03519
0 0.79115 0.85278 0.06875 0.0463
10 0.66823 0.78426 0.00729 0.02037
10 0.67656 0.78704 0.00729 0.02037
10 0.68698 0.7963 0.00521 0.01852
10 0.69453 0.8 0.00677 0.02407
10 0.7026 0.80602 0.00729 0.01944
3 0.75156 0.83565 0.00729 0.01759
3 0.74089 0.83102 0.00573 0.0213
3 0.73255 0.82824 0.00573 0.01759
10 0.72734 0.81806 0.01094 0.01574
3 0.71823 0.81435 0.00625 0.01574
0 0.7099 0.81204 0.00729 0.02222
3 0.22031 0.8338 0.00625 0.01574
10 0.22448 0.83148 0.00417 0.01852
10 0.22891 0.82731 0.00573 0.01944
10 0.23333 0.82639 0.00521 0.0213
10 0.23698 0.82315 0.00625 0.02037
3 0.2513 0.81852 0.00573 0.01481
3 0.25677 0.81852 0.00625 0.01852
3 0.26068 0.81574 0.00469 0.01481
3 0.2651 0.8125 0.00625 0.01389
3 0.26979 0.81019 0.00625 0.01481
3 0.27422 0.80833 0.00677 0.01667
10 0.28359 0.80417 0.00573 0.01574
10 0.28828 0.79861 0.00677 0.02315
3 0.30234 0.79306 0.00573 0.01759
3 0.30703 0.79028 0.00469 0.01759
3 0.3125 0.78657 0.00625 0.01759
3 0.31641 0.78426 0.00573 0.01852
3 0.31927 0.7838 0.00417 0.01759
10 0.325 0.78009 0.00521 0.01759
10 0.32943 0.7787 0.00469 0.01667
10 0.33464 0.77824 0.00469 0.01574
0 0.29609 0.79769 0.00573 0.01759
1 0.0099 0.98519 0.01146 0.02407
10 0.01745 0.9375 0.00781 0.0213
0 0.00651 0.93472 0.01302 0.04537
