6 0.16432 0.68843 0.1651 0.15463
4 0.47839 0.50972 0.0401 0.04352
4 0.40495 0.87083 0.05573 0.09167
4 0.7349 0.61481 0.02396 0.05185
4 0.7888 0.62315 0.02344 0.0537
4 0.85729 0.79167 0.05417 0.07222
4 0.86849 0.75972 0.05573 0.0713
4 0.9513 0.44491 0.02865 0.03241
4 0.97135 0.42639 0.025 0.03796
4 0.95729 0.31111 0.03646 0.02778
4 0.97448 0.30787 0.02813 0.0287
4 0.9763 0.29213 0.03281 0.02685
4 0.98698 0.28565 0.02083 0.0213
4 0.99036 0.2713 0.01406 0.02037
0 0.62083 0.3963 0.01667 0.01481
6 0.45729 0.20324 0.0375 0.04537
6 0.47318 0.19769 0.02865 0.03981
