4 0.46607 0.27286 0.01214 0.0219
4 0.44643 0.32095 0.02 0.02667
4 0.35679 0.52762 0.03643 0.0381
5 0.43357 0.31667 0.01429 0.02381
5 0.30786 0.57333 0.04 0.04571
4 0.33964 0.7581 0.04929 0.06476
4 0.44964 0.69 0.04786 0.06571
4 0.03036 0.6719 0.05929 0.06571
4 0.06143 0.69857 0.06857 0.06381
4 0.07536 0.72 0.065 0.06667
1 0.07429 0.58524 0.01 0.02381
10 0.05286 0.56238 0.01286 0.02
10 0.0625 0.57095 0.01214 0.02
10 0.07214 0.57667 0.01286 0.0181
4 0.26571 0.87048 0.06143 0.0781
4 0.315 0.81143 0.06143 0.06857
10 0.39357 0.69381 0.01571 0.02952
4 0.29786 0.71524 0.04571 0.05524
10 0.72679 0.56 0.00643 0.02286
1 0.37286 0.60667 0.00571 0.01714
0 0.37321 0.72381 0.01071 0.01714
4 0.48107 0.70667 0.04786 0.06667
10 0.45643 0.63381 0.01143 0.0219
10 0.475 0.62286 0.01429 0.02095
10 0.51857 0.68095 0.00857 0.02286
10 0.66179 0.71905 0.00929 0.02476
4 0.515 0.22619 0.01286 0.0181
4 0.59464 0.25429 0.025 0.01714
4 0.61107 0.8019 0.04071 0.07429
4 0.64286 0.83333 0.04143 0.08381
8 0.70679 0.91619 0.02786 0.03429
4 0.65179 0.95571 0.075 0.06381
5 0.66679 0.2819 0.01214 0.01714
4 0.67857 0.26619 0.01429 0.01429
5 0.88071 0.03286 0.01857 0.01048
5 0.78714 0.4519 0.01857 0.03524
4 0.76714 0.4419 0.01571 0.03048
