4 0.44583 0.9537 0.0875 0.25926
4 0.45208 0.75046 0.06667 0.16204
4 0.45807 0.62824 0.05677 0.125
4 0.45781 0.53611 0.04479 0.09074
4 0.71823 0.7338 0.09062 0.16204
1 0.45208 0.375 0.01146 0.0463
4 0.46719 0.35509 0.025 0.04907
4 0.45469 0.31528 0.05 0.04167
4 0.45417 0.28426 0.05312 0.03333
4 0.475 0.26759 0.02187 0.03333
4 0.55026 0.25278 0.01927 0.03333
5 0.46901 0.24722 0.01615 0.03704
4 0.46979 0.23472 0.01771 0.025
1 0.44375 0.24491 0.00625 0.03056
1 0.45885 0.25324 0.00417 0.03241
1 0.45807 0.25046 0.00365 0.02685
1 0.45495 0.24444 0.00573 0.03148
1 0.44974 0.24954 0.00469 0.02685
1 0.44349 0.22778 0.00469 0.02222
4 0.52578 0.2 0.0151 0.02222
4 1.01328 0.46296 0.05677 0.06852
4 0.97005 0.41111 0.06615 0.07037
1 0.90182 0.32222 0.01094 0.0463
4 0.87031 0.31759 0.05625 0.05
4 0.84271 0.3037 0.04792 0.04815
1 0.80495 0.29306 0.00885 0.04352
4 0.81589 0.28796 0.04844 0.03519
4 0.77083 0.26944 0.02917 0.03333
4 0.75469 0.25324 0.03125 0.03056
4 0.73646 0.24259 0.02604 0.02407
4 0.72266 0.23194 0.02344 0.025
4 0.74583 0.20093 0.03854 0.02222
7 0.6776 0.19583 0.00729 0.01574
5 0.60729 0.17824 0.01458 0.02315
1 0.65026 0.15787 0.00469 0.02315
1 0.64062 0.16111 0.00417 0.02037
5 0.6276 0.15926 0.0125 0.02037
5 0.57057 0.13519 0.01302 0.02593
5 0.50573 0.1375 0.00833 0.01759
4 0.50859 0.11759 0.00677 0.01111
10 0.48047 0.1338 0.0026 0.01019
2 0.48047 0.13102 0.0026 0.01019
4 0.50469 0.10741 0.00625 0.00926
5 0.4849 0.10648 0.00521 0.01111
10 0.48125 0.11204 0.00208 0.00741
2 0.48125 0.11019 0.00208 0.00741
10 0.4901 0.10787 0.00208 0.00648
2 0.48984 0.10648 0.00156 0.00556
6 0.49271 0.09907 0.00729 0.01667
4 0.50078 0.09815 0.00469 0.00741
6 0.5474 0.11019 0.00729 0.01852
5 0.53802 0.10556 0.00625 0.01111
0 0.38151 0.16111 0.1724 0.07593
4 0.47578 0.0963 0.00469 0.00741
5 0.46927 0.09583 0.00417 0.00833
0 0.50234 0.07407 0.06094 0.02963
2 0.54141 0.09398 0.00156 0.00648
3 0.54141 0.09537 0.00156 0.0037
