4 0.75675 0.764 0.1475 0.31333
4 0.632 0.24167 0.06 0.07667
4 0.167 0.86433 0.302 0.27133
5 0.2165 0.665 0.186 0.21133
5 0.56725 0.096 0.0575 0.052
4 0.2595 0.52567 0.191 0.16867
4 0.299 0.39967 0.146 0.134
4 0.334 0.296 0.112 0.10533
4 0.36225 0.21267 0.0915 0.08
4 0.37425 0.168 0.0755 0.068
4 0.38875 0.13533 0.0685 0.06
5 0.4 0.078 0.036 0.05867
4 0.41925 0.05533 0.0605 0.04667
4 0.42425 0.02167 0.0255 0.03533
4 0.55825 0.04733 0.0405 0.04267
4 0.54925 0.02767 0.0475 0.034
4 0.55175 0.01567 0.0405 0.03133
4 0.8525 0.037 0.047 0.04067
10 0.9455 0.04733 0.019 0.028
10 0.8735 0.05133 0.022 0.024
1 0.854 0.02467 0.008 0.02667
5 0.69725 0.08633 0.0445 0.06067
