3 0.31901 0.93472 0.03177 0.075
3 0.33203 0.875 0.0276 0.1037
4 0.08359 0.90278 0.16719 0.13704
4 0.06146 0.77546 0.12292 0.13241
4 0.09453 0.68889 0.14115 0.13148
4 0.14036 0.61435 0.11302 0.10278
5 0.23776 0.45741 0.0974 0.11111
5 0.25286 0.39861 0.07448 0.075
5 0.27318 0.37176 0.06615 0.07315
4 0.28464 0.33704 0.07969 0.07222
5 0.29271 0.30556 0.06146 0.0537
4 0.30807 0.28565 0.06094 0.05093
4 0.30417 0.2412 0.05729 0.04722
4 0.30547 0.21852 0.0526 0.03704
5 0.30443 0.19491 0.04844 0.03796
4 0.31823 0.18796 0.04583 0.04074
4 0.31536 0.17407 0.05052 0.03519
4 0.32344 0.1588 0.04167 0.03981
4 0.32734 0.15046 0.0401 0.03426
4 0.3513 0.13796 0.04115 0.03333
4 0.35365 0.125 0.03854 0.02222
4 0.35859 0.11204 0.0401 0.02963
4 0.3651 0.10463 0.03333 0.02593
4 0.35573 0.09306 0.0375 0.0213
4 0.36562 0.08796 0.02813 0.02778
4 0.38099 0.05648 0.01302 0.02407
4 0.38906 0.04769 0.00937 0.025
4 0.39635 0.0963 0.03125 0.03148
4 0.40104 0.23472 0.02083 0.06389
4 0.41641 0.1625 0.0224 0.04167
4 0.44531 0.15833 0.01875 0.04444
4 0.43542 0.11481 0.01667 0.03148
4 0.44583 0.09398 0.01771 0.0287
4 0.45573 0.08102 0.0125 0.02685
4 0.45911 0.06713 0.01406 0.025
4 0.45937 0.0537 0.01562 0.01667
4 0.46042 0.04167 0.01771 0.02407
4 0.39844 0.08519 0.03021 0.02407
4 0.40078 0.08148 0.03594 0.02407
4 0.40651 0.07685 0.02969 0.02407
4 0.40729 0.06852 0.03333 0.01852
4 0.40885 0.06111 0.03333 0.02222
4 0.41094 0.05926 0.03229 0.02407
4 0.4112 0.0537 0.03385 0.02222
4 0.41484 0.05231 0.02969 0.02315
4 0.41719 0.0463 0.03021 0.02037
4 0.41901 0.03981 0.02969 0.01852
4 0.42344 0.03472 0.02604 0.01944
4 0.42161 0.02269 0.0224 0.01389
4 0.42135 0.01944 0.025 0.01667
0 0.4237 0.00556 0.02135 0.01111
4 0.40078 0.03194 0.00885 0.0213
4 0.38958 0.03241 0.01146 0.02222
4 0.39687 0.02083 0.01875 0.01574
4 0.39766 0.00926 0.02135 0.01481
10 0.37318 0.03889 0.0099 0.01111
1 0.43854 0.02176 0.00313 0.01759
1 0.44245 0.02222 0.00365 0.01852
1 0.45052 0.01852 0.00417 0.01852
5 0.45885 0.0162 0.01042 0.02315
4 0.49271 0.02546 0.00833 0.025
4 0.50339 0.01157 0.01198 0.0213
5 0.49453 0.0787 0.01094 0.03519
1 0.43516 0.09213 0.00365 0.02685
1 0.40234 0.13981 0.00885 0.03148
2 0.42552 0.11806 0.00625 0.01944
3 0.42526 0.12546 0.0099 0.01574
2 0.48125 0.06343 0.00521 0.01944
2 0.48828 0.14491 0.00677 0.02685
10 0.48932 0.14954 0.02031 0.0213
10 0.48125 0.06898 0.00521 0.01389
10 0.57943 0.04907 0.00573 0.01296
10 0.6263 0.14537 0.01198 0.02407
10 0.64349 0.125 0.00885 0.02222
3 0.56068 0.07315 0.00469 0.01481
2 0.56198 0.06713 0.00625 0.01944
1 0.57214 0.06667 0.00573 0.02222
1 0.56693 0.03241 0.00469 0.01852
1 0.57188 0.03657 0.00417 0.01944
1 0.57682 0.03426 0.00573 0.02037
1 0.59089 0.09537 0.00469 0.02593
1 0.59505 0.0912 0.00469 0.02685
1 0.60104 0.09398 0.00625 0.02685
1 0.61484 0.10046 0.00573 0.025
1 0.6151 0.08519 0.00625 0.02407
1 0.63594 0.13611 0.00417 0.02407
2 0.57995 0.04352 0.0026 0.01296
1 0.63906 0.1375 0.00313 0.02315
1 0.7099 0.21435 0.00625 0.03426
1 0.71562 0.21667 0.00625 0.03333
4 0.69818 0.31435 0.05573 0.06574
4 0.66146 0.25139 0.03958 0.04907
4 0.70599 0.24398 0.04115 0.06574
4 0.68542 0.20833 0.03333 0.0463
9 0.59661 0.16759 0.0526 0.10741
4 0.56771 0.11898 0.02187 0.02685
4 0.58958 0.11481 0.02292 0.02778
5 0.53828 0.09907 0.01615 0.03148
4 0.52995 0.07315 0.01719 0.02222
4 0.54896 0.07685 0.01562 0.02407
4 0.58229 0.06944 0.01667 0.02407
4 0.53958 0.05833 0.01458 0.02037
4 0.51771 0.05 0.01458 0.02037
4 0.52839 0.03935 0.01406 0.0213
4 0.51875 0.02269 0.01146 0.01944
4 0.55729 0.03148 0.01354 0.01852
4 0.51797 0.00833 0.0099 0.01667
6 0.54219 0.01806 0.01771 0.03611
4 0.53359 0.01019 0.01094 0.01481
4 0.50807 0.22731 0.03385 0.06574
4 0.54063 0.41944 0.03958 0.09444
4 0.59036 0.43519 0.04531 0.10185
