4 0.17865 0.66343 0.03333 0.07315
4 0.24219 0.49306 0.02292 0.04352
4 0.29974 0.51065 0.01927 0.04352
4 0.35833 0.29167 0.01562 0.03333
4 0.30651 0.29722 0.01198 0.02037
1 0.16693 0.37454 0.00469 0.01759
4 0.4099 0.17731 0.00937 0.01759
4 0.4026 0.14028 0.00937 0.01759
4 0.43802 0.12083 0.00833 0.01389
4 0.41719 0.11528 0.00625 0.01389
4 0.43516 0.1088 0.00781 0.01204
4 0.4388 0.08843 0.00885 0.00833
4 0.44479 0.09583 0.00833 0.01204
4 0.45885 0.09306 0.00833 0.01389
4 0.47057 0.20185 0.01406 0.01481
4 0.47109 0.07731 0.00677 0.01204
4 0.48646 0.06204 0.00625 0.00926
4 0.37943 0.1463 0.01094 0.01852
4 0.63698 0.01944 0.00521 0.00741
4 0.64427 0.01667 0.00521 0.00741
4 0.61953 0.02176 0.00677 0.01019
4 0.51354 0.04491 0.00625 0.00833
4 0.55677 0.03519 0.00625 0.01111
4 0.54375 0.03565 0.00625 0.00833
4 0.53281 0.04306 0.00625 0.00833
4 0.54089 0.04537 0.00781 0.01111
4 0.49375 0.05093 0.00833 0.00926
9 0.33958 0.54167 0.03958 0.2
5 0.43151 0.50324 0.02656 0.06759
5 0.3651 0.41759 0.01979 0.04444
5 0.35729 0.23241 0.01354 0.02407
5 0.37969 0.12083 0.00937 0.01389
5 0.39948 0.11111 0.00833 0.01481
5 0.44401 0.07176 0.00885 0.01204
6 0.41172 0.2588 0.02031 0.05648
9 0.4513 0.34028 0.03594 0.09352
6 0.33437 0.28148 0.01875 0.04444
6 0.49818 0.18241 0.01927 0.02407
6 0.50911 0.05417 0.01198 0.01574
6 0.56875 0.03426 0.0125 0.01481
9 0.59922 0.025 0.01302 0.01667
0 0.68646 0.00972 0.05208 0.01389
