1 0.24975 0.94333 0.0355 0.056
1 0.28675 0.953 0.0485 0.058
1 0.3595 0.92467 0.033 0.06667
1 0.4695 0.88933 0.032 0.06667
1 0.6105 0.845 0.032 0.06333
1 0.654 0.81933 0.033 0.07067
1 0.805 0.97533 0.038 0.04933
1 0.26175 0.88467 0.0405 0.05467
1 0.09625 0.719 0.0405 0.07
2 0.08625 0.71233 0.0305 0.03933
1 0.10575 0.55333 0.0265 0.05333
1 0.20225 0.65933 0.0305 0.07067
1 0.241 0.644 0.032 0.06933
1 0.27425 0.65933 0.0375 0.06667
1 0.30225 0.651 0.0305 0.06467
1 0.50275 0.749 0.0335 0.06333
1 0.51975 0.66167 0.0185 0.05533
1 0.5555 0.529 0.025 0.06467
1 0.58525 0.458 0.0155 0.056
1 0.6185 0.47833 0.015 0.05933
1 0.606 0.296 0.013 0.05067
1 0.67875 0.301 0.0165 0.05
1 0.465 0.22167 0.009 0.042
1 0.46675 0.21533 0.0125 0.04133
1 0.465 0.204 0.011 0.03733
1 0.30625 0.10533 0.0155 0.03467
1 0.29575 0.12233 0.0115 0.03
1 0.32125 0.126 0.0105 0.04267
1 0.32625 0.114 0.0145 0.04267
1 0.16325 0.227 0.0195 0.046
1 0.10875 0.26067 0.0215 0.05333
4 0.251 0.793 0.205 0.20333
4 0.03375 0.60333 0.0675 0.10933
0 0.4905 0.97533 0.048 0.04933
0 0.57325 0.969 0.0295 0.062
0 0.95175 0.97167 0.0425 0.05667
10 0.504 0.51867 0.036 0.06267
2 0.504 0.51433 0.022 0.058
2 0.218 0.176 0.015 0.02667
4 0.3395 0.26133 0.098 0.08267
10 0.41025 0.224 0.0225 0.03467
1 0.58125 0.36333 0.0135 0.05067
10 0.59225 0.36967 0.0125 0.05267
10 0.6585 0.25267 0.04 0.03467
5 0.64725 0.208 0.0475 0.07067
5 0.572 0.171 0.078 0.06333
5 0.562 0.216 0.073 0.064
5 0.53525 0.24 0.0865 0.06
5 0.42025 0.166 0.0715 0.06133
5 0.4195 0.14 0.07 0.05467
5 0.44825 0.074 0.0445 0.04667
5 0.3665 0.12833 0.055 0.05
1 0.49675 0.112 0.0075 0.032
1 0.49925 0.086 0.0065 0.032
1 0.53525 0.092 0.0135 0.028
1 0.5795 0.09067 0.008 0.03067
4 0.59025 0.05233 0.0645 0.04333
4 0.51025 0.042 0.0415 0.04267
4 0.40075 0.02867 0.0585 0.048
4 0.4255 0.01633 0.046 0.03267
4 0.334 0.06733 0.055 0.044
1 0.28775 0.077 0.0125 0.04067
