4 0.59036 0.7319 0.10357 0.07333
4 0.69429 0.51333 0.06143 0.02667
4 0.61821 0.93905 0.155 0.1219
4 0.88679 0.50857 0.05214 0.03238
4 0.95643 0.60333 0.06714 0.04667
4 0.93036 0.52333 0.05357 0.03333
4 0.89679 0.49 0.04357 0.03333
4 0.94679 0.49857 0.05357 0.03333
4 0.95464 0.47381 0.04643 0.03333
4 0.98464 0.51095 0.03071 0.03905
4 0.94464 0.68476 0.04357 0.07048
4 0.87 0.85333 0.13857 0.10857
4 0.27286 0.51524 0.02143 0.03619
4 0.16321 0.53381 0.02357 0.04286
4 0.12857 0.54333 0.03 0.04095
4 0.03321 0.67619 0.06357 0.05333
6 0.34179 0.54952 0.08643 0.06286
6 0.65357 0.57476 0.06571 0.04857
4 0.45893 0.41714 0.01929 0.02095
4 0.23643 0.38333 0.01 0.01238
4 0.23964 0.36381 0.00929 0.00952
4 0.23607 0.37429 0.00929 0.01143
4 0.23929 0.35524 0.00857 0.00952
4 0.29643 0.44667 0.03857 0.02095
4 0.29214 0.42571 0.03857 0.02095
4 0.28714 0.41238 0.03286 0.01524
4 0.23321 0.4 0.01214 0.01524
5 0.02571 0.55143 0.03857 0.05905
0 0.26679 0.32143 0.015 0.03333
4 0.28 0.37762 0.02571 0.01429
5 0.28107 0.38619 0.02786 0.01619
4 0.28393 0.39381 0.03071 0.01429
5 0.28357 0.39952 0.02714 0.0181
4 0.28607 0.40286 0.02786 0.01333
1 0.34679 0.4619 0.00786 0.02095
1 0.87714 0.61095 0.01286 0.04095
1 0.4425 0.40524 0.005 0.01429
2 0.54714 0.49333 0.00857 0.02286
2 0.66857 0.48714 0.01 0.0181
10 0.67036 0.4919 0.01929 0.0219
10 0.54679 0.49952 0.01071 0.02381
3 0.15107 0.89905 0.06214 0.05143
2 0.14714 0.87905 0.02857 0.06095
10 0.8 0.47571 0.01857 0.0181
