6 0.70893 0.90524 0.13643 0.18952
4 0.33714 0.90619 0.07143 0.15143
4 0.36286 0.7719 0.06143 0.12476
4 0.59393 0.62 0.04357 0.05905
5 0.39786 0.56714 0.03143 0.06381
4 0.54393 0.49381 0.03214 0.04286
4 0.40464 0.49238 0.03071 0.0381
4 0.4 0.46667 0.02429 0.03429
4 0.39286 0.45571 0.02714 0.02381
4 0.46607 0.37429 0.02071 0.02095
5 0.47714 0.37952 0.01857 0.02381
4 0.385 0.36571 0.01429 0.01524
4 0.38143 0.35619 0.01286 0.01524
4 0.37821 0.34857 0.01071 0.01333
4 0.36143 0.37238 0.01429 0.02095
4 0.33714 0.41095 0.03857 0.0219
4 0.40714 0.34714 0.02143 0.02381
4 0.48536 0.39571 0.01929 0.02381
4 0.5125 0.44 0.025 0.02667
