4 0.13542 0.57685 0.06146 0.05741
4 0.16901 0.47731 0.04427 0.07685
4 0.18724 0.4912 0.04948 0.08796
6 0.20573 0.525 0.06146 0.13148
4 0.23932 0.55972 0.05156 0.09167
4 0.26094 0.59213 0.05312 0.08981
5 0.28594 0.61296 0.05833 0.1
4 0.3125 0.64722 0.05104 0.09259
4 0.33151 0.70093 0.05677 0.11111
4 0.34818 0.75463 0.05677 0.11111
4 0.25156 0.75 0.05833 0.1
4 0.41432 0.80093 0.05365 0.08519
5 0.42604 0.7463 0.05937 0.1
4 0.42891 0.69722 0.05677 0.08333
4 0.48646 0.64306 0.03021 0.10463
1 0.52474 0.50972 0.01094 0.04167
10 0.4474 0.10787 0.01146 0.03426
10 0.68021 0.92176 0.02708 0.03241
1 0.69453 0.94676 0.01615 0.0287
1 0.66094 0.8838 0.01875 0.03056
10 0.60573 0.56898 0.02917 0.03241
10 0.60052 0.6037 0.02708 0.03333
10 0.60234 0.63287 0.0276 0.025
1 0.62656 0.43148 0.01042 0.02593
1 0.60625 0.36296 0.01146 0.02963
1 0.5362 0.30602 0.0099 0.03056
1 0.54401 0.3125 0.0099 0.03056
1 0.55417 0.31852 0.01042 0.03148
1 0.56224 0.31806 0.00885 0.0287
1 0.56406 0.14259 0.00937 0.04074
1 0.62708 0.12269 0.00833 0.03056
1 0.58516 0.06111 0.00781 0.02407
1 0.55417 0.05694 0.00729 0.02315
1 0.62422 0.04213 0.00885 0.0287
1 0.62656 0.01759 0.00937 0.02593
