4 0.36775 0.654 0.1585 0.14
4 0.20675 0.593 0.1675 0.146
4 0.083 0.55867 0.158 0.108
5 0.0625 0.48967 0.125 0.12467
4 0.2315 0.42933 0.129 0.088
4 0.3735 0.387 0.123 0.066
5 0.4945 0.35267 0.116 0.07067
4 0.5315 0.32367 0.095 0.06067
4 0.6015 0.29267 0.1 0.056
4 0.7185 0.28033 0.078 0.062
4 0.6915 0.25367 0.081 0.05667
4 0.756 0.22233 0.082 0.054
4 0.69525 0.194 0.0625 0.05333
4 0.874 0.17667 0.054 0.04533
4 0.9385 0.18833 0.048 0.04733
5 0.917 0.14 0.046 0.064
5 0.849 0.12067 0.048 0.044
5 0.838 0.09767 0.03 0.04733
5 0.79425 0.08333 0.0405 0.04
4 0.81975 0.059 0.0285 0.03
5 0.84875 0.06233 0.0335 0.04333
4 0.874 0.078 0.025 0.02933
5 0.9075 0.07833 0.026 0.04067
4 0.9355 0.07433 0.05 0.03
4 0.97375 0.08033 0.0515 0.034
5 0.989 0.07067 0.022 0.032
6 0.82925 0.041 0.0695 0.046
6 0.7625 0.02167 0.046 0.04333
3 0.13675 0.35367 0.0225 0.04333
3 0.159 0.35367 0.017 0.04467
10 0.2225 0.32967 0.016 0.04067
10 0.2635 0.312 0.021 0.04533
1 0.46725 0.22067 0.0135 0.04267
1 0.392 0.34533 0.021 0.04533
1 0.4335 0.38567 0.029 0.05133
1 0.7655 0.15833 0.009 0.03267
1 0.65725 0.17733 0.0105 0.04
1 0.6375 0.17867 0.008 0.03733
10 0.61975 0.19933 0.0155 0.032
7 0.8145 0.17267 0.03 0.02133
2 0.8135 0.18133 0.011 0.024
10 0.78075 0.149 0.0165 0.02467
10 0.78 0.142 0.019 0.02267
