4 0.52578 0.16574 0.00885 0.01667
4 0.47526 0.29213 0.01094 0.02315
4 0.50625 0.61343 0.01667 0.05833
4 0.47682 0.6463 0.01615 0.05926
4 0.50547 0.72824 0.02031 0.06389
4 0.47135 0.72315 0.02187 0.07407
4 0.46615 0.82546 0.02083 0.08056
4 0.50443 0.86852 0.0224 0.09074
4 0.46458 0.95787 0.03125 0.0787
9 0.48255 0.45556 0.0224 0.09815
2 0.35234 0.825 0.00677 0.01481
10 0.35156 0.84537 0.00625 0.01852
1 0.35417 0.62593 0.00625 0.02407
2 0.4224 0.32639 0.00417 0.00648
2 0.43906 0.2287 0.00521 0.00926
1 0.4513 0.16019 0.00365 0.01296
10 0.4401 0.23519 0.00521 0.00741
10 0.42292 0.33704 0.00417 0.01111
10 0.44479 0.30556 0.00417 0.00926
2 0.44427 0.29444 0.00417 0.00556
