4 0.18286 0.80667 0.11143 0.07619
4 0.1375 0.74333 0.095 0.05048
1 0.75143 0.82524 0.01571 0.04857
1 0.76607 0.8281 0.01214 0.05619
1 0.64821 0.6219 0.00786 0.02286
1 0.72214 0.60429 0.00714 0.02
1 0.69393 0.59857 0.00357 0.02
1 0.69357 0.59048 0.00429 0.01714
1 0.68821 0.5881 0.00643 0.01619
1 0.68214 0.6 0.00571 0.01714
1 0.70107 0.58476 0.00357 0.01524
1 0.70643 0.58952 0.00286 0.01714
1 0.705 0.58429 0.00286 0.0181
1 0.71964 0.55667 0.00214 0.01238
1 0.73964 0.5581 0.00357 0.01143
1 0.5925 0.57 0.00214 0.01238
1 0.59429 0.56857 0.00286 0.01333
1 0.60071 0.57 0.00286 0.01429
1 0.60464 0.56857 0.00357 0.01524
1 0.61143 0.56857 0.00429 0.01524
8 0.69036 0.62048 0.025 0.0219
8 0.67571 0.59667 0.01714 0.01619
10 0.7375 0.58143 0.01071 0.01048
3 0.55857 0.65905 0.01286 0.02095
3 0.56286 0.65762 0.01286 0.02
3 0.56714 0.65714 0.01286 0.02095
3 0.57143 0.65286 0.01286 0.02
3 0.58714 0.64333 0.01286 0.02
3 0.59143 0.64238 0.01286 0.02
3 0.60071 0.63667 0.01286 0.02
3 0.60786 0.63381 0.01286 0.02
3 0.615 0.63143 0.01286 0.02095
3 0.61857 0.62762 0.01286 0.02095
3 0.62214 0.62714 0.01286 0.02
3 0.62571 0.62429 0.01286 0.02
3 0.63214 0.62381 0.01286 0.02095
3 0.63286 0.62238 0.01286 0.02
4 0.46893 0.74667 0.05214 0.04571
6 0.41929 0.67238 0.05714 0.04381
6 0.50071 0.64952 0.04286 0.03048
4 0.4175 0.65143 0.045 0.02857
4 0.46321 0.63952 0.03643 0.02762
4 0.4975 0.62571 0.03214 0.02476
4 0.53286 0.62905 0.03143 0.02762
4 0.52821 0.61286 0.02929 0.02381
4 0.53821 0.60429 0.02643 0.01619
4 0.55821 0.59333 0.025 0.02095
4 0.57393 0.59905 0.025 0.02095
4 0.58036 0.61095 0.025 0.02381
4 0.59286 0.59429 0.01714 0.01714
4 0.58429 0.59 0.02143 0.0181
4 0.60857 0.58571 0.02143 0.01905
4 0.62821 0.59143 0.02071 0.01714
4 0.6375 0.56857 0.01643 0.01143
4 0.63929 0.57857 0.02 0.0181
4 0.65036 0.57333 0.01643 0.01524
9 0.65143 0.58619 0.03857 0.03524
4 0.6725 0.57619 0.015 0.01333
4 0.6625 0.56905 0.01786 0.01429
4 0.65821 0.56143 0.01357 0.01238
4 0.67893 0.56429 0.01643 0.01238
4 0.68536 0.5581 0.01214 0.00762
4 0.67643 0.55857 0.01 0.01238
4 0.69536 0.55714 0.01214 0.00952
4 0.70929 0.55667 0.01 0.01048
4 0.69929 0.55286 0.01143 0.00667
4 0.7125 0.55286 0.00786 0.00857
4 0.7025 0.55 0.00929 0.00476
4 0.70321 0.54762 0.00929 0.00762
4 0.71036 0.54381 0.00929 0.00762
4 0.72393 0.5481 0.00929 0.00857
4 0.7275 0.54476 0.01071 0.00762
4 0.74321 0.54857 0.00929 0.00952
4 0.74071 0.54238 0.00714 0.00857
4 0.73107 0.53952 0.01214 0.00857
4 0.73464 0.53714 0.01071 0.00571
5 0.68857 0.54333 0.01571 0.01048
4 0.69 0.54 0.01143 0.00762
6 0.70429 0.53952 0.01571 0.00857
4 0.71607 0.53476 0.01357 0.00857
4 0.69571 0.53429 0.01429 0.00762
4 0.72536 0.53381 0.01214 0.00667
5 0.79071 0.55333 0.01 0.01143
5 0.79607 0.55571 0.00643 0.01238
4 0.77893 0.55143 0.01357 0.00762
5 0.78643 0.54524 0.00714 0.00857
4 0.78857 0.54476 0.01286 0.00571
4 0.79607 0.54095 0.00929 0.00571
4 0.785 0.53714 0.00571 0.00762
4 0.79464 0.53905 0.01071 0.00571
4 0.79536 0.53762 0.01071 0.00476
4 0.78321 0.52762 0.005 0.00571
4 0.79536 0.52905 0.005 0.00476
4 0.79571 0.52429 0.00571 0.00476
4 0.78714 0.52143 0.00429 0.00476
4 0.90893 0.57857 0.015 0.01238
4 0.89464 0.57714 0.01214 0.01143
4 0.85643 0.57381 0.01 0.01048
4 0.82786 0.57762 0.02571 0.01048
5 0.84179 0.57 0.01071 0.01429
4 0.63464 0.55095 0.01214 0.00857
4 0.62286 0.54952 0.01143 0.00762
4 0.61179 0.54857 0.01214 0.00762
4 0.5825 0.5519 0.01643 0.00857
4 0.56214 0.54857 0.01571 0.00762
4 0.39571 0.53333 0.01286 0.00952
4 0.39536 0.52667 0.00929 0.00762
4 0.37536 0.53048 0.01214 0.00762
