1 0.31172 0.92454 0.01615 0.04352
1 0.33229 0.80926 0.01042 0.03333
1 0.37188 0.55324 0.00625 0.03056
1 0.29714 0.39028 0.00677 0.025
10 0.23932 0.30926 0.01094 0.02222
10 0.13151 0.32731 0.00885 0.01944
11 0.12839 0.43194 0.08073 0.08981
10 0.04974 0.38657 0.01927 0.01944
2 0.04792 0.38148 0.00937 0.02037
4 0.20104 0.27546 0.01875 0.02685
1 0.46302 0.57454 0.00833 0.03426
1 0.46953 0.57454 0.00885 0.03611
1 0.47474 0.58102 0.00781 0.03611
1 0.5724 0.38935 0.00729 0.02685
1 0.67083 0.34583 0.01042 0.0287
1 0.66302 0.29167 0.00937 0.02407
1 0.67031 0.29167 0.00833 0.02593
1 0.67656 0.29583 0.00833 0.025
1 0.68594 0.28056 0.00833 0.02593
1 0.69219 0.28056 0.00729 0.02593
0 0.6125 0.03611 0.03229 0.04815
1 0.24922 0.15417 0.00365 0.01574
1 0.2526 0.1537 0.00313 0.01667
1 0.25495 0.15509 0.00469 0.01574
1 0.26172 0.1463 0.00365 0.01481
1 0.26693 0.14583 0.00365 0.01574
1 0.27109 0.14769 0.00365 0.01389
1 0.28255 0.13611 0.0026 0.01296
1 0.28516 0.13611 0.00365 0.01296
1 0.33021 0.11435 0.00313 0.01019
1 0.33437 0.11481 0.00313 0.01296
1 0.33698 0.11528 0.00417 0.01204
1 0.36302 0.10926 0.00313 0.01111
1 0.36146 0.10694 0.00313 0.01019
1 0.39401 0.10926 0.0026 0.01111
1 0.43359 0.0912 0.00365 0.01204
1 0.4375 0.09167 0.00417 0.01111
1 0.44531 0.09444 0.00417 0.01481
1 0.45182 0.0963 0.00469 0.01481
1 0.66979 0.07917 0.00313 0.01204
1 0.6724 0.07963 0.00313 0.01296
1 0.675 0.08241 0.00313 0.01296
1 0.01432 0.32083 0.01094 0.025
1 0.00937 0.31852 0.01042 0.02593
1 0.04089 0.3125 0.01094 0.02315
1 0.03932 0.30648 0.00885 0.02407
1 0.11302 0.27639 0.00937 0.0213
10 0.1901 0.24352 0.00833 0.01852
1 0.1474 0.24352 0.00521 0.02222
1 0.14089 0.23843 0.00469 0.0213
1 0.14479 0.2375 0.00521 0.0213
1 0.13672 0.22593 0.00573 0.01852
1 0.14375 0.225 0.00625 0.02222
1 0.1513 0.23056 0.00469 0.02037
1 0.1487 0.22407 0.00573 0.02037
1 0.15156 0.22454 0.00417 0.0213
1 0.15547 0.22917 0.00573 0.0213
1 0.15885 0.22778 0.00625 0.02037
1 0.15677 0.21713 0.00521 0.01944
1 0.13802 0.21019 0.00521 0.02037
1 0.14141 0.2037 0.00573 0.01852
1 0.16172 0.21574 0.00573 0.02037
1 0.17292 0.22593 0.00417 0.02037
1 0.17865 0.22593 0.00521 0.02037
1 0.18411 0.21944 0.00469 0.01852
1 0.18177 0.21991 0.00521 0.01944
1 0.17865 0.21991 0.00313 0.01759
1 0.16589 0.20926 0.00469 0.01852
1 0.16901 0.20787 0.00469 0.01759
1 0.17318 0.20324 0.00469 0.01759
1 0.16979 0.2037 0.00417 0.01852
1 0.15313 0.19769 0.00521 0.01944
1 0.14323 0.19769 0.00625 0.01944
5 0.13411 0.19028 0.01302 0.02315
4 0.14479 0.175 0.01458 0.02778
1 0.14688 0.18843 0.00417 0.01759
1 0.15521 0.1875 0.00417 0.01389
1 0.16484 0.17083 0.00469 0.01759
2 0.12344 0.16019 0.00417 0.01111
10 0.12396 0.16574 0.00625 0.01296
4 0.13854 0.14954 0.0125 0.01759
1 0.13594 0.12963 0.00313 0.01481
1 0.13854 0.13009 0.00417 0.01574
1 0.14089 0.13102 0.00365 0.01389
0 0.15 0.14074 0.01146 0.03333
0 0.13125 0.11019 0.01146 0.02407
1 0.11458 0.07315 0.00417 0.01111
10 0.56875 0.74444 0.0125 0.04444
10 0.57891 0.73287 0.01302 0.04907
