4 0.30495 0.76852 0.03281 0.12963
4 0.39661 0.75 0.03177 0.12222
4 0.44271 0.7912 0.03958 0.13611
4 0.38385 0.59815 0.03021 0.09815
4 0.3125 0.62269 0.02708 0.08981
4 0.09531 0.82407 0.08854 0.09074
4 0.12917 0.69583 0.06667 0.05648
4 0.1401 0.63565 0.05833 0.04537
4 0.15339 0.59028 0.06094 0.04907
4 0.19479 0.47222 0.04167 0.03519
4 0.20964 0.43704 0.0474 0.03889
4 0.31719 0.50417 0.02396 0.06944
4 0.31771 0.425 0.01979 0.05741
4 0.37161 0.42083 0.01927 0.06204
4 0.38073 0.3463 0.02604 0.04815
4 0.32083 0.36759 0.01771 0.05
1 0.1474 0.39491 0.01042 0.03056
1 0.15443 0.3912 0.0099 0.02685
4 0.26146 0.26389 0.03646 0.02963
0 0.22344 0.38194 0.04583 0.05648
4 0.35755 0.20926 0.01406 0.03333
4 0.34766 0.14444 0.01198 0.02407
1 0.43594 0.18704 0.00521 0.02037
4 0.39792 0.04907 0.00729 0.01111
0 0.33229 0.14306 0.00625 0.03796
4 0.37839 0.03657 0.00677 0.01019
4 0.37865 0.0213 0.00625 0.01111
0 0.41016 0.02361 0.0099 0.025
4 0.38802 0.00648 0.00833 0.01296
2 0.34063 0.8287 0.00833 0.03148
10 0.33854 0.85046 0.01042 0.03426
2 0.26276 0.61435 0.00781 0.0287
10 0.2612 0.63472 0.00885 0.025
