1 0.0425 0.43095 0.01071 0.0219
1 0.05357 0.42952 0.01143 0.02857
1 0.26107 0.39476 0.01071 0.02
2 0.27036 0.39524 0.01357 0.01905
2 0.36893 0.40048 0.01357 0.01619
2 0.23821 0.37381 0.00786 0.01429
2 0.23036 0.37571 0.00786 0.01429
1 0.5575 0.43619 0.00929 0.02286
1 0.54179 0.52476 0.01071 0.03048
1 0.51964 0.51905 0.01214 0.03238
1 0.61107 0.6119 0.01786 0.04476
1 0.69893 0.61619 0.01643 0.03429
1 0.70714 0.62857 0.01143 0.0381
1 0.7325 0.55571 0.01357 0.04286
1 0.72357 0.49714 0.01429 0.03048
1 0.74607 0.59048 0.01071 0.0381
1 0.75464 0.60952 0.00786 0.04571
1 0.77107 0.6281 0.01214 0.02381
1 0.76643 0.59333 0.01 0.0381
2 0.69714 0.55571 0.01143 0.02952
2 0.79143 0.56476 0.01143 0.02857
2 0.81 0.59714 0.01 0.03619
1 0.81929 0.65905 0.01429 0.04381
1 0.83 0.6719 0.01 0.04476
1 0.84857 0.68333 0.01286 0.05619
1 0.88286 0.61429 0.01143 0.04381
1 0.86429 0.61857 0.01571 0.03524
1 0.84107 0.61 0.01071 0.03905
1 0.85107 0.62238 0.01357 0.04476
1 0.85393 0.60333 0.01357 0.03143
1 0.87643 0.57476 0.01 0.04667
1 0.86179 0.57381 0.01357 0.03714
2 0.82536 0.57 0.00929 0.02571
2 0.8325 0.57667 0.01357 0.02952
2 0.83214 0.5881 0.01429 0.02762
1 0.82821 0.56143 0.01357 0.03524
1 0.82857 0.54857 0.01143 0.04
1 0.84143 0.55571 0.01 0.03524
1 0.84893 0.56143 0.01357 0.03905
1 0.855 0.54619 0.01 0.03524
2 0.86429 0.5419 0.01286 0.02667
1 0.80214 0.52905 0.00857 0.04095
1 0.78643 0.52905 0.01143 0.03714
1 0.87036 0.50333 0.01071 0.03714
1 0.88357 0.50286 0.01286 0.04
1 0.86857 0.48429 0.01 0.03143
3 0.73607 0.48619 0.02071 0.0219
1 0.96429 0.57667 0.01429 0.04095
