6 0.33958 0.63241 0.02604 0.08519
6 0.41771 0.25509 0.01562 0.04352
6 0.42188 0.09769 0.0125 0.04167
6 0.45026 0.32176 0.03385 0.03056
4 0.5526 0.86574 0.02917 0.07778
4 0.61875 0.8838 0.03229 0.08611
5 0.58385 0.87222 0.0375 0.08704
5 0.64844 0.88704 0.02708 0.08333
4 0.70677 0.90417 0.02604 0.08981
5 0.47344 0.61667 0.01667 0.0463
4 0.49089 0.61713 0.01615 0.04352
4 0.51328 0.62731 0.01615 0.04722
4 0.5849 0.61944 0.02187 0.05185
4 0.61458 0.62222 0.02292 0.05185
4 0.66328 0.63287 0.02448 0.05648
4 0.68073 0.63194 0.02604 0.05648
4 0.6237 0.50417 0.0349 0.02685
4 0.66771 0.52037 0.03646 0.03148
4 0.52266 0.43981 0.02656 0.03519
4 0.49297 0.44213 0.01302 0.04352
4 0.4724 0.44537 0.02708 0.02593
4 0.47422 0.42685 0.02552 0.02222
4 0.51797 0.38796 0.0276 0.02222
4 0.51875 0.3713 0.02708 0.02222
4 0.51667 0.35694 0.02604 0.01759
4 0.5099 0.32315 0.02187 0.01852
4 0.5125 0.34213 0.02604 0.0213
4 0.50729 0.31065 0.02292 0.01759
4 0.49948 0.23657 0.02083 0.01759
4 0.53984 0.27407 0.01302 0.02222
4 0.52292 0.1963 0.01042 0.02037
4 0.49609 0.21667 0.02031 0.01667
4 0.48984 0.18287 0.01823 0.01574
4 0.51432 0.14907 0.00885 0.01481
5 0.49792 0.24815 0.01771 0.01852
4 0.4013 0.22824 0.0099 0.01944
4 0.33698 0.47917 0.01562 0.04167
4 0.13516 0.19537 0.01302 0.02037
5 0.1612 0.23611 0.01927 0.01852
5 0.16849 0.18889 0.0151 0.02593
4 0.04974 0.42639 0.03073 0.0287
4 0.0237 0.36852 0.02656 0.03519
4 0.09193 0.21389 0.02031 0.01667
4 0.06667 0.40417 0.01875 0.03241
4 0.18073 0.19028 0.01354 0.01944
4 0.49375 0.06435 0.00729 0.01389
4 0.48411 0.01898 0.00573 0.01019
4 0.46927 0.0412 0.00937 0.01204
4 0.46927 0.03657 0.01146 0.01204
4 0.46953 0.03333 0.01302 0.01296
4 0.46745 0.02407 0.01094 0.01111
4 0.46693 0.02083 0.01198 0.01204
4 0.46484 0.01065 0.01094 0.01204
1 0.06823 0.25324 0.00521 0.01574
1 0.07161 0.25231 0.00573 0.01574
1 0.18073 0.29074 0.00417 0.01481
1 0.15651 0.42222 0.00677 0.01481
1 0.15156 0.42361 0.00417 0.01389
1 0.14688 0.42361 0.00521 0.01574
1 0.14922 0.41898 0.00573 0.01574
1 0.02161 0.43472 0.00781 0.01759
1 0.55339 0.58472 0.00677 0.01574
1 0.53958 0.59954 0.00729 0.01574
1 0.5388 0.59306 0.00781 0.01574
1 0.42344 0.44074 0.00417 0.01296
1 0.42682 0.43565 0.00469 0.01389
1 0.45417 0.43935 0.00313 0.01389
2 0.45026 0.4375 0.0026 0.00648
1 0.56432 0.3463 0.00469 0.01667
1 0.56458 0.35231 0.00417 0.01204
7 0.58464 0.46713 0.01719 0.03611
10 0.57656 0.44028 0.00625 0.01574
10 0.575 0.42778 0.00625 0.01667
10 0.61536 0.46296 0.00677 0.01852
10 0.60938 0.45833 0.00521 0.01481
10 0.49479 0.47593 0.01562 0.01296
10 0.41797 0.46852 0.01094 0.01667
10 0.33437 0.56481 0.00625 0.02037
10 0.47969 0.58565 0.01354 0.01389
1 0.41146 0.875 0.00521 0.01667
2 0.48125 0.88889 0.00625 0.02037
10 0.13672 0.42269 0.00885 0.01019
10 0.17969 0.42083 0.01146 0.01019
10 0.18229 0.41435 0.0125 0.01019
2 0.13724 0.41991 0.00573 0.01019
2 0.17865 0.41852 0.00417 0.01296
2 0.18047 0.41204 0.00573 0.01296
2 0.41797 0.46481 0.00469 0.01296
2 0.49505 0.47315 0.00573 0.01296
2 0.55677 0.54028 0.00521 0.01389
10 0.55625 0.54352 0.01354 0.01667
1 0.50521 0.07222 0.00313 0.01111
1 0.48672 0.05093 0.0026 0.01111
1 0.40833 0.21111 0.00313 0.01296
1 0.41823 0.23194 0.00313 0.01019
9 0.43828 0.41065 0.02031 0.04352
0 0.56354 0.38148 0.00625 0.01852
0 0.55521 0.34676 0.00937 0.03426
4 0.2513 0.07917 0.00573 0.01389
4 0.24583 0.06481 0.00833 0.01111
