4 0.54583 0.09213 0.025 0.02315
5 0.54271 0.10926 0.03021 0.02963
5 0.61406 0.0963 0.02292 0.03333
4 0.60469 0.11343 0.02708 0.0213
4 0.60521 0.12963 0.02813 0.02407
4 0.53958 0.1588 0.03021 0.03056
4 0.59818 0.24491 0.02448 0.02685
4 0.6026 0.22269 0.02708 0.02685
5 0.63802 0.24676 0.025 0.04537
4 0.51901 0.34722 0.03177 0.02778
4 0.57917 0.50648 0.03542 0.03704
4 0.57917 0.53935 0.02917 0.03241
4 0.56849 0.58472 0.0401 0.03241
1 0.5401 0.62269 0.00625 0.01759
10 0.62109 0.58287 0.0151 0.01759
4 0.56563 0.67222 0.03958 0.04074
4 0.4724 0.64907 0.03021 0.04815
1 0.47396 0.69491 0.00521 0.01759
1 0.48359 0.6963 0.00469 0.01852
4 0.55156 0.78056 0.04167 0.04444
4 0.54323 0.82824 0.04896 0.04167
5 0.4526 0.75509 0.03854 0.04537
4 0.44323 0.83241 0.04167 0.05556
4 0.53177 0.94583 0.04063 0.04352
5 0.41719 0.9287 0.0375 0.10556
4 0.51927 0.99167 0.04792 0.04259
4 0.57526 1.02037 0.02448 0.1
4 0.50078 1.08935 0.0526 0.05093
4 0.63672 1.20741 0.0599 0.06481
5 0.3651 0.32963 0.01667 0.04074
1 0.32188 0.21111 0.00625 0.02407
1 0.20156 0.28472 0.00937 0.01759
2 0.2013 0.29028 0.00781 0.01389
