1 0.02821 0.1919 0.00786 0.00667
1 0.02964 0.19905 0.00643 0.00952
1 0.04429 0.19095 0.00714 0.00857
1 0.02107 0.22714 0.00786 0.00667
1 0.03393 0.24381 0.005 0.00762
1 0.02929 0.2381 0.00714 0.00762
1 0.0325 0.23429 0.00643 0.00762
1 0.02679 0.23143 0.00643 0.00571
1 0.02571 0.27667 0.01143 0.00667
1 0.02571 0.28286 0.01143 0.00571
1 0.02679 0.28952 0.01071 0.00571
1 0.02571 0.29952 0.01286 0.00667
1 0.02643 0.3081 0.01 0.00857
1 0.04143 0.32333 0.00571 0.00857
1 0.0475 0.36857 0.00929 0.00381
1 0.05071 0.37381 0.00857 0.00667
1 0.05214 0.38095 0.00857 0.00762
1 0.04536 0.38 0.00786 0.00762
1 0.04536 0.41286 0.015 0.00857
1 0.06643 0.49857 0.00857 0.00857
1 0.08214 0.52 0.01 0.00571
1 0.07571 0.51952 0.01 0.00667
1 0.06607 0.62143 0.01214 0.00476
1 0.06393 0.62524 0.01071 0.00476
1 0.06107 0.64524 0.00929 0.00857
1 0.06929 0.66667 0.01 0.00952
1 0.06536 0.68667 0.01071 0.00381
1 0.05714 0.71762 0.01286 0.00857
1 0.07393 0.71476 0.00929 0.00667
1 0.07036 0.73143 0.00929 0.00762
1 0.08214 0.73048 0.01 0.00762
1 0.06786 0.69381 0.01 0.00476
1 0.09143 0.75857 0.01 0.00667
1 0.08964 0.86857 0.01357 0.01333
1 0.09286 0.8819 0.01143 0.00952
1 0.06536 0.99 0.01071 0.01238
1 0.0775 0.97952 0.00786 0.00857
1 0.08929 0.96524 0.01143 0.00857
1 0.08607 0.97333 0.00929 0.00571
3 0.27607 0.8081 0.00643 0.01619
10 0.28714 0.78524 0.00857 0.0181
4 0.55143 0.0219 0.01571 0.03619
4 0.6225 0.10238 0.02929 0.0219
6 0.79429 0.52 0.01857 0.04952
6 0.84929 0.43429 0.01857 0.03238
10 0.82071 0.40381 0.00571 0.01524
10 0.96429 0.6419 0.00857 0.00952
4 0.97464 0.60143 0.025 0.03905
6 0.92571 0.48667 0.05 0.03238
4 0.55821 0.54143 0.015 0.03905
4 0.57821 0.41857 0.01357 0.03714
6 0.53893 0.33905 0.015 0.0381
