4 0.49714 0.80278 0.02344 0.07963
4 0.49089 0.72407 0.02344 0.07407
4 0.4651 0.73472 0.02083 0.07315
5 0.43411 0.7375 0.02344 0.0787
4 0.40729 0.74167 0.02187 0.07037
3 0.38698 0.79259 0.00833 0.02963
10 0.38047 0.78935 0.00781 0.03611
6 0.47813 0.55231 0.02813 0.09537
4 0.45234 0.51481 0.01927 0.04815
4 0.47266 0.49907 0.01302 0.03519
4 0.46719 0.46157 0.02292 0.04537
4 0.44922 0.46528 0.01615 0.04537
5 0.44583 0.41852 0.01562 0.04815
6 0.46641 0.40972 0.02135 0.06019
5 0.46302 0.36667 0.01354 0.03704
4 0.45573 0.31852 0.01458 0.03519
4 0.45391 0.26852 0.01406 0.03333
4 0.61276 0.26759 0.01719 0.02778
4 0.63177 0.26435 0.01771 0.02685
4 0.65156 0.2625 0.01979 0.03611
4 0.74505 0.47639 0.02969 0.04537
5 0.84661 0.26343 0.0224 0.03056
4 0.83385 0.2713 0.02396 0.03148
4 0.78698 0.23843 0.03021 0.02685
5 0.72891 0.24398 0.02552 0.02685
6 0.74036 0.31991 0.03802 0.06759
6 0.72734 0.2213 0.05365 0.04444
5 0.72656 0.1963 0.02604 0.02778
5 0.73281 0.18519 0.02187 0.02037
5 0.74635 0.18056 0.02187 0.02407
5 0.78229 0.16713 0.02187 0.03241
4 0.79505 0.20278 0.0276 0.02222
6 0.85339 0.09537 0.0474 0.03148
6 0.80312 0.10093 0.04167 0.02222
6 0.70052 0.10694 0.03125 0.02315
1 0.65833 0.11667 0.00521 0.01481
5 0.65599 0.11019 0.01927 0.02037
6 0.6224 0.1088 0.02917 0.025
4 0.53906 0.11481 0.02292 0.01667
6 0.55 0.09398 0.02813 0.02685
6 0.57839 0.1037 0.02969 0.02778
11 0.49922 0.07315 0.01302 0.02037
2 0.44661 0.09306 0.0026 0.01204
10 0.44609 0.09722 0.00677 0.01111
10 0.44062 0.23472 0.00937 0.01019
2 0.44089 0.23009 0.00365 0.01574
1 0.39792 0.12963 0.00417 0.01667
5 0.44115 0.07639 0.01146 0.0287
1 0.45443 0.0338 0.00365 0.01019
1 0.4237 0.05926 0.00365 0.01296
4 0.39661 0.08519 0.01615 0.01852
4 0.40417 0.07917 0.01875 0.01759
4 0.40859 0.07269 0.0151 0.01389
4 0.41328 0.06759 0.01615 0.01481
1 0.3875 0.14167 0.00521 0.01667
4 0.36953 0.15694 0.0224 0.01944
4 0.36172 0.17222 0.02135 0.01852
8 0.36016 0.20509 0.01823 0.02315
1 0.37578 0.30185 0.00365 0.01667
0 0.41432 0.33935 0.01615 0.10833
6 0.42995 0.31991 0.0151 0.05093
0 0.37083 0.36759 0.01354 0.1037
4 0.38281 0.44861 0.03646 0.02685
4 0.38203 0.46759 0.0349 0.02037
5 0.38594 0.48981 0.0375 0.03333
4 0.38307 0.51991 0.03698 0.02685
4 0.38568 0.54074 0.03906 0.02037
6 0.38542 0.56528 0.05625 0.05833
4 0.60104 0.0088 0.00833 0.01389
