7 0.14893 0.61095 0.01643 0.00857
10 0.14071 0.6581 0.01 0.00381
10 0.14286 0.63 0.01 0.00476
10 0.14 0.63619 0.01 0.00381
3 0.14429 0.6419 0.01 0.0019
3 0.15107 0.62952 0.00786 0.0019
3 0.13607 0.66571 0.00786 0.0019
3 0.14571 0.66381 0.00857 0.0019
3 0.14429 0.67 0.01143 0.00286
3 0.14143 0.68429 0.01 0.00286
10 0.44214 0.89762 0.00857 0.01048
10 0.45464 0.91571 0.00786 0.01048
10 0.44964 0.9081 0.00786 0.01048
10 0.44571 0.90143 0.00714 0.00857
1 0.16 0.85619 0.00714 0.00381
1 0.87286 0.57619 0.00571 0.00381
1 0.90107 0.67048 0.00643 0.00571
1 0.90857 0.66952 0.00571 0.00571
1 0.92679 0.55905 0.00643 0.00762
1 0.61429 0.60286 0.00429 0.00571
1 0.62357 0.61238 0.00429 0.00381
5 0.68321 0.46905 0.015 0.03333
4 0.69571 0.46714 0.01286 0.02952
4 0.73893 0.46714 0.015 0.02762
4 0.69679 0.41 0.01214 0.03143
4 0.73429 0.40524 0.01429 0.03143
4 0.75107 0.40667 0.015 0.03238
4 0.77071 0.46571 0.01429 0.03048
5 0.76571 0.40429 0.02286 0.03333
4 0.77857 0.40286 0.01429 0.02667
4 0.79321 0.40143 0.015 0.02571
4 0.81964 0.40143 0.01643 0.02952
4 0.86143 0.39905 0.01571 0.03048
4 0.87964 0.39905 0.01643 0.02857
4 0.8525 0.46476 0.01643 0.02857
4 0.87179 0.46476 0.01643 0.03048
5 0.88714 0.46476 0.01571 0.02857
4 0.90179 0.45952 0.01786 0.02952
4 0.99536 0.45619 0.00929 0.03048
4 0.985 0.21571 0.02429 0.01429
4 0.96036 0.21619 0.025 0.01524
4 0.93321 0.2181 0.02357 0.01333
4 0.90679 0.2181 0.02357 0.01524
5 0.88107 0.22 0.02214 0.01524
4 0.855 0.2219 0.02286 0.01333
4 0.82821 0.22286 0.02214 0.01333
4 0.80214 0.22381 0.02143 0.01333
4 0.77821 0.22476 0.02214 0.01524
4 0.72107 0.22714 0.02357 0.01429
4 0.75036 0.22571 0.02071 0.01333
4 0.69464 0.2281 0.02214 0.01429
4 0.66536 0.22905 0.02214 0.01429
4 0.64214 0.22905 0.02 0.01429
4 0.61643 0.23095 0.02286 0.01238
4 0.59036 0.23143 0.01786 0.01333
6 0.56536 0.22857 0.02786 0.02286
4 0.53821 0.23381 0.02071 0.01429
4 0.5125 0.23524 0.02071 0.01333
4 0.48821 0.23619 0.02071 0.01333
4 0.46179 0.23667 0.02071 0.01429
6 0.43643 0.23524 0.02143 0.01714
10 0.06893 0.03095 0.00643 0.00476
4 0.06214 0.06952 0.02286 0.01333
4 0.04893 0.11 0.02214 0.01238
4 0.04679 0.13286 0.02071 0.01429
4 0.09964 0.12476 0.01071 0.02476
4 0.10643 0.14571 0.01 0.02476
4 0.11679 0.14429 0.00929 0.02571
4 0.23321 0.12571 0.02071 0.01333
1 0.27393 0.1281 0.00357 0.00667
4 0.23429 0.11429 0.02 0.01333
4 0.2375 0.10476 0.02071 0.01143
4 0.24036 0.09286 0.02071 0.01238
4 0.24179 0.08238 0.01786 0.01238
4 0.27571 0.07524 0.01857 0.01333
10 0.25036 0.05714 0.00643 0.01333
4 0.27571 0.04857 0.01857 0.01333
4 0.27679 0.03952 0.01929 0.01238
5 0.275 0.1481 0.01714 0.01238
4 0.35 0.18762 0.02 0.01143
4 0.35 0.17667 0.02143 0.01429
4 0.35286 0.16571 0.01857 0.01143
4 0.38821 0.17333 0.01929 0.01333
4 0.38821 0.16143 0.01786 0.01238
4 0.38857 0.04476 0.00857 0.01905
4 0.385 0.01619 0.01857 0.01143
4 0.51786 0.1519 0.01286 0.02
4 0.56429 0.17048 0.00857 0.02286
4 0.57679 0.14048 0.02071 0.01429
4 0.57464 0.11857 0.01929 0.01429
4 0.57214 0.08095 0.01857 0.01333
4 0.57214 0.06143 0.01857 0.01429
4 0.56714 0.02857 0.01857 0.01333
10 0.5625 0.01333 0.00643 0.00571
10 0.56893 0.01238 0.00643 0.00571
4 0.71179 0.01 0.01786 0.01429
4 0.71679 0.03905 0.01929 0.01524
4 0.72214 0.06476 0.01857 0.01333
4 0.725 0.07476 0.01714 0.01238
4 0.72857 0.09714 0.02 0.01333
4 0.72929 0.10762 0.02143 0.01333
4 0.73536 0.11762 0.02071 0.01238
4 0.73536 0.12762 0.02071 0.01333
4 0.86214 0.00905 0.01857 0.01429
4 0.87464 0.04286 0.01929 0.01333
5 0.87786 0.05095 0.02 0.01429
4 0.88679 0.09333 0.02071 0.01905
4 0.88607 0.10429 0.01929 0.0181
4 0.90214 0.1581 0.01286 0.02286
