6 0.42344 0.27731 0.04896 0.05648
4 0.44635 0.29815 0.02813 0.02778
4 0.55677 0.33472 0.01354 0.0287
4 0.58984 0.33333 0.01302 0.02593
4 0.62734 0.39398 0.02865 0.03241
4 0.63359 0.37917 0.02656 0.0287
2 0.57682 0.22917 0.00156 0.00463
2 0.57812 0.22778 0.00313 0.01111
3 0.57865 0.23194 0.00521 0.01019
4 0.70625 0.2213 0.01667 0.02222
5 0.70443 0.16111 0.02135 0.02037
4 0.79661 0.2375 0.0224 0.01944
4 0.78438 0.22593 0.025 0.01667
5 0.775 0.2162 0.01875 0.0213
4 0.77031 0.21019 0.02396 0.01667
4 0.76276 0.20231 0.02448 0.01759
4 0.76432 0.19722 0.02344 0.02037
4 0.76016 0.17731 0.02135 0.01759
4 0.75859 0.1713 0.02344 0.01667
4 0.76042 0.16343 0.01979 0.01574
4 0.71589 0.15833 0.01615 0.01667
4 0.71745 0.14907 0.02031 0.01481
4 0.72422 0.14444 0.01615 0.01296
4 0.73411 0.13889 0.01823 0.01852
4 0.75313 0.11898 0.01875 0.01574
4 0.76354 0.1088 0.01979 0.01574
0 0.76953 0.13704 0.00677 0.03333
4 0.92135 0.28889 0.02396 0.01667
