6 0.06927 0.1787 0.09896 0.13519
4 0.04375 0.15648 0.04896 0.04815
6 0.06927 0.28241 0.08646 0.14444
4 0.16536 0.01806 0.03594 0.03426
4 0.17057 0.21111 0.05365 0.08148
4 0.21927 0.04028 0.04063 0.06019
6 0.28125 0.06157 0.04583 0.08241
5 0.22109 0.21204 0.04427 0.08519
4 0.29714 0.26296 0.04115 0.08704
6 0.20677 0.30694 0.08333 0.18056
6 0.26042 0.35926 0.06458 0.12222
4 0.34714 0.01481 0.02656 0.02963
4 0.375 0.02639 0.03125 0.05278
4 0.40651 0.025 0.02969 0.05
4 0.34635 0.08565 0.03542 0.06389
5 0.37734 0.09491 0.03177 0.08241
5 0.40937 0.10556 0.03646 0.1
6 0.48958 0.07731 0.04063 0.08796
6 0.49297 0.24167 0.05885 0.12963
1 0.53828 0.0287 0.01094 0.03519
1 0.54089 0.18056 0.01198 0.04259
6 0.62318 0.19537 0.0474 0.1537
1 0.55599 0.29676 0.01198 0.03796
1 0.57682 0.33148 0.00885 0.03333
1 0.60104 0.33472 0.00937 0.0287
7 0.61849 0.3287 0.0276 0.09074
3 0.58594 0.38287 0.00937 0.03796
4 0.59922 0.46528 0.03906 0.13611
10 0.51589 0.69213 0.0401 0.03981
6 0.60313 0.69537 0.06771 0.22222
11 0.58802 0.87685 0.075 0.18889
4 0.7138 0.76065 0.02865 0.11389
4 0.71432 0.29815 0.0276 0.07407
