4 0.23893 0.96857 0.05214 0.06286
4 0.49143 0.94286 0.04571 0.11429
4 0.675 0.76429 0.04429 0.14571
5 0.51 0.62857 0.04 0.1181
6 0.57286 0.40762 0.10286 0.16
4 0.78714 0.26619 0.08714 0.05238
4 0.66857 0.1481 0.03714 0.09238
4 0.4325 0.12143 0.03786 0.1
4 0.26643 0.75286 0.05286 0.14
4 0.2825 0.59857 0.05357 0.12857
5 0.43286 0.41429 0.04571 0.12571
1 0.78357 0.40143 0.02 0.02571
1 0.575 0.1281 0.01 0.03333
1 0.63214 0.27143 0.01286 0.02667
1 0.6825 0.22333 0.01357 0.03333
1 0.70679 0.33429 0.01214 0.02667
1 0.77964 0.33333 0.01929 0.02667
2 0.62286 0.0581 0.01286 0.02667
3 0.62 0.06524 0.02714 0.02952
5 0.67179 0.04905 0.03071 0.06762
4 0.21214 0.23429 0.04429 0.09905
1 0.22536 0.3319 0.02071 0.03143
1 0.1275 0.3519 0.02214 0.02571
5 0.06286 0.94238 0.10571 0.11333
1 0.12786 0.90333 0.03714 0.02381
4 0.08464 0.8519 0.105 0.10952
4 0.08607 0.76905 0.10214 0.11333
4 0.09393 0.68762 0.08214 0.0819
4 0.15071 0.59762 0.08571 0.09048
1 0.19286 0.49 0.01714 0.02381
5 0.13536 0.4919 0.08786 0.06952
6 0.2575 0.4719 0.145 0.20476
2 0.60714 0.6681 0.01857 0.0219
2 0.64286 0.70238 0.01429 0.02381
2 0.66143 0.35 0.01286 0.02571
3 0.66214 0.35619 0.00857 0.04381
3 0.60607 0.66905 0.01214 0.04667
3 0.64143 0.70429 0.01286 0.04476
