1 0.04036 0.0162 0.02135 0.03241
1 0.0974 0.13889 0.01979 0.05
1 0.13073 0.34398 0.02083 0.03981
1 0.17266 0.56389 0.01927 0.05
1 0.24349 0.57454 0.02448 0.03796
1 0.33021 0.83935 0.01562 0.03796
1 0.48229 0.53056 0.01771 0.05185
1 0.4974 0.55 0.01771 0.05
1 0.53177 0.5625 0.01979 0.04167
1 0.625 0.68426 0.02187 0.04074
1 0.6599 0.64074 0.02396 0.0463
1 0.57526 0.49537 0.01823 0.04815
1 0.56563 0.46204 0.025 0.03704
1 0.69141 0.57593 0.01719 0.0463
1 0.71042 0.54954 0.01875 0.05278
1 0.6849 0.44213 0.02396 0.04167
1 0.71224 0.46991 0.02031 0.04722
1 0.69427 0.36667 0.02396 0.03704
1 0.68672 0.32176 0.02656 0.05093
1 0.66771 0.27963 0.01667 0.05
1 0.65026 0.26065 0.01927 0.03796
1 0.15339 0.32639 0.01927 0.05463
1 0.14583 0.34167 0.01875 0.04444
10 0.37682 0.63241 0.03177 0.06111
