1 0.01432 0.26667 0.01719 0.03148
10 0.15964 0.48565 0.02135 0.01944
10 0.17396 0.58472 0.01875 0.03611
4 0.13672 0.61019 0.0651 0.06296
5 0.04505 0.86481 0.03802 0.09259
4 0.03464 1.17963 0.06823 0.11481
4 0.08568 1.16528 0.0651 0.11759
4 0.02604 1.34907 0.05208 0.07963
4 0.21354 1.35556 0.06875 0.06481
4 0.29193 1.35046 0.07031 0.07685
4 0.16172 1.11852 0.06927 0.09815
1 0.18776 1.0625 0.01615 0.01204
4 0.26406 1.05694 0.05833 0.07685
5 0.31536 1.03935 0.05156 0.08241
4 0.4138 1.27222 0.06406 0.08519
4 0.47552 1.2412 0.06667 0.06759
4 0.53177 1.20509 0.06146 0.08426
4 0.6099 1.16019 0.06771 0.07407
4 0.68203 1.11667 0.06198 0.09259
4 0.73828 1.08102 0.06094 0.10093
5 0.78125 1.05509 0.05104 0.08056
4 0.82031 1.01898 0.06354 0.08981
1 0.93542 1.24398 0.01875 0.01944
4 0.88438 0.99861 0.0625 0.075
4 0.93464 0.96435 0.0651 0.075
4 0.99714 0.93148 0.0651 0.06667
4 1.02083 0.88287 0.04063 0.06944
5 0.27865 0.85417 0.05208 0.06204
1 0.55182 0.78657 0.00677 0.01389
4 0.33646 0.87824 0.01042 0.01019
4 0.41068 0.46944 0.05885 0.06111
4 0.58255 0.3838 0.05573 0.05833
10 0.65365 0.27917 0.01667 0.03426
7 0.68984 0.25463 0.01719 0.05926
7 0.66875 0.24861 0.03333 0.04722
3 0.71016 0.18889 0.01927 0.02407
10 0.78125 0.18565 0.02187 0.02315
3 0.91823 0.025 0.01354 0.03519
10 0.9263 0.0287 0.01615 0.03889
10 0.96536 0.04028 0.01406 0.03426
4 0.51693 0.89907 0.05885 0.06481
4 0.74245 0.79028 0.06927 0.06204
6 0.82526 0.72361 0.06719 0.06944
4 0.89479 0.7088 0.0625 0.0787
4 1.02396 0.66528 0.03438 0.05278
10 0.92786 0.77315 0.02865 0.01852
2 0.93021 0.77222 0.01667 0.01852
2 0.93437 0.77037 0.01875 0.01667
1 0.93047 0.6213 0.01823 0.02037
2 0.98333 0.53287 0.01771 0.01759
3 0.97188 0.48333 0.02292 0.02963
1 0.91615 0.48657 0.01562 0.0213
3 1.01771 0.4912 0.02813 0.02685
