4 0.65684 0.61688 0.02557 0.08163
4 0.36717 0.85668 0.07672 0.06401
4 0.38309 0.80751 0.06576 0.05288
5 0.47991 0.65863 0.02766 0.07607
5 0.4358 0.54731 0.05428 0.04267
5 0.43711 0.51623 0.04123 0.03989
4 0.47051 0.47495 0.04854 0.03896
5 0.47651 0.44573 0.03862 0.04545
4 0.4726 0.42161 0.04332 0.03061
4 0.48382 0.39564 0.03967 0.03432
4 0.5428 0.32978 0.01983 0.04545
4 0.50835 0.2667 0.03132 0.03061
5 0.51775 0.24258 0.03445 0.03061
5 0.51592 0.21521 0.02766 0.02968
5 0.52688 0.1795 0.0214 0.02134
4 0.53575 0.16512 0.02557 0.02226
4 0.52636 0.13126 0.01096 0.01948
5 0.52923 0.09787 0.01775 0.02134
4 0.69468 0.10668 0.01148 0.02041
4 0.70799 0.05056 0.01931 0.01391
4 0.738 0.0603 0.02192 0.0167
4 0.71399 0.04638 0.01775 0.01299
4 0.60125 0.03942 0.01775 0.01577
4 0.78836 0.05334 0.01931 0.01391
4 0.80898 0.06957 0.02192 0.01855
4 0.8249 0.05891 0.01931 0.01577
4 0.64248 0.00696 0.00626 0.01391
2 0.8857 0.52412 0.00626 0.01484
10 0.88361 0.53479 0.00939 0.0269
10 0.5702 0.29499 0.0047 0.01299
2 0.57098 0.28571 0.00418 0.01299
1 0.54854 0.23701 0.00418 0.01577
1 0.5548 0.22959 0.00313 0.01763
1 0.5501 0.22403 0.00313 0.01763
10 0.49478 0.16837 0.00939 0.01206
10 0.34708 0.58813 0.02088 0.0167
10 0.37056 0.52458 0.01775 0.01763
10 0.39483 0.45037 0.01305 0.02134
10 0.41649 0.38683 0.01253 0.0167
0 0.77792 0.03896 0.01305 0.01299
0 0.82698 0.04082 0.01514 0.01113
2 0.93058 0.64425 0.00835 0.01577
10 0.92745 0.65584 0.01253 0.03525
2 0.32437 0.71753 0.01096 0.02876
10 0.32385 0.74165 0.01722 0.02319
