5 0.0675 0.28109 0.06786 0.13579
1 0.50964 0.98223 0.01071 0.03299
1 0.46679 0.89467 0.00929 0.0203
1 0.475 0.88008 0.01 0.03934
1 0.48321 0.87881 0.01214 0.03934
1 0.45214 0.84708 0.00714 0.03173
1 0.44929 0.81853 0.00857 0.02284
1 0.45964 0.74556 0.00786 0.02665
1 0.45571 0.7519 0.00714 0.02411
1 0.44679 0.71954 0.00643 0.03299
2 0.47464 0.48794 0.00786 0.01904
2 0.43357 0.55393 0.00857 0.02157
1 0.45929 0.44607 0.00714 0.03173
1 0.46571 0.43972 0.00714 0.0368
2 0.49393 0.42957 0.01214 0.02411
2 0.49071 0.41434 0.01143 0.02157
2 0.44643 0.39721 0.01 0.02538
2 0.20214 0.43211 0.02 0.04188
2 0.46536 0.14848 0.00786 0.02792
1 0.47107 0.05774 0.00929 0.01904
1 0.47036 0.06345 0.00929 0.02284
2 0.46214 0.15102 0.00714 0.02284
1 0.37321 0.19226 0.00786 0.03173
1 0.35214 0.18845 0.01 0.02919
1 0.355 0.2132 0.00571 0.01777
1 0.35964 0.19987 0.00643 0.02665
1 0.36571 0.19734 0.00714 0.02665
1 0.35036 0.14911 0.00786 0.03173
1 0.40429 0.05774 0.00714 0.02157
1 0.37036 0.13959 0.00643 0.03046
1 0.37571 0.15419 0.00714 0.02919
1 0.385 0.15355 0.00857 0.03553
1 0.39214 0.15228 0.00714 0.03553
1 0.37786 0.13135 0.00714 0.02665
1 0.38821 0.13071 0.00786 0.02792
1 0.39786 0.13452 0.00714 0.02792
1 0.39786 0.14848 0.00714 0.03299
2 0.41536 0.06662 0.00643 0.02411
2 0.43643 0.75127 0.01143 0.03299
1 0.41393 0.55774 0.00929 0.03426
