1 0.35365 0.45972 0.0125 0.03796
1 0.33177 0.43194 0.00833 0.03611
1 0.34245 0.4 0.01094 0.03148
1 0.34818 0.2963 0.00469 0.01667
1 0.34375 0.2912 0.00417 0.01574
1 0.34193 0.2838 0.00365 0.01204
2 0.40625 0.34676 0.00521 0.00833
1 0.20104 0.3412 0.00521 0.0213
3 0.1974 0.34815 0.01042 0.01481
1 0.3349 0.27917 0.00313 0.01389
10 0.40729 0.35 0.01354 0.01111
2 0.57422 0.35231 0.0099 0.01759
1 0.61406 0.29769 0.00417 0.01204
1 0.51641 0.76528 0.0151 0.06389
1 0.50443 0.76574 0.01198 0.03704
1 0.41536 0.58056 0.0151 0.05556
1 0.69922 0.42963 0.00573 0.02407
1 0.69219 0.42222 0.00729 0.02963
1 0.69193 0.32407 0.00469 0.01296
1 0.65625 0.3162 0.00313 0.01204
1 0.67734 0.2963 0.00469 0.01481
0 0.55052 0.27037 0.00937 0.00926
6 0.54036 0.24861 0.01094 0.01019
5 0.52865 0.24722 0.00937 0.00741
4 0.5151 0.24583 0.00937 0.00833
4 0.5013 0.24444 0.01198 0.00926
4 0.48802 0.24167 0.01146 0.00926
4 0.52135 0.24537 0.00833 0.00741
4 0.47422 0.2412 0.00885 0.00833
4 0.45052 0.23796 0.00833 0.00741
1 0.3401 0.24954 0.00313 0.01019
1 0.33672 0.24583 0.0026 0.00833
1 0.33516 0.2463 0.0026 0.00926
