4 0.38411 0.62685 0.01406 0.06111
6 0.40599 0.55972 0.01927 0.09352
4 0.38073 0.5412 0.01354 0.05463
4 0.31589 0.5537 0.01615 0.0463
4 0.38281 0.45602 0.01354 0.04537
9 0.40391 0.39167 0.01719 0.10185
4 0.38516 0.38611 0.01094 0.03333
4 0.34974 0.38565 0.01198 0.03241
9 0.33594 0.33935 0.01458 0.05093
4 0.45182 0.43287 0.0151 0.04537
4 0.38594 0.31806 0.01042 0.03241
4 0.40182 0.30185 0.00885 0.02778
4 0.38516 0.27778 0.0099 0.02222
4 0.35833 0.27963 0.00937 0.02222
4 0.40234 0.26389 0.01094 0.03148
4 0.3862 0.24769 0.00885 0.02315
4 0.40104 0.23426 0.00937 0.02222
4 0.3888 0.21296 0.0099 0.02778
4 0.40156 0.19028 0.00937 0.02685
6 0.38724 0.16852 0.0099 0.03148
4 0.3651 0.17778 0.00625 0.01667
4 0.36198 0.09537 0.00729 0.01111
4 0.3487 0.09722 0.00677 0.01481
4 0.35339 0.06528 0.00781 0.01574
4 0.36302 0.05139 0.00729 0.0213
4 0.37344 0.03935 0.00521 0.01019
4 0.3651 0.0287 0.00521 0.01111
4 0.35625 0.04352 0.00625 0.01481
6 0.3888 0.11759 0.0099 0.03704
0 0.40495 0.06991 0.02031 0.11759
4 0.38906 0.08565 0.00729 0.01389
6 0.38906 0.05509 0.00521 0.01759
4 0.37266 0.06065 0.00573 0.01204
6 0.39036 0.01111 0.00677 0.02222
4 0.3763 0.01852 0.00469 0.00926
4 0.36797 0.01435 0.00469 0.01204
