4 0.37708 0.02037 0.01771 0.04074
4 0.34245 0.02593 0.04219 0.03889
4 0.43464 0.04259 0.01823 0.06296
10 0.4474 0.10694 0.0125 0.025
4 0.3901 0.09722 0.01771 0.06852
4 0.35286 0.06759 0.04323 0.03333
4 0.3513 0.10278 0.04323 0.03889
4 0.35833 0.13843 0.04271 0.03426
4 0.35391 0.17731 0.0401 0.03796
4 0.35286 0.21481 0.04531 0.03889
4 0.38802 0.22639 0.01979 0.075
4 0.31328 0.22685 0.02031 0.06667
4 0.35052 0.25509 0.04583 0.03981
4 0.30625 0.3037 0.02083 0.07407
4 0.35182 0.29583 0.05052 0.03981
4 0.35625 0.34306 0.04688 0.03981
4 0.31771 0.40833 0.02292 0.08148
4 0.35807 0.48704 0.05052 0.04074
4 0.35833 0.52963 0.05 0.03889
6 0.35286 0.57361 0.06406 0.04352
5 0.35885 0.68565 0.04167 0.03796
6 0.36953 0.81667 0.06927 0.0463
6 0.36745 0.88333 0.06615 0.0463
6 0.36875 0.94861 0.06563 0.04722
1 0.45286 0.96759 0.00677 0.00926
3 0.35495 0.78194 0.01823 0.01204
10 0.25677 0.85463 0.01875 0.01667
10 0.25833 0.825 0.01562 0.01852
10 0.25885 0.79167 0.01667 0.01667
10 0.2599 0.76435 0.01562 0.01759
10 0.40391 0.56806 0.0151 0.04352
10 0.39505 0.52315 0.01406 0.02778
2 0.40417 0.5662 0.00937 0.01944
10 0.34089 0.39074 0.01302 0.03519
10 0.39219 0.42037 0.02292 0.02407
1 0.4263 0.33519 0.00781 0.03148
1 0.44635 0.28472 0.00625 0.0213
4 0.45651 0.52824 0.02448 0.08981
4 0.23594 0.60787 0.03542 0.03056
10 0.04297 0.5162 0.01302 0.03981
10 0.2026 0.59907 0.01562 0.03704
10 0.19375 0.60278 0.0125 0.03519
10 0.18307 0.60324 0.01302 0.03611
10 0.17552 0.59954 0.01354 0.03426
1 0.27344 0.38241 0.00625 0.02407
6 0.49974 0.59167 0.06198 0.04259
10 0.5099 0.68704 0.02187 0.02037
