4 0.05179 0.3585 0.02071 0.02411
4 0.00821 0.18845 0.01643 0.02665
4 0.01714 0.19924 0.02571 0.02284
4 0.03071 0.20939 0.02429 0.02538
5 0.0425 0.2151 0.02929 0.02919
5 0.05679 0.22398 0.02929 0.02919
5 0.13857 0.27284 0.02857 0.03046
5 0.16607 0.28744 0.02786 0.02919
5 0.17429 0.29632 0.02714 0.03173
5 0.18679 0.30266 0.02786 0.03173
6 0.15 0.58439 0.03857 0.05203
6 0.18143 0.77855 0.03571 0.06472
1 0.22607 0.80901 0.00643 0.01904
1 0.94821 0.89975 0.00929 0.02284
2 0.975 0.70241 0.00714 0.01396
2 0.98321 0.69099 0.005 0.01396
2 0.80679 0.44036 0.00643 0.01777
5 0.75964 0.48414 0.02643 0.03426
5 0.75107 0.4981 0.035 0.03934
4 0.74179 0.5184 0.03214 0.02919
6 0.72036 0.5717 0.05786 0.05964
11 0.64643 0.42576 0.02429 0.02665
4 0.64036 0.45685 0.03071 0.03299
4 0.6325 0.47462 0.02786 0.03046
5 0.62179 0.51332 0.03214 0.03426
9 0.49857 0.61104 0.08429 0.08756
9 0.51143 0.58756 0.08429 0.09137
1 0.51357 0.55457 0.00571 0.01777
1 0.52143 0.54886 0.00429 0.0165
9 0.52857 0.48731 0.05 0.10914
9 0.45036 0.46447 0.05643 0.04315
9 0.47429 0.44607 0.05 0.03426
9 0.47036 0.42386 0.04786 0.03299
9 0.49036 0.40419 0.045 0.03173
9 0.60286 0.35343 0.06857 0.06726
1 0.59571 0.1599 0.00286 0.01523
1 0.59893 0.15799 0.00214 0.0165
9 0.56321 0.25254 0.03929 0.07614
9 0.48036 0.33566 0.04786 0.08756
1 0.56071 0.28173 0.00286 0.01523
1 0.50857 0.07741 0.00286 0.01523
1 0.50571 0.08947 0.00286 0.01142
1 0.49357 0.11992 0.00286 0.01142
1 0.48679 0.12183 0.00357 0.01523
1 0.48214 0.13135 0.00429 0.01142
1 0.47357 0.12437 0.00286 0.01269
1 0.45857 0.14721 0.00286 0.01015
1 0.44964 0.1764 0.00357 0.01269
1 0.42643 0.18718 0.00286 0.0165
1 0.40107 0.21891 0.00214 0.01396
1 0.39607 0.23604 0.00357 0.01777
1 0.38786 0.2519 0.00429 0.0165
1 0.39 0.25317 0.00429 0.01396
1 0.37571 0.26904 0.00429 0.01523
1 0.37786 0.2703 0.00286 0.01269
1 0.36357 0.28109 0.00429 0.01396
1 0.36 0.28173 0.00286 0.01523
4 0.57071 0.77792 0.03571 0.04315
5 0.61071 0.81218 0.03571 0.04315
5 0.65786 0.84708 0.03571 0.04188
