1 0.93143 0.97524 0.03857 0.04952
1 0.96107 0.97048 0.03643 0.05905
4 0.65893 0.80619 0.08929 0.21429
4 0.63571 0.61095 0.07286 0.15714
4 0.60714 0.46571 0.05143 0.09714
2 0.74857 0.38 0.02571 0.03429
2 0.75536 0.38714 0.01929 0.03143
2 0.76071 0.39286 0.02857 0.02952
2 0.72536 0.39286 0.02357 0.04286
3 0.7275 0.39857 0.01357 0.04476
6 0.6 0.34 0.06143 0.14857
3 0.33607 0.85714 0.02643 0.09524
8 0.34893 0.75286 0.05357 0.14381
4 0.17107 0.89333 0.13786 0.21143
4 0.09 0.39667 0.09571 0.06571
4 0.12821 0.35476 0.11357 0.0581
4 0.39429 0.42143 0.09857 0.07714
4 0.43536 0.34381 0.04071 0.07238
5 0.35071 0.55143 0.10714 0.13524
1 0.4 0.51286 0.01429 0.0581
1 0.44786 0.44762 0.01571 0.05524
1 0.42821 0.44381 0.015 0.05524
1 0.41607 0.45095 0.01929 0.05429
1 0.39536 0.45048 0.01643 0.05143
1 0.39286 0.47857 0.01429 0.05048
4 0.565 0.15905 0.04286 0.04
4 0.59643 0.13524 0.04714 0.03619
4 0.72321 0.19857 0.07071 0.04095
6 0.82393 0.15333 0.245 0.09524
3 0.71321 0.28905 0.03214 0.02952
1 0.80964 0.2181 0.01214 0.03429
1 0.81786 0.21571 0.01429 0.03524
1 0.66214 0.13952 0.00857 0.03143
1 0.65393 0.13524 0.00786 0.02667
3 0.23214 0.30714 0.01857 0.03333
2 0.54321 0.32381 0.01643 0.03619
2 0.54714 0.31667 0.01857 0.03905
10 0.54679 0.32238 0.01786 0.03905
2 0.49571 0.22952 0.01143 0.02857
3 0.49464 0.23571 0.00929 0.03143
6 0.45536 0.2181 0.04357 0.07238
6 0.45393 0.17762 0.075 0.04667
2 0.4925 0.18905 0.00929 0.03143
2 0.48821 0.15238 0.01071 0.02095
1 0.515 0.13143 0.00714 0.02857
1 0.49964 0.13048 0.00786 0.03048
1 0.48071 0.11429 0.00857 0.02857
1 0.48 0.09048 0.00714 0.02286
6 0.60464 0.08667 0.05643 0.03619
6 0.60429 0.05429 0.02857 0.05143
4 0.53786 0.06333 0.01857 0.02381
4 0.51321 0.01905 0.015 0.02095
6 0.55429 0.01238 0.01571 0.02476
1 0.56321 0.06 0.005 0.02476
2 0.61286 0.11286 0.01 0.02571
1 0.46643 0.05857 0.00714 0.02381
2 0.46071 0.04 0.00714 0.01524
5 0.46107 0.07762 0.02214 0.03524
8 0.47036 0.12333 0.025 0.0181
8 0.60464 0.11619 0.03071 0.02095
1 0.69786 0.12619 0.01 0.02762
2 0.61536 0.22048 0.015 0.02571
2 0.72607 0.23619 0.01071 0.02286
