1 0.43429 0.16 0.00571 0.01905
1 0.58964 0.12095 0.005 0.01524
6 0.20107 0.25905 0.045 0.03619
4 0.28429 0.26381 0.02 0.03429
4 0.2125 0.33952 0.04214 0.03333
9 0.10036 0.32381 0.105 0.04762
10 0.17536 0.35429 0.00786 0.01905
10 0.15643 0.39238 0.00571 0.01905
10 0.17107 0.43524 0.00786 0.02476
10 0.17857 0.43238 0.00857 0.02476
9 0.13286 0.48619 0.08857 0.06762
9 0.12107 0.5381 0.10214 0.08762
9 0.13107 0.58667 0.105 0.07048
9 0.12821 0.63 0.10929 0.08095
9 0.14536 0.65905 0.11071 0.08762
9 0.22536 0.61762 0.04214 0.09048
4 0.33071 0.56048 0.04143 0.03333
9 0.31143 0.48 0.08571 0.07429
4 0.24786 0.50476 0.04286 0.0381
9 0.25 0.46143 0.08571 0.06571
9 0.2525 0.4319 0.08643 0.06762
9 0.24571 0.41 0.08143 0.06571
9 0.33643 0.40333 0.08 0.06571
9 0.32536 0.38048 0.07643 0.06381
9 0.46714 0.19 0.02 0.05048
9 0.49179 0.18762 0.02357 0.05143
9 0.51036 0.1819 0.02643 0.05143
9 0.5325 0.18143 0.025 0.05048
9 0.55464 0.17714 0.025 0.04952
9 0.57821 0.17762 0.025 0.05048
9 0.60036 0.17524 0.02643 0.04762
9 0.62071 0.17333 0.03 0.05143
9 0.64214 0.17 0.03143 0.04857
4 0.61964 0.32524 0.03929 0.02952
1 0.53143 0.42095 0.00571 0.01714
9 0.55357 0.37048 0.10143 0.08762
9 0.6675 0.38333 0.115 0.08286
9 0.66 0.41429 0.08714 0.06476
9 0.62321 0.43048 0.12214 0.0819
9 0.6225 0.46857 0.11929 0.08762
9 0.54143 0.46714 0.09143 0.07524
9 0.59321 0.55762 0.10357 0.09048
9 0.58214 0.60238 0.07286 0.0581
9 0.56107 0.63286 0.14214 0.09429
9 0.54393 0.67952 0.15214 0.10762
10 0.62679 0.72667 0.01214 0.02857
9 0.52857 0.73333 0.15714 0.11238
9 0.52893 0.87571 0.12214 0.0981
9 0.49393 0.92524 0.17071 0.14571
5 0.48893 0.98286 0.05786 0.03429
9 0.95214 0.96333 0.09571 0.06952
9 0.91893 0.74762 0.13071 0.07238
9 0.91857 0.68571 0.13714 0.07619
1 0.69929 0.47667 0.00857 0.02
5 0.71179 0.49286 0.02357 0.04095
9 0.77714 0.27143 0.07286 0.09905
9 0.81607 0.25286 0.06214 0.1
4 0.78464 0.32952 0.02071 0.03238
4 0.81179 0.33619 0.02786 0.0381
4 0.82964 0.33524 0.02643 0.03619
4 0.85429 0.33048 0.02857 0.04
4 0.85321 0.2781 0.02643 0.03238
4 0.90643 0.28762 0.03714 0.02286
10 0.96 0.30857 0.01429 0.01333
10 0.95536 0.30381 0.015 0.00952
10 0.95286 0.29905 0.01571 0.01143
10 0.94143 0.28619 0.01429 0.01429
10 0.9375 0.28143 0.015 0.01429
10 0.93214 0.27905 0.01571 0.00952
10 0.92857 0.27048 0.01571 0.01143
10 0.92393 0.26571 0.01357 0.01143
10 0.92214 0.2619 0.01714 0.01333
4 0.92214 0.31381 0.03857 0.02571
4 0.94036 0.33095 0.03929 0.02571
4 0.97179 0.34286 0.03786 0.02667
4 0.93321 0.35619 0.03929 0.02476
4 0.94321 0.37714 0.03786 0.02476
4 0.98179 0.36524 0.03643 0.02762
4 0.98571 0.3981 0.02857 0.02667
1 0.93571 0.4119 0.00857 0.0181
