4 0.085 0.13071 0.00714 0.01777
4 0.08857 0.10914 0.00714 0.0203
4 0.28071 0.13579 0.00857 0.01523
9 0.29964 0.08376 0.01214 0.02792
1 0.08821 0.31536 0.005 0.01142
4 0.18857 0.42259 0.02286 0.01777
5 0.16321 0.46003 0.01929 0.02665
5 0.02357 0.43972 0.02571 0.0165
6 0.02643 0.41942 0.03143 0.02411
4 0.02536 0.45431 0.02643 0.01523
4 0.10321 0.46129 0.02071 0.01904
4 0.115 0.44099 0.02429 0.01904
9 0.09143 0.41878 0.03429 0.02284
9 0.15893 0.51967 0.01929 0.05203
9 0.09143 0.62944 0.04429 0.09645
5 0.09036 0.58503 0.02071 0.03553
5 0.06214 0.61104 0.02571 0.04442
4 0.07214 0.70305 0.02143 0.03807
4 0.04107 0.67195 0.02214 0.03934
4 0.02536 0.71193 0.02071 0.02792
4 0.04 0.8014 0.02429 0.04442
4 0.05643 0.74683 0.02 0.0368
6 0.0275 0.65038 0.055 0.12563
6 0.02893 0.75635 0.05643 0.16244
1 0.16143 0.30647 0.00429 0.00888
6 0.29679 0.27475 0.01786 0.04442
6 0.25679 0.35025 0.02071 0.04822
9 0.27357 0.30901 0.01714 0.0368
4 0.27464 0.34898 0.01357 0.02284
1 0.36821 0.31789 0.00214 0.01142
1 0.34821 0.31155 0.00357 0.01396
1 0.35036 0.30584 0.005 0.01015
4 0.34643 0.50063 0.02286 0.01904
5 0.32571 0.53553 0.02857 0.02538
1 0.37929 0.30393 0.00429 0.01396
1 0.35179 0.34264 0.00357 0.01269
1 0.39607 0.30076 0.00357 0.01015
1 0.37429 0.29378 0.00286 0.01142
4 0.46107 0.56662 0.02214 0.0165
4 0.46714 0.54822 0.02143 0.02284
4 0.54036 0.47652 0.02357 0.02411
4 0.56036 0.58122 0.02786 0.02792
6 0.62429 0.48858 0.05429 0.04822
6 0.63214 0.56599 0.04 0.03299
1 0.68536 0.96383 0.005 0.02157
4 0.79107 0.61612 0.03071 0.02157
6 0.71786 0.44099 0.03286 0.06726
4 0.81536 0.43909 0.015 0.02792
5 0.84464 0.60723 0.01929 0.04442
5 0.72607 0.12944 0.00643 0.0203
4 0.68036 0.1618 0.01357 0.01142
4 0.68214 0.15546 0.00857 0.00635
4 0.68 0.15102 0.01571 0.01269
4 0.68071 0.14277 0.01143 0.00888
4 0.68107 0.13832 0.01071 0.00761
4 0.68179 0.13325 0.01214 0.00761
4 0.68179 0.12373 0.01357 0.00888
4 0.68321 0.11739 0.01214 0.00888
4 0.68357 0.11168 0.01286 0.00761
4 0.68393 0.1047 0.01071 0.00888
4 0.68464 0.09772 0.01071 0.00761
4 0.68179 0.07424 0.01214 0.00888
4 0.68286 0.06789 0.01143 0.00888
4 0.68286 0.06409 0.01286 0.00888
4 0.70571 0.08566 0.00571 0.01396
6 0.78143 0.28173 0.01857 0.05838
9 0.82857 0.09708 0.01286 0.05457
5 0.89179 0.80013 0.02643 0.05711
