4 0.17995 0.63935 0.05885 0.19907
4 0.25911 0.66481 0.06094 0.21852
4 0.33385 0.73981 0.04583 0.19074
1 0.03958 0.25972 0.03021 0.04167
1 0.1849 0.12222 0.01771 0.03889
1 0.10469 0.06157 0.025 0.06389
1 0.06563 0.08194 0.03021 0.05463
1 0.07266 0.33519 0.03281 0.04074
1 0.33099 0.425 0.02031 0.02778
1 0.32995 0.39537 0.0151 0.02778
1 0.35755 0.45648 0.01094 0.02778
1 0.56667 0.58194 0.02083 0.025
6 0.05677 0.55463 0.11354 0.28519
4 0.36641 0.07176 0.10156 0.11574
4 0.65339 0.22963 0.10365 0.10556
4 0.54479 0.31806 0.05833 0.18426
4 0.49141 0.29167 0.05573 0.18333
4 0.43464 0.25787 0.06615 0.19167
5 0.30911 0.21852 0.07448 0.17963
5 0.36953 0.25278 0.07135 0.20556
5 0.59609 0.36991 0.05781 0.175
5 0.64948 0.40741 0.06458 0.18519
5 0.6974 0.41389 0.05521 0.18704
3 0.47266 0.07269 0.01823 0.06389
1 0.08646 0.42407 0.03125 0.02593
1 0.06328 0.36806 0.03281 0.0287
1 0.0487 0.39444 0.03594 0.03519
1 0.04792 0.35694 0.025 0.01759
1 0.04557 0.34306 0.03281 0.01944
1 0.03203 0.33889 0.02552 0.01852
1 0.35052 0.43426 0.01146 0.03148
1 0.2776 0.275 0.00937 0.02778
1 0.38177 0.34074 0.01146 0.03889
2 0.33802 0.48148 0.02187 0.03333
2 0.48229 0.55556 0.01875 0.02963
2 0.6026 0.55463 0.02813 0.03704
2 0.0138 0.38102 0.01823 0.03056
3 0.33802 0.4838 0.03646 0.03426
3 0.47839 0.55787 0.0401 0.02685
10 0.5974 0.55648 0.02396 0.05741
11 0.59167 0.67731 0.02292 0.03611
1 0.57839 0.67222 0.0349 0.03333
1 0.6224 0.5287 0.02187 0.02778
8 0.7 0.53519 0.04583 0.07222
1 0.4974 0.01296 0.01562 0.02593
