0 0.357 0.27767 0.019 0.01267
0 0.3955 0.27867 0.022 0.01067
4 0.4385 0.27967 0.009 0.006
5 0.44975 0.28867 0.0105 0.00667
4 0.45325 0.29133 0.0125 0.00667
5 0.47325 0.28633 0.0095 0.00733
5 0.47275 0.289 0.0105 0.006
4 0.48075 0.29333 0.0105 0.008
5 0.493 0.29167 0.01 0.00867
4 0.49325 0.30233 0.0105 0.006
4 0.49575 0.30533 0.0105 0.00667
4 0.501 0.30733 0.012 0.008
4 0.50425 0.311 0.0145 0.00867
4 0.50875 0.31533 0.0145 0.008
4 0.5235 0.31633 0.008 0.00867
5 0.505 0.319 0.014 0.01
5 0.47875 0.30467 0.0115 0.008
4 0.48025 0.331 0.0115 0.01
4 0.517 0.329 0.017 0.00867
4 0.52 0.33267 0.016 0.008
4 0.51975 0.335 0.0155 0.00867
4 0.521 0.34067 0.018 0.01067
5 0.405 0.29133 0.005 0.00667
4 0.4115 0.30133 0.006 0.008
4 0.38525 0.32067 0.0075 0.00933
4 0.38825 0.33533 0.0105 0.00933
4 0.52425 0.34667 0.0175 0.00933
4 0.52775 0.35267 0.0195 0.01067
1 0.54325 0.35333 0.0035 0.01067
1 0.54725 0.35367 0.0035 0.00867
4 0.536 0.37233 0.023 0.01267
4 0.54175 0.385 0.0235 0.01267
4 0.54675 0.39633 0.0245 0.01267
4 0.549 0.40167 0.026 0.01533
1 0.56425 0.386 0.0045 0.012
1 0.56725 0.38767 0.0035 0.01267
2 0.5705 0.38567 0.004 0.01
4 0.56775 0.45067 0.0305 0.016
4 0.5765 0.462 0.034 0.01867
4 0.58675 0.48367 0.0365 0.02067
4 0.51325 0.379 0.0115 0.018
4 0.49875 0.481 0.0345 0.02333
4 0.499 0.466 0.035 0.01867
4 0.496 0.44633 0.032 0.018
4 0.4945 0.419 0.03 0.01533
4 0.493 0.40867 0.026 0.016
4 0.4895 0.39733 0.025 0.01333
4 0.48675 0.38333 0.0225 0.012
4 0.48725 0.37367 0.0215 0.01133
1 0.2325 0.337 0.004 0.01
1 0.2385 0.33633 0.004 0.01
6 0.266 0.33733 0.016 0.012
4 0.3625 0.34533 0.009 0.01067
10 0.3725 0.34767 0.004 0.00867
10 0.35375 0.38367 0.0045 0.01267
6 0.33225 0.377 0.0295 0.04067
4 0.2245 0.509 0.027 0.026
6 0.12025 0.552 0.0575 0.04267
1 0.12925 0.399 0.0065 0.01267
6 0.1775 0.553 0.046 0.05667
6 0.061 0.73133 0.103 0.10933
4 0.1175 0.89867 0.081 0.10667
4 0.16975 0.79633 0.0585 0.07667
4 0.2125 0.71433 0.051 0.05933
1 0.4885 0.86367 0.01 0.03667
2 0.83425 0.956 0.0135 0.03467
2 0.66725 0.93467 0.0175 0.036
1 0.654 0.94767 0.013 0.042
4 0.4345 0.52867 0.041 0.02267
4 0.3895 0.61133 0.049 0.03067
4 0.98 0.60567 0.04 0.03533
4 0.93925 0.60033 0.0425 0.03667
4 0.88575 0.57033 0.0245 0.03
4 0.8445 0.56567 0.026 0.03267
4 0.81475 0.56833 0.0295 0.034
4 0.70125 0.60333 0.0395 0.04267
4 0.7795 0.547 0.029 0.02867
4 0.75125 0.53867 0.0335 0.02667
5 0.722 0.52967 0.034 0.03267
2 0.70525 0.57033 0.0075 0.01267
3 0.70625 0.51067 0.0125 0.016
1 0.6775 0.49267 0.005 0.02
1 0.70425 0.50333 0.0045 0.01867
1 0.67475 0.49167 0.0055 0.018
4 0.666 0.511 0.027 0.02733
4 0.6435 0.50333 0.027 0.024
