4 0.225 0.14861 0.01354 0.01019
4 0.25026 0.14352 0.00677 0.01111
4 0.25807 0.14213 0.00677 0.01204
4 0.26745 0.14444 0.00781 0.01296
4 0.27682 0.14491 0.00885 0.01204
4 0.2862 0.14537 0.00885 0.01111
4 0.32083 0.2625 0.02083 0.01944
4 0.23958 0.30509 0.025 0.01574
4 0.22943 0.14352 0.01615 0.01111
4 0.25677 0.2588 0.01979 0.01204
4 0.25417 0.26713 0.02083 0.01204
4 0.32292 0.25509 0.01979 0.01389
5 0.29688 0.14676 0.00625 0.01389
5 0.29661 0.17083 0.00677 0.01389
4 0.24193 0.29167 0.02135 0.01296
4 0.24583 0.2838 0.02292 0.01389
4 0.24922 0.275 0.02031 0.01296
4 0.19687 0.31435 0.02396 0.01574
4 0.19792 0.29861 0.02187 0.01574
4 0.20807 0.28102 0.02031 0.01389
4 0.21432 0.26435 0.02135 0.01389
4 0.22266 0.24954 0.02135 0.01574
4 0.22682 0.24167 0.02031 0.01481
4 0.19583 0.19676 0.01875 0.01204
4 0.17448 0.19444 0.01667 0.01296
4 0.24792 0.24954 0.01979 0.01574
4 0.2737 0.23333 0.01927 0.01296
4 0.25234 0.18843 0.0099 0.01389
4 0.23828 0.18333 0.01198 0.01852
10 0.3362 0.30833 0.00365 0.01481
2 0.33646 0.30648 0.00313 0.00741
8 0.31224 0.55231 0.01927 0.02685
10 0.26276 0.56435 0.01406 0.01204
2 0.26094 0.56343 0.00417 0.01389
1 0.19505 0.59306 0.00885 0.01759
4 0.19453 0.42315 0.02865 0.02037
4 0.19974 0.40463 0.02969 0.02037
4 0.20391 0.39074 0.0276 0.01852
4 0.20938 0.37778 0.02708 0.01852
4 0.21536 0.36481 0.02552 0.01667
4 0.1651 0.37454 0.03229 0.01574
4 0.14349 0.41713 0.0276 0.01944
4 0.16979 0.35972 0.02708 0.01574
4 0.12214 0.37824 0.01719 0.03056
4 0.10651 0.40463 0.02135 0.03519
1 0.08802 0.4625 0.00729 0.0213
4 0.09453 0.86574 0.05156 0.0963
5 0.24896 0.67685 0.03958 0.04444
5 0.39687 0.78796 0.02396 0.0963
4 0.38255 0.02639 0.00365 0.00648
5 0.39453 0.02917 0.00677 0.01389
5 0.40729 0.03704 0.01146 0.01667
6 0.3901 0.06065 0.01458 0.01944
6 0.37604 0.06065 0.00729 0.01574
10 0.35052 0.26389 0.00625 0.01111
10 0.34609 0.5125 0.01406 0.01574
10 0.40625 0.46713 0.00937 0.02315
10 0.44115 0.42963 0.00625 0.02407
2 0.35052 0.25972 0.00313 0.01019
2 0.40651 0.4625 0.00469 0.01019
2 0.44141 0.425 0.00469 0.01111
1 0.34635 0.56944 0.00521 0.01852
1 0.35833 0.56528 0.00313 0.01574
1 0.35313 0.49352 0.00313 0.01296
4 0.4875 0.02315 0.00521 0.00741
1 0.4901 0.01806 0.00208 0.00463
1 0.60651 0.17917 0.0026 0.01389
5 0.49844 0.00278 0.00417 0.00556
4 0.50417 0.00231 0.00313 0.00463
5 0.53151 0.00463 0.00573 0.00741
5 0.56641 0.03889 0.00677 0.00926
4 0.55911 0.03935 0.00573 0.00833
5 0.50026 0.08472 0.01615 0.01759
5 0.56198 0.12963 0.0125 0.02407
9 0.58255 0.14259 0.01927 0.03519
9 0.65703 0.31852 0.04115 0.07407
5 0.66875 0.29352 0.02604 0.04074
5 0.60026 0.19954 0.01302 0.01944
5 0.56927 0.05417 0.00833 0.025
5 0.57995 0.05694 0.00885 0.025
5 0.55677 0.07361 0.01771 0.01389
5 0.55807 0.06713 0.01719 0.01019
5 0.63177 0.07685 0.01979 0.01852
5 0.66901 0.1463 0.02031 0.01852
5 0.60391 0.14306 0.01198 0.01389
9 0.55703 0.10417 0.02135 0.02685
9 0.54167 0.07361 0.01354 0.0287
4 0.56563 0.09213 0.00937 0.01019
4 0.56823 0.08472 0.0125 0.00833
5 0.56198 0.08056 0.01354 0.01296
5 0.5737 0.08056 0.00781 0.01111
4 0.61172 0.08426 0.0099 0.00926
4 0.61172 0.14352 0.00677 0.01296
4 0.62318 0.12361 0.01198 0.01204
4 0.64609 0.1213 0.01302 0.01111
4 0.65755 0.1088 0.01302 0.01389
4 0.66302 0.11852 0.01354 0.01296
4 0.61719 0.16806 0.01667 0.01204
4 0.62292 0.14444 0.00833 0.01481
1 0.58047 0.11759 0.0026 0.00741
1 0.58542 0.12593 0.00208 0.00926
1 0.58802 0.13056 0.00208 0.00926
10 0.56536 0.15 0.0026 0.00741
2 0.56536 0.14815 0.0026 0.00926
4 0.51016 0.0088 0.00677 0.00833
5 0.5224 0.02917 0.00729 0.01574
5 0.70234 0.19259 0.0151 0.02222
4 0.67422 0.21296 0.0099 0.01667
4 0.6651 0.21528 0.00833 0.01944
4 0.68385 0.21481 0.0125 0.02222
4 0.70573 0.29537 0.02083 0.02778
4 0.71901 0.25046 0.01615 0.01759
4 0.70495 0.24815 0.01615 0.01852
4 0.71615 0.26296 0.01771 0.02593
4 0.72188 0.29676 0.01458 0.01944
4 0.72526 0.26435 0.00781 0.01944
5 0.72318 0.19491 0.01198 0.02315
4 0.71953 0.21852 0.01615 0.02037
5 0.45573 0.35741 0.02292 0.04259
5 0.70651 0.57546 0.04531 0.13796
6 0.6737 0.78241 0.05469 0.18333
