6 0.03854 0.16019 0.05 0.06111
3 0.09115 0.08287 0.00729 0.01389
2 0.09089 0.07361 0.00469 0.01574
1 0.09062 0.04537 0.00729 0.02593
1 0.11302 0.01991 0.00417 0.01944
5 0.01042 0.00741 0.01979 0.01481
4 0.12396 0.08472 0.02604 0.03796
4 0.1724 0.06019 0.01667 0.02963
4 0.25182 0.06435 0.01927 0.0287
6 0.27396 0.01806 0.02917 0.03611
4 0.29766 0.01204 0.01094 0.02037
4 0.31719 0.01157 0.01146 0.01574
6 0.26901 0.09028 0.06823 0.1213
9 0.30781 0.09213 0.02813 0.075
9 0.28516 0.18056 0.04635 0.11296
9 0.25755 0.30648 0.06198 0.17778
9 0.19089 0.34907 0.08906 0.19815
1 0.34271 0.15093 0.00833 0.02963
1 0.34818 0.10185 0.00781 0.02963
1 0.36719 0.15833 0.00729 0.03148
1 0.36094 0.17778 0.00625 0.03704
1 0.37396 0.16157 0.00625 0.03426
1 0.39453 0.09583 0.00365 0.0287
1 0.40078 0.09167 0.00781 0.02593
1 0.40911 0.09491 0.00365 0.02315
1 0.39948 0.08426 0.00521 0.02037
1 0.40781 0.08333 0.00313 0.02222
3 0.37604 0.08981 0.00521 0.01481
3 0.3612 0.07546 0.00677 0.01574
2 0.36094 0.06481 0.00417 0.01296
2 0.37474 0.0787 0.00469 0.01852
1 0.32682 0.29537 0.0099 0.03889
1 0.34167 0.35093 0.00833 0.0463
1 0.4151 0.01389 0.00417 0.02037
4 0.40729 0.00972 0.01146 0.01944
4 0.42266 0.01065 0.01094 0.0213
6 0.43724 0.01019 0.01198 0.02037
6 0.45104 0.00833 0.01042 0.01667
6 0.4651 0.01065 0.01146 0.0213
4 0.47995 0.00972 0.0099 0.01944
4 0.49922 0.00741 0.02656 0.01481
5 0.46068 0.04213 0.01615 0.03241
5 0.40495 0.0463 0.02135 0.03148
5 0.4763 0.04213 0.01406 0.0287
5 0.4875 0.02639 0.01354 0.025
4 0.42734 0.04676 0.01198 0.02315
4 0.42865 0.03009 0.0125 0.0287
4 0.51146 0.02593 0.02604 0.02222
4 0.51172 0.04491 0.01719 0.0213
4 0.52943 0.04074 0.0151 0.02963
1 0.37552 0.04398 0.00625 0.01944
5 0.43698 0.09583 0.01667 0.03796
5 0.40833 0.15231 0.03021 0.04722
4 0.45729 0.09537 0.01562 0.03333
4 0.4763 0.09815 0.01615 0.03148
4 0.45182 0.08102 0.01406 0.0213
4 0.4875 0.07315 0.01667 0.02963
4 0.49792 0.09398 0.01875 0.03611
4 0.50938 0.07361 0.01875 0.02315
4 0.51901 0.09074 0.02031 0.03333
4 0.53438 0.06759 0.025 0.01852
4 0.54245 0.07037 0.02552 0.01296
4 0.55521 0.08287 0.03333 0.0213
4 0.55755 0.09954 0.03281 0.02685
0 0.59349 0.03426 0.02865 0.05556
1 0.61641 0.09259 0.00677 0.02778
1 0.61354 0.08657 0.00521 0.03056
6 0.40547 0.41343 0.10469 0.13981
4 0.41745 0.51019 0.09427 0.08333
4 0.27318 0.56019 0.0901 0.07963
1 0.36562 0.66852 0.01458 0.05185
1 0.29635 0.78565 0.01458 0.05648
5 0.38021 0.86898 0.11354 0.15833
5 0.49271 0.79352 0.10833 0.12963
4 0.65625 0.78009 0.12187 0.10833
7 0.5875 0.52546 0.03958 0.05093
4 0.67318 0.28148 0.03698 0.06667
6 0.66224 0.35231 0.08594 0.05278
9 0.09167 0.78657 0.18333 0.36944
5 0.47057 0.15463 0.0224 0.05741
