4 0.68241 0.24814 0.01409 0.02319
1 0.03366 0.65167 0.012 0.0269
1 0.03836 0.64378 0.012 0.02412
10 0.04358 0.6628 0.01305 0.02876
4 0.06837 0.66095 0.04071 0.0603
4 0.06472 0.73887 0.05846 0.04545
10 0.14849 0.58627 0.01096 0.01855
1 0.18189 0.57236 0.00678 0.02783
2 0.25418 0.59555 0.00731 0.02041
2 0.15658 0.69295 0.00731 0.02783
2 0.16336 0.68321 0.01044 0.0269
1 0.16623 0.67022 0.00992 0.02876
10 0.31524 0.58998 0.01357 0.02041
10 0.50548 0.59926 0.00887 0.02783
10 0.52244 0.60343 0.01044 0.02876
10 0.63805 0.6243 0.00678 0.02783
8 0.64875 0.61364 0.02088 0.04731
8 0.66388 0.60993 0.01983 0.05473
10 0.67276 0.60575 0.00939 0.03154
1 0.69781 0.62709 0.00835 0.02783
10 0.75052 0.66095 0.01775 0.0269
8 0.66649 0.68878 0.02923 0.0436
2 0.65866 0.69666 0.01044 0.01855
10 0.86221 0.60946 0.01879 0.02597
10 0.9011 0.61178 0.01514 0.02505
10 0.9024 0.60575 0.01461 0.02968
5 0.88205 0.68646 0.04593 0.06494
5 0.86039 0.62987 0.03601 0.06308
5 0.83768 0.63915 0.03653 0.06494
4 0.86195 0.70872 0.04541 0.06494
4 0.88674 0.91651 0.07307 0.0705
5 0.71268 0.89981 0.0642 0.06865
4 0.7166 0.65353 0.02818 0.06772
4 0.69546 0.70083 0.03914 0.07885
5 0.64066 0.69202 0.02662 0.08534
5 0.61952 0.68878 0.02088 0.08256
5 0.60073 0.69573 0.02714 0.08349
4 0.56915 0.69898 0.02557 0.07885
4 0.48017 0.68878 0.02714 0.07143
4 0.31837 0.65306 0.04175 0.05195
4 0.24687 0.65677 0.03236 0.06308
4 0.28549 0.61735 0.02923 0.07514
4 0.20564 0.6192 0.03445 0.06401
4 0.13753 0.68321 0.06211 0.05844
4 0.12343 0.62152 0.0381 0.06865
4 0.28993 0.69712 0.03392 0.06215
4 0.39796 0.89193 0.06524 0.06772
4 0.46138 0.89889 0.05324 0.0705
5 0.42719 0.6526 0.02871 0.06401
5 0.46268 0.61364 0.03079 0.06401
5 0.2273 0.6257 0.02871 0.05659
6 0.07907 0.89147 0.06315 0.07236
10 0.77531 0.12106 0.00261 0.00835
10 0.7667 0.12106 0.00418 0.01206
10 0.78366 0.12059 0.0047 0.01299
10 0.77923 0.12291 0.00418 0.01206
8 0.79097 0.12013 0.00887 0.01763
1 0.73121 0.11456 0.00418 0.01391
1 0.71007 0.2551 0.00365 0.01484
2 0.71451 0.25649 0.00522 0.01206
2 0.70772 0.2551 0.00418 0.01299
4 0.56942 0.6308 0.02296 0.05566
