4 0.35313 0.32963 0.00937 0.02778
4 0.35156 0.26713 0.00833 0.0213
4 0.30651 0.27037 0.00885 0.01852
4 0.34271 0.22037 0.00833 0.02037
4 0.27344 0.33565 0.02396 0.01944
4 0.34609 0.10741 0.00677 0.01481
4 0.35391 0.05231 0.00573 0.01204
4 0.33151 0.00972 0.00469 0.00833
4 0.28932 0.36065 0.02344 0.01759
0 0.38568 0.04352 0.01615 0.07222
0 0.45599 0.04954 0.10573 0.07685
4 0.37734 0.09213 0.01198 0.01204
4 0.35417 0.23889 0.00729 0.02037
4 0.35443 0.21481 0.00781 0.01852
4 0.36771 0.28333 0.00833 0.02222
4 0.25391 0.37037 0.0224 0.01852
4 0.28906 0.34259 0.01667 0.01852
4 0.35443 0.46389 0.01302 0.03704
4 0.20391 0.33796 0.02135 0.01296
4 0.12969 0.33333 0.02292 0.01481
4 0.20911 0.35046 0.02656 0.01574
5 0.24922 0.35093 0.02344 0.01852
4 0.23906 0.34213 0.02187 0.01574
5 0.34375 0.16898 0.00625 0.01944
5 0.33958 0.28657 0.00833 0.0287
5 0.3526 0.29676 0.00729 0.025
5 0.36536 0.30694 0.00885 0.02685
5 0.33802 0.50787 0.01146 0.03981
5 0.35339 0.15787 0.00573 0.01574
9 0.44089 0.5037 0.02448 0.10741
9 0.4612 0.50278 0.02656 0.10556
9 0.44661 0.60509 0.01927 0.09167
9 0.46953 0.59167 0.01927 0.08333
9 0.48099 0.48935 0.02031 0.06574
9 0.48958 0.55463 0.02292 0.07407
