4 0.32821 0.68476 0.035 0.06095
4 0.55357 0.36333 0.01714 0.0219
4 0.65464 0.40571 0.01786 0.03238
4 0.75214 0.41429 0.03 0.01905
5 0.59893 0.26524 0.00929 0.0181
4 0.56071 0.16286 0.00571 0.00952
4 0.5425 0.12714 0.005 0.00667
6 0.57786 0.17286 0.01429 0.0219
6 0.41214 0.51143 0.04 0.05524
11 0.44393 0.27381 0.02929 0.04667
9 0.61821 0.28857 0.02071 0.04381
5 0.6675 0.15143 0.01071 0.00762
4 0.64607 0.14143 0.01357 0.00857
4 0.62321 0.15619 0.01357 0.00762
5 0.61857 0.15 0.00857 0.00857
6 0.60857 0.12286 0.01286 0.00762
4 0.63643 0.12143 0.00571 0.00667
4 0.62893 0.12286 0.00643 0.00762
2 0.66 0.32905 0.00286 0.00667
3 0.65964 0.33333 0.00357 0.00952
4 0.12964 0.25857 0.02214 0.01048
5 0.13536 0.2519 0.02071 0.01238
0 0.59464 0.18048 0.00357 0.00857
0 0.57 0.14286 0.00571 0.00952
6 0.52679 0.08333 0.005 0.00857
5 0.52214 0.07524 0.00286 0.00571
0 0.525 0.05667 0.01857 0.02571
0 0.53607 0.02429 0.02214 0.02571
4 0.6525 0.08905 0.00929 0.00476
11 0.64286 0.15571 0.00857 0.01429
5 0.45607 0.19429 0.00786 0.01143
3 0.38536 0.09143 0.01929 0.01143
