4 0.36025 0.80767 0.0845 0.13667
4 0.3045 0.679 0.057 0.07933
4 0.44775 0.443 0.0455 0.04733
5 0.41025 0.409 0.0435 0.042
5 0.38025 0.381 0.0355 0.03533
4 0.34675 0.35533 0.0305 0.032
5 0.326 0.33033 0.028 0.03
4 0.30525 0.319 0.0255 0.02867
4 0.266 0.28367 0.023 0.022
4 0.25525 0.27233 0.0155 0.01933
4 0.249 0.261 0.018 0.014
2 0.238 0.26967 0.004 0.01667
10 0.2385 0.27567 0.008 0.01133
4 0.237 0.25033 0.019 0.01667
4 0.2275 0.23733 0.016 0.01867
4 0.218 0.22733 0.017 0.01867
4 0.2045 0.20867 0.012 0.016
4 0.2005 0.20367 0.012 0.01533
4 0.11925 0.28767 0.0205 0.026
4 0.0585 0.31733 0.019 0.02533
4 0.06225 0.297 0.0315 0.02333
4 0.06175 0.27967 0.0355 0.018
4 0.04725 0.26833 0.0265 0.014
4 0.04775 0.257 0.0205 0.01533
4 0.01225 0.36133 0.0245 0.028
4 0.0045 0.33433 0.009 0.02333
4 0.05575 0.229 0.0185 0.018
4 0.054 0.21833 0.016 0.00867
4 0.058 0.201 0.014 0.01667
4 0.12375 0.13733 0.0105 0.00933
4 0.1945 0.19033 0.013 0.01267
4 0.1915 0.176 0.013 0.01333
4 0.18925 0.16833 0.0115 0.01133
1 0.18525 0.13967 0.0035 0.00867
2 0.171 0.152 0.003 0.00667
10 0.17175 0.15467 0.0045 0.00667
4 0.13475 0.12433 0.0085 0.01
4 0.14025 0.12267 0.0045 0.00667
4 0.216 0.09767 0.006 0.006
0 0.1655 0.09967 0.045 0.02867
