1 0.08893 0.36286 0.04786 0.03238
1 0.08964 0.43905 0.03786 0.02667
1 0.13821 0.45524 0.035 0.03048
10 0.14 0.52 0.04857 0.02667
1 0.17929 0.72238 0.03429 0.02571
1 0.15071 0.73952 0.02857 0.02762
1 0.03929 0.70429 0.05 0.02381
1 0.26107 0.88 0.03643 0.03619
1 0.31429 0.86619 0.02571 0.04857
1 0.33321 0.89476 0.02786 0.02952
1 0.32821 0.48714 0.02071 0.03714
3 0.51071 0.0381 0.04143 0.04762
2 0.6275 0.24762 0.03357 0.02857
2 0.61464 0.39381 0.02357 0.02952
2 0.58214 0.39333 0.02286 0.04
1 0.365 0.51762 0.03 0.02571
1 0.44679 0.3781 0.02357 0.03238
1 0.43714 0.76476 0.02286 0.03238
1 0.425 0.90571 0.02571 0.03619
1 0.645 0.64905 0.02429 0.02762
1 0.50607 0.72524 0.01643 0.03714
2 0.46571 0.81952 0.02286 0.04857
2 0.56179 0.79952 0.03643 0.02762
2 0.59786 0.79714 0.03143 0.0419
2 0.55571 0.97 0.03429 0.02571
2 0.56821 0.69714 0.03643 0.02857
2 0.60429 0.70143 0.03143 0.03333
2 0.59536 0.66476 0.02214 0.01905
2 0.56714 0.63857 0.03857 0.02952
2 0.69607 0.43095 0.02357 0.02952
2 0.68893 0.62571 0.035 0.03048
1 0.88429 0.91905 0.04286 0.06667
1 0.9125 0.79619 0.03643 0.05333
1 0.88643 0.61048 0.03429 0.04381
1 0.86643 0.46524 0.03571 0.0219
1 0.90214 0.49 0.04286 0.04667
1 0.925 0.48762 0.02429 0.04381
1 0.77857 0.55 0.03429 0.03333
1 0.77857 0.35381 0.03429 0.03905
1 0.90643 0.3381 0.03286 0.04762
1 0.955 0.40095 0.03571 0.03429
1 0.97143 0.36571 0.04143 0.03048
