5 0.30357 0.0165 0.01857 0.03299
5 0.29179 0.05076 0.025 0.03299
5 0.30214 0.09264 0.02714 0.03553
5 0.35429 0.07487 0.01857 0.04569
5 0.39357 0.03553 0.01714 0.03553
5 0.37536 0.11612 0.02357 0.0368
5 0.42929 0.06409 0.02571 0.03426
5 0.39071 0.29442 0.02 0.04569
5 0.47 0.18401 0.02571 0.03299
4 0.47571 0.16053 0.02143 0.02919
5 0.51071 0.17386 0.02714 0.03299
5 0.49036 0.39721 0.01786 0.04061
4 0.44071 0.38198 0.01286 0.03807
5 0.39286 0.38832 0.02714 0.02284
4 0.40357 0.44607 0.02286 0.02919
4 0.5175 0.48477 0.02357 0.03807
4 0.57964 0.21003 0.02214 0.03173
4 0.5875 0.18084 0.02214 0.02919
4 0.59643 0.1618 0.02 0.02919
4 0.59964 0.13959 0.02214 0.02792
5 0.55179 0.29188 0.02929 0.03807
9 0.57786 0.2868 0.05714 0.07614
9 0.56964 0.57424 0.05214 0.09264
1 0.59821 0.54188 0.00357 0.00761
4 0.2075 0.97906 0.01786 0.03934
1 0.36071 0.83947 0.00286 0.00888
1 0.36286 0.82931 0.00429 0.00888
1 0.36643 0.82551 0.00429 0.00635
1 0.36786 0.83566 0.00286 0.00635
9 0.43464 0.8769 0.04071 0.08122
9 0.43179 0.98604 0.015 0.02538
9 0.44607 0.96954 0.02643 0.05838
9 0.46143 0.95622 0.03286 0.08503
9 0.47571 0.93972 0.04 0.11802
9 0.49571 0.94226 0.02714 0.07741
9 0.50321 0.90038 0.03929 0.1231
9 0.51429 0.87246 0.03857 0.1231
9 0.52429 0.83693 0.03857 0.11802
9 0.535 0.8033 0.04 0.11675
9 0.5525 0.79569 0.03357 0.09391
9 0.56393 0.76904 0.04071 0.11675
9 0.52536 0.71193 0.03643 0.07107
4 0.46643 0.71891 0.02429 0.04695
4 0.615 0.86485 0.01714 0.04949
1 0.59857 0.80964 0.00429 0.00761
1 0.60821 0.75571 0.00357 0.00635
4 0.66929 0.81599 0.02 0.05584
5 0.59857 0.94036 0.01857 0.0533
4 0.63143 0.79378 0.01714 0.04949
4 0.64571 0.72398 0.01714 0.04949
4 0.65857 0.67132 0.01857 0.04822
4 0.67429 0.69036 0.01857 0.05076
4 0.67393 0.61612 0.01929 0.04695
4 0.68857 0.56028 0.01857 0.04695
4 0.69821 0.6066 0.01786 0.04822
4 0.70143 0.50444 0.01857 0.04442
9 0.72214 0.51142 0.02571 0.06091
4 0.74071 0.44289 0.01714 0.04315
4 0.77286 0.35025 0.02 0.04569
4 0.75286 0.33883 0.01857 0.04315
9 0.73214 0.41497 0.04571 0.11168
5 0.845 0.45939 0.02857 0.02792
4 0.82286 0.41371 0.01714 0.04569
4 0.81571 0.21447 0.01857 0.04061
4 0.83214 0.23668 0.02 0.04188
5 0.76857 0.29569 0.01714 0.03807
5 0.74536 0.24302 0.01786 0.03173
5 0.77464 0.17703 0.02071 0.03426
9 0.79214 0.22716 0.03857 0.08883
9 0.79929 0.2665 0.02571 0.05838
9 0.86143 0.04695 0.04714 0.09391
9 0.86 0.09454 0.02714 0.05711
9 0.92143 0.06853 0.05 0.1066
4 0.845 0.01777 0.01714 0.03553
4 0.91214 0.0184 0.01857 0.0368
5 0.87786 0.04949 0.01571 0.03299
4 0.83393 0.11421 0.01929 0.03553
4 0.87643 0.11294 0.01857 0.04061
4 0.81071 0.09708 0.01857 0.0368
4 0.81536 0.16497 0.01786 0.03807
4 0.83821 0.15292 0.01929 0.03934
1 0.78929 0.0514 0.00429 0.01142
1 0.78036 0.06472 0.005 0.01015
1 0.76393 0.11485 0.005 0.00888
1 0.76321 0.09391 0.00643 0.01015
1 0.76821 0.09962 0.005 0.01142
1 0.7875 0.06853 0.00357 0.00761
1 0.04286 0.80393 0.00714 0.00888
1 0.0675 0.79061 0.00643 0.00508
1 0.05786 0.81726 0.00714 0.00761
1 0.04571 0.8401 0.00429 0.00508
