4 0.00781 0.31806 0.01562 0.01759
4 0.01328 0.3125 0.01823 0.01574
4 0.02187 0.29213 0.02396 0.01759
4 0.02995 0.28565 0.02031 0.01574
4 0.03672 0.28009 0.01615 0.01574
4 0.04609 0.275 0.01615 0.01481
1 0.03255 0.33148 0.00469 0.01667
4 0.15052 0.34676 0.01562 0.01759
4 0.13542 0.3463 0.01562 0.01852
4 0.12135 0.34722 0.01458 0.01667
4 0.10469 0.3463 0.01979 0.02407
4 0.08906 0.34722 0.01562 0.01852
4 0.07604 0.34676 0.01562 0.0213
4 0.19766 0.40417 0.01823 0.03056
4 0.18021 0.40926 0.01667 0.02593
4 0.16198 0.41111 0.01667 0.02407
4 0.14557 0.41204 0.0151 0.02222
4 0.12865 0.41065 0.01562 0.025
4 0.09167 0.41389 0.01979 0.02407
4 0.06875 0.41852 0.01875 0.01852
4 0.27057 0.34306 0.01198 0.02685
5 0.11146 0.41065 0.01771 0.0287
4 0.76927 0.14954 0.0125 0.01019
4 0.78125 0.24537 0.01667 0.01296
4 0.80677 0.24583 0.01979 0.01204
4 0.76562 0.33935 0.02083 0.01389
4 0.77474 0.35463 0.02344 0.01481
4 0.06563 0.85093 0.05521 0.04259
4 0.13932 0.84398 0.05677 0.03981
4 0.12865 0.90648 0.05729 0.04444
4 0.21354 0.83796 0.05104 0.04074
4 0.20573 0.87083 0.03542 0.03796
4 0.28307 0.83194 0.0401 0.03426
4 0.26745 0.8625 0.04844 0.03056
9 0.27604 0.88935 0.12396 0.0787
4 0.88359 0.49074 0.01927 0.02778
4 0.90104 0.53704 0.02396 0.02593
4 0.91667 0.55926 0.02292 0.03889
4 0.94766 0.55278 0.02969 0.03704
4 0.97865 0.61528 0.02292 0.04352
4 1.01068 0.5625 0.02344 0.03241
4 1.00052 0.6162 0.02604 0.04537
4 1.03464 0.55926 0.01302 0.03333
4 1.03568 0.61944 0.01198 0.03519
4 1.02031 0.61713 0.02292 0.04722
4 0.89974 0.6037 0.0349 0.03519
4 1.03333 0.67315 0.01667 0.03148
4 0.99375 0.68241 0.04167 0.03148
4 1.00547 0.70556 0.04427 0.03148
5 1.01536 0.72454 0.04115 0.03611
4 1.00625 0.75787 0.04896 0.03796
4 0.94063 0.68148 0.04271 0.02778
4 0.94635 0.70463 0.04583 0.03519
4 0.96224 0.73472 0.04323 0.03241
4 0.94688 0.75926 0.05 0.03519
4 0.88568 0.68519 0.04635 0.03148
4 0.89297 0.7088 0.04323 0.03426
4 0.91016 0.73194 0.04531 0.03241
4 0.89427 0.76157 0.04688 0.03241
4 0.81224 0.6875 0.03802 0.03056
4 0.82995 0.70972 0.04219 0.03611
4 0.85078 0.73472 0.04115 0.03241
4 0.84245 0.76389 0.0474 0.03333
4 0.76016 0.6912 0.04115 0.0287
4 0.76719 0.7162 0.04271 0.03056
4 0.79349 0.73843 0.04531 0.03241
4 0.7724 0.76667 0.04688 0.03519
9 0.66432 0.68287 0.10885 0.06204
4 0.65443 0.71944 0.04323 0.03333
4 0.70625 0.71667 0.04271 0.03148
6 0.67214 0.7375 0.05052 0.03981
4 0.65521 0.77083 0.04375 0.03426
4 0.70807 0.76944 0.04531 0.03519
1 0.93906 0.61667 0.00833 0.02037
2 0.90729 0.63056 0.00833 0.01852
3 0.90703 0.63565 0.00781 0.01944
2 0.89036 0.625 0.00677 0.02037
2 0.89375 0.63056 0.00625 0.01852
7 0.88958 0.63009 0.01354 0.01204
7 0.89115 0.63519 0.01354 0.01481
2 0.71198 0.62407 0.00625 0.01481
0 0.81302 0.625 0.13646 0.02037
3 0.72083 0.62917 0.00417 0.01944
3 0.72552 0.62731 0.00313 0.01759
3 0.73125 0.62593 0.00313 0.02222
1 0.6638 0.63796 0.00365 0.02222
3 0.66849 0.63148 0.00677 0.01667
2 0.64557 0.6412 0.00677 0.01759
3 0.64427 0.64583 0.01354 0.01574
0 0.51458 0.63981 0.01562 0.01852
2 0.5362 0.64398 0.00469 0.0213
7 0.5375 0.64861 0.01562 0.01574
2 0.56901 0.675 0.00677 0.01852
3 0.56849 0.68056 0.01615 0.01296
3 0.56693 0.65278 0.01406 0.01667
3 0.62422 0.63241 0.00469 0.01852
3 0.62813 0.6338 0.00521 0.0213
3 0.60078 0.63472 0.00469 0.01944
0 0.58307 0.63333 0.02865 0.02037
3 0.55443 0.63935 0.00885 0.01944
2 0.60234 0.66759 0.00885 0.02593
10 0.60026 0.67361 0.01615 0.01759
2 0.63151 0.65324 0.00469 0.01019
4 0.47786 0.63333 0.0151 0.02963
1 0.40859 0.66528 0.00573 0.0287
1 0.37734 0.65324 0.00573 0.02315
3 0.31302 0.64769 0.00313 0.01759
3 0.30833 0.64907 0.00313 0.01852
3 0.36042 0.64491 0.00417 0.0213
3 0.36901 0.64398 0.00469 0.0213
3 0.37344 0.64398 0.00417 0.01759
3 0.37969 0.64398 0.00417 0.01944
0 0.39141 0.64444 0.01406 0.02407
2 0.14896 0.68611 0.00625 0.02222
7 0.14792 0.68935 0.01458 0.01759
7 0.16406 0.66157 0.01354 0.01019
7 0.18125 0.64537 0.01458 0.01111
7 0.17474 0.6537 0.00469 0.01481
2 0.16172 0.65463 0.00469 0.01852
0 0.13437 0.65278 0.02813 0.02037
3 0.11224 0.67176 0.00365 0.01944
3 0.10703 0.67593 0.00469 0.01852
3 0.10156 0.675 0.00521 0.01852
3 0.09271 0.67454 0.00521 0.01944
3 0.08672 0.67639 0.00469 0.01944
3 0.08125 0.67685 0.00521 0.01852
3 0.07578 0.67639 0.00469 0.01759
3 0.07187 0.67685 0.00521 0.01852
3 0.06328 0.6787 0.00365 0.01481
3 0.05729 0.67824 0.00313 0.01574
3 0.04714 0.68009 0.0099 0.01574
2 0.06641 0.69815 0.00677 0.01852
3 0.06667 0.70278 0.01562 0.01296
2 0.06797 0.68565 0.00781 0.01759
3 0.06094 0.69537 0.01667 0.01296
3 0.0138 0.68102 0.00573 0.01759
3 0.01042 0.68056 0.00417 0.01852
3 0.00234 0.68102 0.00365 0.0213
3 0.03542 0.68102 0.00417 0.01574
3 0.03099 0.68102 0.00365 0.01759
3 0.02578 0.68102 0.00365 0.01759
3 0.02057 0.68009 0.00469 0.01759
3 0.10677 0.65648 0.00521 0.01667
3 0.10208 0.65648 0.00313 0.01667
3 0.09766 0.65648 0.00365 0.01667
3 0.09297 0.65741 0.00469 0.01852
3 0.08646 0.65694 0.00625 0.01944
3 0.06432 0.65972 0.00573 0.0213
3 0.05781 0.66065 0.00625 0.02315
1 0.95573 0.53657 0.00417 0.0213
4 0.78854 0.2662 0.0125 0.01759
4 0.80781 0.26296 0.01562 0.02037
0 0.77891 0.30509 0.04427 0.01389
2 0.4487 0.81713 0.00573 0.0213
3 0.44896 0.82361 0.00729 0.025
2 0.46693 0.86019 0.00677 0.02222
10 0.46641 0.86806 0.00781 0.02685
4 0.57109 0.91991 0.0401 0.06019
2 0.65729 0.93565 0.00625 0.02315
10 0.65807 0.94074 0.01719 0.01667
2 0.71901 0.92731 0.0099 0.02685
2 0.81224 0.92083 0.0099 0.02315
2 0.84271 0.92407 0.00833 0.02222
2 0.86354 0.91019 0.01146 0.02407
10 0.71823 0.93472 0.01979 0.01944
10 0.81068 0.92546 0.01927 0.01759
10 0.84115 0.93009 0.01771 0.01574
10 0.86224 0.91667 0.01927 0.01667
2 0.99089 0.90093 0.00781 0.02037
2 1.01641 0.93241 0.01094 0.02222
10 0.99036 0.90556 0.02031 0.01667
10 1.01042 0.93843 0.02708 0.0213
2 0.2375 0.9537 0.01042 0.02407
10 0.24036 0.95926 0.0224 0.01852
2 0.26094 0.97222 0.00833 0.02407
10 0.26328 0.98056 0.02031 0.01481
2 0.32578 0.9412 0.0099 0.02315
10 0.32786 0.94815 0.01823 0.01481
3 0.31302 1.01759 0.00521 0.02778
3 0.31797 1.01481 0.00573 0.02963
1 0.39974 1.04444 0.00781 0.03148
2 0.43672 1.03426 0.00781 0.03519
2 0.43047 1.00694 0.0099 0.02685
2 0.42865 0.9838 0.01042 0.01944
10 0.42969 0.99028 0.01771 0.025
3 0.43073 1.01296 0.0125 0.02407
3 0.43646 1.03935 0.00833 0.03426
2 0.52865 1.09676 0.00625 0.0287
3 0.52839 1.1037 0.00573 0.03519
1 0.59193 1.17222 0.00885 0.03704
4 0.53203 1.21481 0.02969 0.10741
2 0.42109 1.23056 0.00885 0.02593
3 0.42057 1.24491 0.00573 0.03796
1 0.38073 1.35185 0.00729 0.03704
1 0.39297 1.35185 0.0099 0.04074
2 0.4263 1.38333 0.0099 0.01111
1 0.61432 1.3037 0.01094 0.03704
1 0.28542 1.07407 0.0125 0.03148
3 0.59948 0.98704 0.00729 0.03148
3 0.60573 0.98704 0.00625 0.03333
3 0.62396 0.98565 0.00729 0.03426
3 0.61562 0.98704 0.00729 0.03148
3 0.61146 0.98426 0.00729 0.03148
