4 0.25 0.10529 0.01775 0.02876
4 0.25705 0.28896 0.03601 0.03247
4 0.26696 0.32328 0.02349 0.03989
4 0.30167 0.4128 0.03027 0.0538
4 0.19963 0.46011 0.02662 0.04638
4 0.16989 0.46382 0.02766 0.05195
4 0.37865 0.61596 0.02557 0.07236
5 0.28862 0.68321 0.02714 0.06586
7 0.49087 0.56725 0.02453 0.02134
7 0.52818 0.53989 0.00731 0.02597
3 0.53836 0.54406 0.00992 0.01763
4 0.57594 0.8474 0.04749 0.09555
4 0.52009 0.96197 0.04541 0.07421
4 0.87891 0.01716 0.01566 0.02134
4 0.90658 0.0334 0.01775 0.02226
