4 0.40677 0.67315 0.025 0.08333
4 0.31589 0.33981 0.01927 0.04815
9 0.28021 0.4412 0.03333 0.16574
4 0.26771 0.23472 0.01458 0.03796
4 0.37188 0.18981 0.01562 0.04259
4 0.34505 0.09722 0.01198 0.03704
4 0.3138 0.08935 0.01302 0.03056
9 0.3862 0.08472 0.02448 0.10093
5 0.50703 0.25972 0.01719 0.04352
5 0.52344 0.25694 0.01875 0.04722
9 0.45547 0.05231 0.0151 0.06944
5 0.4901 0.0912 0.01042 0.03056
1 0.1776 0.12731 0.00417 0.01389
2 0.17943 0.18426 0.00781 0.01111
1 0.16536 0.14954 0.00469 0.01574
1 0.16797 0.24167 0.00573 0.01667
1 0.17188 0.25648 0.00521 0.01111
1 0.15937 0.24352 0.00729 0.02037
1 0.09167 0.62222 0.01042 0.02407
1 0.07031 0.59907 0.00833 0.01852
1 0.07292 0.58519 0.00729 0.01481
1 0.07682 0.56157 0.00677 0.01389
1 0.14844 0.49491 0.00521 0.01759
1 0.175 0.43935 0.00625 0.01389
1 0.10651 0.41759 0.00573 0.01481
1 0.17214 0.31852 0.00469 0.01852
1 0.4888 0.49676 0.00573 0.01944
1 0.46979 0.45602 0.01042 0.01944
1 0.46641 0.48056 0.00781 0.02222
1 0.66979 0.65139 0.01146 0.02315
1 0.23958 0.03102 0.00417 0.01204
1 0.2013 0.06944 0.00469 0.01296
1 0.19427 0.07083 0.00521 0.01389
1 0.19271 0.08241 0.00313 0.01296
1 0.19818 0.08287 0.00365 0.01389
1 0.20599 0.10648 0.00573 0.01481
1 0.18151 0.12593 0.00573 0.01852
1 0.17161 0.4375 0.00469 0.01204
1 0.15313 0.49028 0.00833 0.01574
1 0.10938 0.41204 0.00521 0.01481
1 0.1112 0.40694 0.00573 0.01389
1 0.07943 0.55509 0.00885 0.01759
1 0.48281 0.08843 0.00417 0.01389
1 0.49297 0.49954 0.00469 0.0213
