4 0.48571 0.79 0.03714 0.07143
4 0.43857 0.7519 0.03857 0.08095
4 0.42214 0.65905 0.02857 0.06095
4 0.40464 0.59714 0.025 0.05143
4 0.36 0.52476 0.02143 0.04571
4 0.26286 0.05286 0.00857 0.01238
4 0.25321 0.06571 0.00786 0.01333
4 0.25643 0.09952 0.00857 0.01048
4 0.27107 0.10905 0.01071 0.01429
4 0.25679 0.11714 0.01071 0.01333
4 0.25893 0.17571 0.01214 0.0181
4 0.2775 0.18 0.01214 0.01714
4 0.29536 0.17857 0.01071 0.01619
4 0.29179 0.16048 0.01071 0.0181
4 0.27714 0.16286 0.01143 0.01524
10 0.31429 0.03667 0.00286 0.00857
10 0.21857 0.19952 0.00714 0.00667
4 0.10714 0.28952 0.02714 0.02095
4 0.17429 0.45524 0.02571 0.04381
4 0.07214 0.38524 0.02857 0.03714
4 0.1075 0.40619 0.03357 0.03524
5 0.0925 0.46238 0.02929 0.04476
4 0.33321 0.36714 0.01643 0.02952
4 0.33607 0.39905 0.01786 0.03238
4 0.34321 0.43714 0.01929 0.0419
4 0.35107 0.47952 0.02214 0.04095
4 0.35821 0.36476 0.01786 0.02857
4 0.22107 0.61 0.025 0.06571
10 0.1025 0.57476 0.02214 0.02381
10 0.14143 0.51571 0.02571 0.01619
10 0.06571 0.55667 0.02286 0.0181
10 0.07107 0.49333 0.015 0.01333
0 0.08929 0.52095 0.06286 0.05714
1 0.14321 0.64857 0.00929 0.02667
0 0.10679 0.70952 0.065 0.0381
4 0.43464 0.56619 0.02643 0.05238
4 0.39821 0.54571 0.02357 0.04762
4 0.42179 0.50905 0.025 0.04095
4 0.44071 0.47143 0.02571 0.03619
4 0.40857 0.4681 0.02143 0.04095
4 0.38536 0.48714 0.02214 0.04476
4 0.37393 0.43952 0.02214 0.03905
4 0.3975 0.43048 0.02214 0.03619
4 0.38821 0.39476 0.02214 0.03333
4 0.36429 0.39952 0.02 0.03333
4 0.38 0.35571 0.01714 0.02952
10 0.41643 0.35143 0.00714 0.01905
10 0.43286 0.35714 0.00429 0.01714
10 0.41679 0.30857 0.005 0.01333
10 0.40607 0.31714 0.005 0.00952
4 0.47357 0.22429 0.02571 0.01619
4 0.47036 0.21667 0.02786 0.01619
4 0.51286 0.21714 0.02714 0.01714
1 0.44036 0.18095 0.00357 0.01333
1 0.42071 0.18333 0.00429 0.01429
10 0.53464 0.44952 0.00643 0.01524
4 0.68893 0.68095 0.04214 0.07238
2 0.31464 0.03476 0.00214 0.00476
2 0.21857 0.1981 0.00429 0.00571
2 0.41679 0.30429 0.00357 0.00857
2 0.40607 0.31524 0.00357 0.00762
2 0.41679 0.34619 0.005 0.01238
2 0.43393 0.35429 0.005 0.01143
