4 0.10464 0.95286 0.09357 0.09429
4 0.2525 0.67 0.09357 0.14952
4 0.28071 0.80667 0.09 0.19619
4 0.44214 0.19048 0.05714 0.04571
4 0.51571 0.25286 0.04571 0.06381
4 0.60964 0.21667 0.04786 0.05048
4 0.63571 0.10143 0.02571 0.03333
4 0.42143 0.1019 0.04571 0.02476
4 0.66393 0.12286 0.02929 0.03429
4 0.75107 0.12667 0.025 0.03429
4 0.72536 0.1019 0.02071 0.03238
4 0.67321 0.08476 0.02643 0.02857
4 0.7 0.07952 0.02714 0.03714
4 0.75179 0.06381 0.02643 0.03238
4 0.77536 0.08667 0.025 0.04
4 0.79143 0.04 0.02143 0.02857
4 0.71321 0.02238 0.03071 0.02381
4 0.68464 0.04429 0.02786 0.02762
4 0.65893 0.02762 0.02929 0.03048
4 0.37571 0.4319 0.06429 0.08667
4 0.25536 0.26095 0.05786 0.05333
4 0.21393 0.21762 0.07071 0.04667
4 0.15786 0.14095 0.05429 0.04
4 0.38143 0.24286 0.05714 0.06857
4 0.4575 0.26238 0.04357 0.07524
4 0.75821 0.17619 0.04214 0.04
4 0.78393 0.0181 0.02929 0.02667
5 0.59786 0.04476 0.02714 0.04
5 0.63464 0.15333 0.02929 0.05524
4 0.84643 0.04619 0.02571 0.02571
4 0.04536 0.30429 0.09071 0.0619
4 0.94536 0.90381 0.10929 0.09333
4 0.7675 0.97429 0.15786 0.05143
2 0.70143 0.77571 0.01571 0.02571
2 0.70179 0.74905 0.02357 0.0219
2 0.69857 0.72524 0.02143 0.02571
2 0.70357 0.69857 0.02 0.02952
2 0.70214 0.68 0.01857 0.01905
2 0.7025 0.63524 0.02357 0.03429
2 0.70429 0.61476 0.02429 0.03524
1 0.68464 0.63 0.01214 0.04667
1 0.67214 0.62667 0.01429 0.0419
1 0.65714 0.64143 0.01286 0.03905
1 0.64464 0.63619 0.01643 0.04571
1 0.64357 0.60143 0.01714 0.04286
1 0.71786 0.41571 0.01571 0.04286
2 0.6875 0.34143 0.01214 0.03905
10 0.685 0.33905 0.03571 0.02286
1 0.91071 0.05619 0.00429 0.01905
2 0.885 0.05048 0.00571 0.01143
3 0.88464 0.05476 0.01071 0.00857
1 0.86786 0.05571 0.01 0.01619
2 0.82786 0.03476 0.00571 0.0181
2 0.82357 0.02095 0.00571 0.01524
10 0.82821 0.03952 0.00929 0.01238
10 0.82286 0.02524 0.01 0.01238
10 0.575 0.02048 0.01714 0.01238
2 0.57571 0.01571 0.00857 0.0181
1 0.45714 0.14857 0.01143 0.03048
1 0.33857 0.09333 0.01 0.03238
1 0.3225 0.09762 0.00929 0.02762
1 0.29643 0.09952 0.00857 0.02571
1 0.21821 0.09143 0.01071 0.02857
1 0.25464 0.06143 0.01071 0.02571
1 0.26929 0.07714 0.01 0.02286
1 0.26821 0.05952 0.00643 0.02762
1 0.28214 0.06333 0.00857 0.02571
1 0.28929 0.06238 0.00857 0.0219
1 0.29071 0.04905 0.01 0.0219
2 0.26321 0.01619 0.00786 0.01333
10 0.265 0.02238 0.01286 0.01238
2 0.27 0.03714 0.00857 0.01333
3 0.27036 0.04238 0.01071 0.01238
2 0.27143 0.04476 0.00714 0.01333
10 0.27429 0.05143 0.01 0.01714
1 0.29893 0.08 0.00786 0.02667
1 0.29571 0.07714 0.00714 0.02667
2 0.27357 0.09381 0.01 0.01619
3 0.27536 0.10238 0.01357 0.01619
1 0.19071 0.13667 0.01286 0.02952
1 0.20821 0.13524 0.01357 0.02857
1 0.19214 0.12 0.01143 0.02667
1 0.1975 0.11714 0.00929 0.02476
1 0.20607 0.11381 0.01357 0.03143
1 0.19786 0.10667 0.01286 0.03048
1 0.22179 0.57762 0.025 0.05048
2 0.35893 0.20571 0.00929 0.02095
3 0.35964 0.21286 0.02071 0.02
9 0.54643 0.46238 0.12 0.2619
