5 0.45677 0.59583 0.1 0.08241
5 0.45677 0.51296 0.08333 0.08519
5 0.45964 0.45741 0.07656 0.06667
5 0.45885 0.36574 0.07708 0.08519
4 0.1276 0.60694 0.07708 0.15093
4 0.09167 0.26343 0.05104 0.08056
4 0.21068 0.05231 0.02135 0.04352
4 0.22891 0.0213 0.02552 0.04259
5 0.18464 0.08981 0.0349 0.07037
5 0.03464 0.35694 0.05677 0.09907
4 0.45833 0.32546 0.06979 0.06019
4 0.45859 0.29167 0.0651 0.0537
4 0.45625 0.25694 0.06042 0.04722
4 0.45599 0.23287 0.06094 0.04907
4 0.4526 0.2088 0.04896 0.03796
4 0.45703 0.18009 0.05677 0.04722
4 0.45391 0.15556 0.04635 0.0463
4 0.45495 0.14352 0.0526 0.0463
4 0.45339 0.10463 0.04531 0.04815
4 0.45339 0.08611 0.04323 0.03148
4 0.45677 0.075 0.04583 0.03519
4 0.45495 0.05926 0.04115 0.02778
4 0.45417 0.04769 0.03854 0.03611
4 0.45365 0.0287 0.03438 0.02593
5 0.45339 0.01574 0.03802 0.03148
1 0.50651 0.06898 0.00885 0.03241
1 0.48672 0.04815 0.00781 0.02963
1 0.525 0.44537 0.01146 0.03889
1 0.50417 0.44306 0.01354 0.04352
1 0.5112 0.45556 0.00781 0.02407
2 0.34115 0.88981 0.01667 0.03519
10 0.34115 0.90046 0.05104 0.04352
10 0.60495 0.61991 0.01302 0.05833
4 0.16953 0.05694 0.02448 0.04167
4 0.19219 0.025 0.01979 0.03704
1 0.08776 0.15278 0.00781 0.02037
1 0.02005 0.26852 0.0151 0.03704
10 0.46406 0.4213 0.02708 0.03148
1 0.53906 0.21435 0.00625 0.03241
10 0.53438 0.14676 0.00625 0.02685
3 0.53542 0.18657 0.01146 0.0213
3 0.53698 0.20046 0.01458 0.0213
