4 0.40788 0.91373 0.07359 0.06308
4 0.38361 0.98237 0.08664 0.0334
4 0.51983 0.70501 0.03236 0.09647
4 0.46764 0.55612 0.05115 0.0436
5 0.48173 0.50232 0.04175 0.04174
5 0.48904 0.43646 0.04906 0.04731
5 0.50652 0.36132 0.03184 0.03432
10 0.45981 0.33673 0.01357 0.01299
4 0.51801 0.33302 0.03914 0.02597
4 0.50261 0.26623 0.02088 0.02597
5 0.51253 0.21336 0.02401 0.02597
4 0.58194 0.12059 0.0261 0.0167
4 0.60699 0.11132 0.02401 0.02041
4 0.58925 0.1039 0.02088 0.01299
5 0.64718 0.10204 0.02923 0.02226
4 0.7393 0.12894 0.02453 0.02041
4 0.80846 0.13497 0.02505 0.01763
4 0.64483 0.05241 0.00992 0.01948
4 0.65527 0.0603 0.00783 0.02041
4 0.65371 0.01763 0.00783 0.02041
4 0.6417 0.00603 0.00678 0.01206
4 0.73095 0.22124 0.01618 0.02505
1 0.5274 0.5218 0.0047 0.02505
1 0.53653 0.50464 0.00418 0.02597
1 0.53366 0.49304 0.00574 0.0269
10 0.34447 0.72403 0.02192 0.02505
10 0.36613 0.63822 0.01827 0.02412
10 0.37683 0.59647 0.01775 0.02041
10 0.43163 0.43367 0.01775 0.01763
10 0.92615 0.60482 0.00992 0.01855
2 0.92667 0.58905 0.00783 0.01855
2 0.79671 0.10575 0.00365 0.01484
10 0.79541 0.11085 0.00939 0.0102
2 0.88779 0.109 0.00418 0.0102
10 0.88674 0.1141 0.01044 0.00928
0 0.90344 0.11642 0.00731 0.01391
2 0.79697 0.22032 0.00313 0.01206
10 0.79593 0.22495 0.00731 0.01206
10 0.28601 0.88822 0.02714 0.03061
3 0.42876 0.47124 0.012 0.02041
1 0.44937 0.36642 0.00418 0.02226
3 0.46529 0.20594 0.01305 0.01299
