4 0.36393 0.80457 0.015 0.04315
4 0.35929 0.75888 0.01571 0.03299
4 0.52679 0.86548 0.01643 0.05838
4 0.54179 0.53046 0.00786 0.02538
4 0.53179 0.35279 0.00643 0.01269
4 0.52714 0.32741 0.00571 0.01523
4 0.52964 0.33947 0.00643 0.01396
4 0.53179 0.37056 0.00643 0.01523
4 0.53357 0.39975 0.00571 0.01015
4 0.53714 0.45368 0.00714 0.01396
4 0.52643 0.6434 0.00857 0.02792
4 0.495 0.49239 0.00857 0.0203
4 0.34571 0.92132 0.01714 0.04569
4 0.3525 0.86992 0.01929 0.04188
4 0.31429 0.67893 0.02714 0.02538
9 0.46536 0.40926 0.04357 0.04442
9 0.49 0.53997 0.01571 0.07234
9 0.27607 0.66117 0.03214 0.03553
5 0.535 0.41624 0.00714 0.02284
5 0.53964 0.50761 0.00929 0.02538
5 0.53679 0.47335 0.00929 0.02792
5 0.53321 0.38261 0.00786 0.01904
5 0.53321 0.43909 0.00643 0.0203
5 0.34929 0.71701 0.02143 0.04315
4 0.46429 0.26015 0.01143 0.01015
4 0.44607 0.26015 0.01214 0.00761
9 0.43929 0.32424 0.02143 0.01904
1 0.45536 0.53046 0.00357 0.01269
1 0.45179 0.52919 0.00357 0.01523
1 0.56071 0.52792 0.00286 0.01523
1 0.5575 0.53299 0.00357 0.01523
1 0.5525 0.49492 0.00357 0.01269
1 0.55964 0.49302 0.00357 0.01396
1 0.55107 0.47208 0.00357 0.01269
1 0.54714 0.44924 0.00286 0.01269
1 0.55107 0.44226 0.00357 0.01142
1 0.54929 0.42005 0.00286 0.01269
1 0.54429 0.42005 0.00429 0.01523
1 0.54679 0.41053 0.00214 0.00888
1 0.545 0.41561 0.00286 0.0165
1 0.55357 0.41942 0.00429 0.0165
1 0.54857 0.56916 0.00429 0.0165
1 0.45464 0.47462 0.00357 0.01269
1 0.38036 0.76586 0.00643 0.02157
1 0.5625 0.78617 0.005 0.02157
1 0.56393 0.88325 0.00643 0.02284
1 0.57 0.85343 0.00571 0.02665
