1 0.26719 0.55972 0.01354 0.06019
4 0.39427 0.7125 0.07812 0.16574
4 0.34661 0.55 0.06823 0.12407
4 0.2388 0.69769 0.06615 0.16944
4 0.14922 0.75093 0.07552 0.23148
4 0.0388 0.55463 0.07552 0.11111
4 0.22786 0.42685 0.03698 0.07222
5 0.08438 0.36852 0.04063 0.08148
4 0.1013 0.33704 0.03177 0.05741
4 0.31745 0.44954 0.04323 0.0787
4 0.02266 0.32778 0.04531 0.05556
4 0.0125 0.26528 0.02396 0.04537
4 0.03984 0.26944 0.03073 0.05185
4 0.07943 0.28426 0.05156 0.04074
1 0.08984 0.28889 0.0099 0.03889
4 0.13698 0.22593 0.01979 0.03519
4 0.20339 0.29861 0.02656 0.05278
4 0.22109 0.26481 0.02552 0.03889
4 0.19323 0.275 0.025 0.04074
4 0.1901 0.25 0.025 0.03333
4 0.21068 0.2338 0.03073 0.03981
4 0.17109 0.19074 0.02344 0.02778
4 0.175 0.17037 0.02292 0.02778
4 0.16589 0.15972 0.02344 0.03241
4 0.20781 0.1875 0.025 0.02315
4 0.24141 0.20648 0.02656 0.03519
4 0.2737 0.26713 0.0224 0.03981
4 0.28594 0.30324 0.02917 0.04537
4 0.29557 0.33935 0.03281 0.04907
4 0.30729 0.39306 0.0375 0.06019
4 0.25859 0.21898 0.0224 0.03981
0 0.14609 0.12917 0.03073 0.03981
