4 0.05573 0.48519 0.05208 0.07593
4 0.19349 0.23056 0.01719 0.02593
4 0.22448 0.23843 0.01771 0.02315
4 0.23125 0.18565 0.0125 0.01574
4 0.2487 0.15926 0.01094 0.01296
4 0.26927 0.14954 0.01042 0.01574
4 0.40156 0.5162 0.02083 0.04722
4 0.36745 0.69491 0.0276 0.06759
4 0.52865 0.51759 0.03854 0.03333
4 0.54141 0.43981 0.03385 0.02593
4 0.42161 0.30648 0.01406 0.02407
4 0.39922 0.27315 0.0099 0.02593
5 0.52526 0.49722 0.03698 0.02963
5 0.51849 0.47685 0.03281 0.03148
5 0.46979 0.49907 0.02292 0.05
6 0.47682 0.53102 0.07448 0.06759
6 0.50625 0.64306 0.04896 0.14907
4 0.36823 0.60972 0.02604 0.06759
1 0.37656 0.56065 0.00625 0.0287
5 0.50573 0.44352 0.04063 0.03333
5 0.55 0.44954 0.03854 0.03611
5 0.53906 0.42778 0.03958 0.03148
4 0.54115 0.4412 0.03333 0.0287
4 0.51302 0.45833 0.02917 0.02407
6 0.40885 0.24074 0.01667 0.04074
1 0.42188 0.27361 0.00417 0.01389
1 0.4276 0.27222 0.00313 0.01667
1 0.43359 0.29167 0.0026 0.00926
1 0.43672 0.28935 0.0026 0.01574
1 0.43854 0.29074 0.00313 0.01111
4 0.39948 0.21852 0.00729 0.01667
4 0.39297 0.19306 0.00781 0.01204
4 0.07005 0.325 0.03594 0.03519
4 0.10104 0.26528 0.02604 0.0287
5 0.12917 0.21759 0.02083 0.02407
5 0.25781 0.2037 0.01562 0.02593
4 0.21198 0.17731 0.0125 0.01574
4 0.19687 0.16111 0.0125 0.01481
5 0.21042 0.15972 0.01146 0.01574
4 0.22318 0.13426 0.00781 0.00926
4 0.2362 0.14676 0.00885 0.01019
4 0.2526 0.12454 0.00625 0.00833
4 0.26146 0.10787 0.00521 0.00833
4 0.26484 0.10231 0.00469 0.00833
4 0.01667 0.34583 0.03333 0.03796
6 0.15156 0.31111 0.05208 0.09074
6 0.15417 0.20648 0.02708 0.04259
6 0.17005 0.17361 0.02656 0.03611
6 0.20781 0.14259 0.01771 0.02407
6 0.23516 0.12824 0.01302 0.0213
6 0.24583 0.11528 0.01042 0.01944
4 0.26484 0.1287 0.00781 0.01296
4 0.26823 0.12083 0.00729 0.01389
4 0.28125 0.1213 0.00625 0.01111
4 0.29219 0.11852 0.00625 0.00926
9 0.27578 0.1287 0.00781 0.01852
6 0.29401 0.10509 0.00781 0.01759
0 0.27734 0.06204 0.03698 0.04074
0 0.06615 0.0912 0.13229 0.13426
0 0.18125 0.06898 0.09375 0.06574
0 0.36224 0.12407 0.05469 0.05741
