4 0.33984 0.71389 0.01406 0.02963
4 0.36302 0.71435 0.01354 0.0287
4 0.38594 0.72037 0.01146 0.01667
4 0.35651 0.5787 0.01302 0.03704
4 0.37474 0.55602 0.01302 0.03796
4 0.39479 0.51852 0.01146 0.03519
4 0.36458 0.48704 0.01146 0.03704
4 0.38464 0.45741 0.0099 0.02778
4 0.37344 0.40926 0.00937 0.02593
4 0.3888 0.39352 0.00885 0.02593
4 0.37891 0.35602 0.00885 0.02315
4 0.39141 0.34213 0.00885 0.0213
4 0.38099 0.3162 0.00781 0.0213
4 0.38359 0.27454 0.00781 0.01944
4 0.39401 0.28333 0.00781 0.02037
4 0.34219 0.24074 0.00833 0.01667
5 0.3263 0.22083 0.00677 0.01759
4 0.33698 0.10602 0.00625 0.00833
6 0.31901 0.04769 0.0099 0.01944
5 0.33411 0.00509 0.00677 0.01019
6 0.37057 0.04676 0.0099 0.01944
4 0.37005 0.03704 0.00677 0.00741
4 0.37969 0.02315 0.00625 0.00926
4 0.39219 0.06759 0.00833 0.01111
4 0.40911 0.06944 0.00781 0.01111
4 0.46849 0.17361 0.01198 0.01574
5 0.43307 0.08426 0.00885 0.01481
0 0.48958 0.08241 0.0375 0.05926
4 0.50859 0.11991 0.01094 0.01204
4 0.50547 0.11481 0.01094 0.01111
4 0.56953 0.17222 0.01406 0.01296
5 0.58724 0.17593 0.01302 0.01481
4 0.61562 0.18472 0.01354 0.01204
9 0.62917 0.19444 0.02292 0.02037
4 0.63594 0.2 0.01667 0.01296
4 0.64036 0.20463 0.01406 0.01296
4 0.64505 0.20833 0.01406 0.01481
5 0.65156 0.21204 0.01562 0.01296
9 0.65625 0.21713 0.02396 0.0213
4 0.66432 0.22361 0.0151 0.01389
4 0.67005 0.22917 0.01719 0.01389
4 0.68073 0.23981 0.01458 0.01296
6 0.69349 0.24444 0.02865 0.02963
4 0.70234 0.25417 0.01823 0.01759
6 0.62969 0.22685 0.03333 0.03519
6 0.57682 0.20231 0.02969 0.025
6 0.58385 0.2088 0.03229 0.02685
6 0.59115 0.2162 0.02604 0.02315
6 0.59661 0.22454 0.03385 0.03241
9 0.60078 0.23704 0.02656 0.02593
9 0.60677 0.2412 0.025 0.02685
6 0.61797 0.24583 0.03698 0.03426
6 0.62604 0.25463 0.0375 0.03148
6 0.63281 0.2625 0.03438 0.0287
5 0.67865 0.29722 0.02187 0.02037
4 0.54427 0.3 0.01771 0.02222
6 0.32578 0.39074 0.0151 0.04074
