4,0.4859375,0.32222222222222224,0.028125,0.027777777777777776
4,0.5182291666666666,0.3226851851851852,0.025,0.019444444444444445
4,0.5549479166666667,0.32083333333333336,0.027604166666666666,0.023148148148148147
6,0.5731770833333333,0.2671296296296296,0.06197916666666667,0.04351851851851852
9,0.49505208333333334,0.26990740740740743,0.06614583333333333,0.04722222222222222
4,0.47161458333333334,0.3055555555555556,0.025520833333333333,0.022222222222222223
4,0.4119791666666667,0.23472222222222222,0.026041666666666668,0.021296296296296296
4,0.62109375,0.21805555555555556,0.027604166666666666,0.023148148148148147
6,0.22083333333333333,0.2023148148148148,0.041666666666666664,0.030555555555555555
9,0.37083333333333335,0.05092592592592592,0.011458333333333333,0.040740740740740744
9,0.38697916666666665,0.08333333333333333,0.0125,0.040740740740740744
4,0.40130208333333334,0.10925925925925926,0.011979166666666667,0.025925925925925925
4,0.39765625,0.08101851851851852,0.0109375,0.021296296296296296
4,0.39505208333333336,0.050462962962962966,0.0109375,0.026851851851851852
4,0.39296875,0.01574074074074074,0.008854166666666666,0.024074074074074074
4,0.3809895833333333,0.0125,0.009895833333333333,0.025
6,0.3580729166666667,0.025925925925925925,0.011979166666666667,0.04259259259259259
