0 0.1255 0.617 0.05 0.06467
0 0.181 0.61967 0.054 0.07
0 0.23625 0.625 0.0355 0.06333
0 0.28325 0.63133 0.0375 0.05867
0 0.32625 0.64067 0.0515 0.06667
0 0.3755 0.65333 0.045 0.06267
0 0.41425 0.662 0.0295 0.06
0 0.45325 0.65433 0.0395 0.082
1 0.46825 0.60467 0.0055 0.01467
1 0.528 0.508 0.021 0.04133
1 0.56175 0.512 0.0215 0.044
1 0.5875 0.514 0.02 0.04267
1 0.62075 0.51433 0.0215 0.04333
4 0.64575 0.52667 0.0195 0.048
4 0.69425 0.52933 0.0185 0.04533
1 0.59325 0.68767 0.0075 0.018
1 0.63125 0.842 0.0055 0.02
3 0.4775 0.725 0.019 0.01533
3 0.551 0.793 0.021 0.01533
3 0.55175 0.783 0.0215 0.014
3 0.553 0.75333 0.02 0.01333
3 0.5545 0.72533 0.02 0.012
3 0.5575 0.71867 0.02 0.012
3 0.55575 0.70967 0.0185 0.01133
3 0.55525 0.69833 0.0165 0.00867
3 0.55975 0.68867 0.0175 0.01067
3 0.49575 0.67867 0.0195 0.00933
3 0.485 0.66767 0.017 0.014
3 0.4885 0.66067 0.016 0.01733
3 0.48775 0.65233 0.0175 0.01133
3 0.49125 0.64733 0.0195 0.01333
3 0.49 0.63567 0.017 0.014
