4,0.19869791666666667,0.6101851851851852,0.0421875,0.03333333333333333
4,0.3609375,0.4351851851851852,0.019791666666666666,0.06851851851851852
4,0.3958333333333333,0.43703703703703706,0.019791666666666666,0.08148148148148149
4,0.4276041666666667,0.4287037037037037,0.020833333333333332,0.07222222222222222
4,0.20807291666666666,0.45694444444444443,0.019270833333333334,0.0712962962962963
4,0.16770833333333332,0.4671296296296296,0.019791666666666666,0.0712962962962963
4,0.14036458333333332,0.47638888888888886,0.0234375,0.07314814814814814
4,0.0953125,0.4787037037037037,0.021875,0.07777777777777778
4,0.32578125,0.3527777777777778,0.03177083333333333,0.06296296296296296
4,0.6609375,0.4050925925925926,0.023958333333333335,0.0787037037037037
4,0.6932291666666667,0.4041666666666667,0.027083333333333334,0.0787037037037037
4,0.7166666666666667,0.39490740740740743,0.025,0.07314814814814814
4,0.6635416666666667,0.28425925925925927,0.040625,0.05
4,0.6372395833333333,0.14814814814814814,0.03697916666666667,0.07037037037037037
5,0.6497395833333334,0.2439814814814815,0.0390625,0.062037037037037036
4,0.5072916666666667,0.21342592592592594,0.025,0.06944444444444445
5,0.5515625,0.3675925925925926,0.019791666666666666,0.07592592592592592
6,0.5263020833333333,0.3087962962962963,0.025520833333333333,0.0787037037037037
7,0.59765625,0.015277777777777777,0.044270833333333336,0.030555555555555555
6,0.28359375,0.4449074074074074,0.0203125,0.08055555555555556
1,0.21744791666666666,0.4981481481481482,0.0067708333333333336,0.012962962962962963
6,0.011979166666666667,0.48842592592592593,0.023958333333333335,0.10648148148148148
