4 0.24679 0.5419 0.03357 0.02095
4 0.16607 0.50333 0.02214 0.0219
4 0.20714 0.49 0.03 0.0219
4 0.23393 0.46905 0.02071 0.02381
4 0.07 0.55048 0.04 0.02476
5 0.02536 0.52333 0.02929 0.02
4 0.12536 0.64667 0.035 0.04
4 0.44857 0.45571 0.01429 0.02762
3 0.41607 0.92381 0.01214 0.0381
6 0.48821 0.20667 0.00643 0.01524
4 0.48143 0.1719 0.00429 0.00857
9 0.49357 0.17143 0.00571 0.01333
0 0.48964 0.10048 0.00929 0.05048
4 0.50107 0.20095 0.00357 0.00762
4 0.52071 0.22095 0.01286 0.01143
4 0.50607 0.22 0.00929 0.01524
4 0.39536 0.22381 0.00786 0.00952
4 0.40357 0.22429 0.00714 0.01048
4 0.41036 0.22524 0.00786 0.00857
4 0.79357 0.3281 0.00857 0.01238
4 0.77893 0.30619 0.01357 0.01429
4 0.77 0.29667 0.01143 0.01048
4 0.62214 0.21333 0.00714 0.00952
4 0.62857 0.21095 0.00714 0.01048
4 0.63571 0.21333 0.00714 0.00762
4 0.64321 0.2119 0.00643 0.00857
4 0.62143 0.20286 0.01143 0.00762
4 0.59857 0.20286 0.00857 0.00762
