9 0.42214 0.35509 0.07135 0.06944
4 0.51927 0.39306 0.04583 0.04722
9 0.57812 0.06389 0.06979 0.11667
4 0.46667 0.41389 0.04271 0.04815
4 0.42031 0.43472 0.03646 0.04352
5 0.36875 0.45139 0.04688 0.05093
4 0.27161 0.48611 0.04844 0.05
5 0.31094 0.40185 0.03229 0.07407
9 0.18568 0.51944 0.08698 0.09074
6 0.07214 0.57083 0.0724 0.08611
4 0.20286 0.19537 0.02656 0.0537
6 0.17292 0.20694 0.02396 0.07685
4 0.14688 0.22176 0.01771 0.06019
5 0.0099 0.60602 0.01875 0.04907
1 0.25677 0.41389 0.00937 0.01852
1 0.24115 0.42222 0.00833 0.01296
1 0.23776 0.43657 0.0099 0.02315
1 0.22396 0.4162 0.00729 0.01574
1 0.22448 0.43241 0.00833 0.01667
1 0.28021 0.23102 0.01042 0.02315
10 0.49609 0.32685 0.01198 0.03889
10 0.50443 0.32546 0.0099 0.03796
10 0.51068 0.32176 0.01094 0.03981
10 0.51797 0.31991 0.01094 0.03981
10 0.52865 0.31343 0.01146 0.04167
10 0.53646 0.31481 0.00937 0.03333
10 0.54479 0.31296 0.01042 0.02593
10 0.55286 0.30694 0.01198 0.03981
10 0.5599 0.30185 0.01042 0.03519
10 0.56797 0.29815 0.01198 0.03519
1 0.66849 0.50833 0.01406 0.02593
1 0.65911 0.69213 0.0099 0.0213
1 0.68047 0.70833 0.00885 0.02037
1 0.68464 0.72454 0.0099 0.00833
1 0.03516 0.51019 0.0151 0.01852
1 0.03516 0.49583 0.0151 0.01759
1 0.63047 0.09676 0.00885 0.02685
