5 0.72214 1.12685 0.21094 0.2
5 0.69141 0.92454 0.21719 0.19907
5 0.69115 0.78981 0.16042 0.16111
5 0.69167 0.66667 0.13437 0.14074
5 0.68359 0.5537 0.13385 0.14074
5 0.67005 0.45972 0.14323 0.11944
5 0.76875 1.33426 0.23854 0.10926
5 0.08333 1.28194 0.16667 0.20093
1 0.11979 0.97917 0.05417 0.09907
5 0.22318 0.70741 0.26823 0.25926
5 0.25104 0.5838 0.22396 0.21389
5 0.25885 0.51065 0.14375 0.11944
4 0.64193 0.38704 0.12552 0.1
4 0.29974 0.36111 0.13698 0.09444
4 0.31484 0.28241 0.13698 0.09444
4 0.32161 0.21944 0.11927 0.08889
4 0.33568 0.16343 0.11823 0.0787
4 0.35078 0.10741 0.11823 0.07778
5 0.64583 0.29954 0.11667 0.125
5 0.65078 0.23796 0.11302 0.10926
4 0.5151 0.13889 0.06354 0.11481
1 0.43698 0.12407 0.02187 0.08519
4 0.63229 0.13241 0.11354 0.07778
4 0.63021 0.08565 0.10208 0.08241
4 0.62656 0.04259 0.08646 0.06852
5 0.35911 0.03565 0.10052 0.0713
