6 0.07929 0.82107 0.08 0.06599
4 0.1675 0.79759 0.03929 0.03934
6 0.05857 0.64023 0.06143 0.05457
4 0.29893 0.66942 0.03643 0.03426
4 0.32286 0.84645 0.04714 0.04569
1 0.33464 0.3198 0.00643 0.01269
6 0.68821 0.02665 0.01214 0.04061
4 0.68 0.08883 0.00857 0.01777
4 0.68643 0.14594 0.01 0.0203
4 0.67071 0.28871 0.01143 0.01904
6 0.64929 0.29886 0.01571 0.0368
4 0.68607 0.43084 0.01214 0.03426
4 0.67643 0.56472 0.01571 0.04569
9 0.70679 0.52411 0.02357 0.12437
4 0.76 0.84391 0.04143 0.04569
5 0.84107 0.95749 0.05071 0.04949
4 0.825 0.85914 0.03857 0.04061
6 0.82929 0.77792 0.05857 0.06091
4 0.90179 0.63579 0.02357 0.05076
4 0.92143 0.62563 0.02571 0.0533
