8 0.3724 0.29769 0.01875 0.03241
4 0.27474 0.38796 0.03906 0.05185
10 0.25859 0.94676 0.02344 0.03611
2 0.25755 0.9463 0.01198 0.01667
5 0.52109 0.59444 0.0474 0.06667
11 0.4651 0.32176 0.07396 0.08981
2 0.4849 0.33657 0.00417 0.02685
4 0.43984 0.24352 0.02656 0.03519
4 0.52135 0.27176 0.02917 0.04352
4 0.52474 0.1912 0.03073 0.03611
4 0.54844 0.15556 0.03438 0.02593
1 0.5237 0.22269 0.00573 0.02315
1 0.45911 0.21343 0.00677 0.0213
1 0.46563 0.20787 0.00833 0.01574
0 0.49089 0.1875 0.03177 0.03426
5 0.58099 0.19954 0.04635 0.06574
5 0.65365 0.40046 0.03438 0.04907
4 0.59062 0.48287 0.04063 0.05463
