3 0.02839 0.29444 0.02344 0.04444
3 0.12839 0.38889 0.02031 0.04444
2 0.02083 0.26944 0.01771 0.03519
2 0.12552 0.36204 0.01771 0.04444
4 0.03672 0.01759 0.0276 0.03519
4 0.06224 0.04167 0.0276 0.04074
4 0.08984 0.07037 0.02865 0.05
4 0.11589 0.09213 0.0401 0.05093
4 0.14089 0.1375 0.04635 0.04722
1 0.07135 0.00926 0.00729 0.01852
1 0.14635 0.19074 0.01458 0.04074
1 0.15937 0.1875 0.01042 0.04722
1 0.17161 0.22963 0.01302 0.05741
1 0.1888 0.22176 0.01302 0.05463
4 0.21536 0.19167 0.05677 0.06481
4 0.26667 0.24676 0.07187 0.075
5 0.01823 0.41991 0.03646 0.14907
3 0.37526 0.26157 0.01615 0.03241
2 0.37396 0.24074 0.01146 0.03889
4 0.42812 0.10648 0.04792 0.0463
9 0.45391 0.13519 0.08906 0.0963
6 0.50208 0.14722 0.09583 0.0963
1 0.48203 0.26296 0.01198 0.0537
3 0.47214 0.27269 0.02448 0.0287
1 0.49661 0.24583 0.00781 0.04907
1 0.50417 0.24028 0.00729 0.04352
1 0.50781 0.23796 0.00937 0.04815
1 0.53984 0.3375 0.01406 0.06204
1 0.57734 0.24861 0.00885 0.06019
1 0.60469 0.2463 0.0125 0.05926
2 0.54688 0.27917 0.0125 0.03426
3 0.54375 0.30046 0.02396 0.03056
4 0.61979 0.16065 0.05833 0.06759
4 0.67188 0.19676 0.05833 0.0713
4 0.69349 0.07593 0.05677 0.08148
1 0.71589 0.06481 0.0099 0.03889
1 0.44271 0.81204 0.03542 0.09259
1 0.02135 0.6963 0.025 0.04259
3 0.65495 0.7037 0.07031 0.10185
2 0.66276 0.6838 0.03802 0.0713
