4 0.12161 0.85833 0.24115 0.22778
4 0.28437 0.72269 0.13125 0.16759
4 0.37734 0.64954 0.09948 0.11944
4 0.44635 0.58333 0.07396 0.08333
4 0.48854 0.55046 0.05833 0.0787
4 0.53125 0.52361 0.04896 0.04907
4 0.56172 0.50556 0.03906 0.0463
4 0.54193 0.4875 0.05469 0.04722
4 0.50521 0.48194 0.04688 0.03611
4 0.50469 0.47176 0.04792 0.04352
4 0.45156 0.46019 0.04167 0.04074
4 0.5651 0.47315 0.04583 0.02963
4 0.59193 0.47315 0.04115 0.03704
4 0.61667 0.47037 0.04479 0.03519
4 0.63281 0.46713 0.04375 0.03611
4 0.63568 0.45926 0.04219 0.03148
4 0.64089 0.45602 0.04531 0.0287
4 0.69167 0.46019 0.025 0.03333
5 0.69896 0.42685 0.03229 0.02593
4 0.65573 0.44815 0.02708 0.02222
4 0.66901 0.44537 0.02552 0.02222
4 0.67604 0.44028 0.03229 0.0213
4 0.68177 0.43519 0.02396 0.01852
4 0.6849 0.43426 0.02083 0.02037
4 0.69141 0.43241 0.0224 0.02037
4 0.69609 0.43148 0.02344 0.02222
4 0.71094 0.425 0.02083 0.01852
4 0.71328 0.42222 0.0224 0.01667
4 0.71745 0.41898 0.02031 0.01574
4 0.72083 0.42037 0.01562 0.01667
4 0.71224 0.50093 0.03385 0.05556
