4 0.45547 0.33472 0.03698 0.03796
4 0.48385 0.25787 0.03438 0.03241
5 0.47813 0.2963 0.03958 0.04074
5 0.42526 0.28194 0.03906 0.03796
4 0.3737 0.29583 0.03073 0.03426
5 0.32005 0.31898 0.0401 0.04352
9 0.2487 0.36019 0.09531 0.13333
9 0.14792 0.52963 0.09479 0.21111
5 0.17031 0.33704 0.04583 0.04259
10 0.14792 0.36528 0.02292 0.025
5 0.02031 0.55417 0.03021 0.06944
6 0.04974 0.24815 0.05677 0.07963
4 0.01823 0.17083 0.02083 0.03426
1 0.41146 0.21435 0.00833 0.025
1 0.6737 0.18194 0.00781 0.02315
1 0.68516 0.01435 0.00781 0.02315
1 0.03385 0.14537 0.01042 0.01667
4 0.00547 0.18704 0.01094 0.03148
1 0.15833 0.29722 0.00937 0.01667
1 0.71719 0.40509 0.0125 0.0287
1 0.65599 0.18241 0.00469 0.01852
1 0.65078 0.18148 0.00781 0.02222
1 0.6651 0.16574 0.00729 0.02407
1 0.66927 0.16667 0.00625 0.02037
1 0.66745 0.11898 0.00677 0.02315
1 0.66302 0.11713 0.00729 0.0213
1 0.66849 0.09815 0.00573 0.01852
1 0.66458 0.0963 0.00729 0.01481
