4 0.02821 0.52905 0.01643 0.03333
4 0.07214 0.52905 0.01571 0.03333
5 0.08536 0.52619 0.02071 0.03714
4 0.00857 0.60048 0.01714 0.03333
4 0.05143 0.59476 0.02143 0.03524
5 0.07571 0.83524 0.04571 0.02095
4 0.01214 0.88286 0.02429 0.01714
4 0.03893 0.88238 0.03214 0.02
4 0.07679 0.88 0.035 0.01905
4 0.11286 0.88 0.02429 0.01905
6 0.14643 0.87571 0.04429 0.0219
4 0.18643 0.87286 0.02857 0.0181
4 0.22393 0.87 0.02929 0.02
4 0.25786 0.86857 0.03 0.01714
4 0.195 0.83095 0.03286 0.02
4 0.29571 0.86714 0.02714 0.0181
1 0.58929 0.73095 0.00429 0.00476
1 0.54143 0.74667 0.00571 0.00381
4 0.57714 0.82476 0.03 0.01714
4 0.79107 0.95286 0.01929 0.04286
4 0.90429 0.48524 0.02857 0.01429
4 0.91607 0.55095 0.03214 0.02
4 0.89464 0.43714 0.025 0.01524
4 0.8925 0.42333 0.02643 0.01429
4 0.87821 0.36048 0.02357 0.01238
4 0.86929 0.30238 0.02143 0.01238
10 0.96857 0.51857 0.00429 0.01429
10 0.93857 0.53714 0.01 0.00571
3 0.97286 0.51762 0.00286 0.00667
4 0.88179 0.25714 0.025 0.01333
4 0.89679 0.10714 0.01786 0.01048
4 0.59286 0.04714 0.00857 0.02
4 0.58214 0.0481 0.00857 0.02
1 0.35714 0.13952 0.00429 0.00857
10 0.34286 0.19143 0.00714 0.00571
10 0.34607 0.19667 0.00643 0.00667
10 0.34857 0.19952 0.00571 0.00476
10 0.35107 0.20143 0.00786 0.00667
1 0.32286 0.28619 0.00429 0.00667
1 0.31893 0.28524 0.005 0.00667
1 0.18464 0.39524 0.00643 0.00571
1 0.19214 0.37714 0.00429 0.00952
1 0.11036 0.42333 0.00643 0.00667
7 0.61036 0.38143 0.01357 0.01048
7 0.62643 0.39762 0.00571 0.01048
7 0.60321 0.34095 0.005 0.00381
7 0.60464 0.36714 0.00643 0.00476
7 0.60143 0.32524 0.00571 0.00476
7 0.60357 0.33714 0.00571 0.00381
4 0.4 0.97619 0.03143 0.01905
4 0.43393 0.95905 0.015 0.0419
4 0.45536 0.97143 0.03071 0.02095
4 0.45857 0.9919 0.03286 0.01619
4 0.16179 0.9781 0.015 0.0381
4 0.12929 0.99048 0.01714 0.01905
4 0.83643 0.3281 0.01286 0.02571
4 0.84214 0.36571 0.01429 0.03048
4 0.84893 0.40429 0.015 0.02952
5 0.85607 0.43905 0.01214 0.02476
4 0.82143 0.45333 0.01286 0.02667
4 0.81571 0.41476 0.01429 0.03143
