4 0.26143 0.60667 0.01286 0.00571
4 0.28321 0.55381 0.00357 0.00476
4 0.30357 0.57381 0.00429 0.00476
4 0.29286 0.57429 0.00429 0.00571
4 0.28607 0.57286 0.00357 0.00476
4 0.29679 0.57857 0.00357 0.00476
4 0.28607 0.59095 0.00357 0.00667
4 0.3025 0.59857 0.005 0.00667
5 0.31571 0.63095 0.00714 0.01238
4 0.33821 0.6681 0.01071 0.01429
1 0.39679 0.63238 0.00214 0.00762
1 0.39964 0.6319 0.00214 0.00857
4 0.40214 0.63143 0.00571 0.00762
4 0.41857 0.63524 0.01714 0.00762
4 0.33571 0.72571 0.01286 0.01905
4 0.36214 0.72571 0.01429 0.01905
4 0.35357 0.76095 0.01571 0.02476
4 0.32464 0.7519 0.015 0.0219
4 0.45786 0.94619 0.03286 0.05238
4 0.41786 0.94429 0.03 0.05238
4 0.38536 0.97571 0.03071 0.04857
4 0.98393 0.66 0.01214 0.00952
6 0.93893 0.76714 0.03929 0.06571
6 0.96179 0.81286 0.05071 0.06952
4 0.91179 0.81238 0.02071 0.02667
4 0.89321 0.79952 0.02214 0.02571
4 0.8675 0.8319 0.02786 0.03524
4 0.83929 0.86286 0.03 0.0381
4 0.80821 0.89238 0.03357 0.0381
4 0.86464 0.88143 0.02929 0.03714
4 0.89214 0.84714 0.02714 0.03333
2 0.79357 0.9219 0.01 0.02095
10 0.79321 0.92762 0.01357 0.02095
4 0.82607 0.93429 0.03786 0.04952
4 0.90071 0.94667 0.03429 0.04762
4 0.9425 0.96905 0.035 0.05048
6 0.92036 0.86524 0.05357 0.09619
4 0.85429 0.98 0.04143 0.04
1 0.07107 0.65952 0.00214 0.00857
4 0.09679 0.64667 0.00929 0.00952
5 0.09464 0.63429 0.01357 0.00952
5 0.12 0.62476 0.01143 0.00571
4 0.10964 0.62952 0.01357 0.00952
4 0.105 0.63286 0.01143 0.00857
4 0.12893 0.62238 0.01071 0.00667
