2 0.48852 0.9782 0.01566 0.03061
10 0.48956 0.97866 0.01461 0.03896
7 0.56106 0.8692 0.02088 0.07421
8 0.46895 0.66373 0.01618 0.06586
7 0.43685 0.55983 0.02296 0.05659
8 0.47208 0.53154 0.02035 0.04824
7 0.40084 0.468 0.02923 0.03803
7 0.4499 0.42254 0.01775 0.03803
4 0.49922 0.45037 0.02349 0.05659
4 0.56602 0.51206 0.03079 0.0538
6 0.51148 0.40863 0.0261 0.04917
1 0.57724 0.54035 0.00835 0.02876
1 0.58168 0.53386 0.00574 0.03247
8 0.5916 0.52597 0.02035 0.04453
4 0.62865 0.7384 0.06524 0.07236
10 0.63152 0.85761 0.01879 0.04545
10 0.631 0.89332 0.02505 0.02968
10 0.63909 0.9615 0.02557 0.0269
7 0.59081 0.86549 0.01775 0.06679
11 0.40423 0.56308 0.04436 0.10575
11 0.49791 0.33349 0.05115 0.05288
1 0.53419 0.24351 0.00783 0.02134
4 0.53471 0.24119 0.02766 0.01855
4 0.57046 0.21104 0.01357 0.0269
8 0.5929 0.18553 0.00835 0.02041
10 0.6096 0.33117 0.00835 0.02226
10 0.61822 0.33813 0.00574 0.01948
10 0.63205 0.34787 0.00731 0.01855
10 0.63909 0.35019 0.00678 0.01948
3 0.63987 0.32699 0.00626 0.01577
1 0.64248 0.29777 0.00418 0.01299
8 0.62135 0.3038 0.01096 0.03061
8 0.62422 0.26809 0.01044 0.02968
7 0.59682 0.27922 0.01305 0.02968
2 0.60204 0.3038 0.00678 0.01577
10 0.60177 0.30891 0.00626 0.01855
10 0.57359 0.26623 0.00626 0.0167
10 0.62004 0.17857 0.00418 0.01391
10 0.52714 0.22449 0.00939 0.01299
10 0.52897 0.21892 0.00887 0.01299
10 0.53653 0.19898 0.00835 0.01206
10 0.57385 0.19109 0.00678 0.01299
10 0.56315 0.18599 0.00939 0.01206
7 0.54749 0.17996 0.01879 0.01484
7 0.55741 0.14889 0.01461 0.01577
1 0.56498 0.15121 0.00365 0.01113
1 0.54228 0.15213 0.00626 0.02226
1 0.58638 0.15909 0.00365 0.01391
1 0.57933 0.15306 0.00418 0.0167
2 0.57385 0.15445 0.00365 0.0102
1 0.55924 0.14286 0.0047 0.01855
7 0.55141 0.13683 0.00887 0.01763
1 0.56367 0.14147 0.00313 0.01577
6 0.56942 0.14007 0.01253 0.02226
8 0.57829 0.13822 0.00731 0.02041
6 0.58168 0.12801 0.01096 0.02597
1 0.5715 0.12662 0.00418 0.01391
1 0.59447 0.11596 0.00313 0.0167
1 0.59108 0.109 0.00365 0.01206
10 0.59134 0.11874 0.00313 0.00928
11 0.60204 0.11503 0.01305 0.0334
10 0.61143 0.09879 0.00365 0.0102
2 0.61143 0.09508 0.00261 0.0102
2 0.6203 0.17532 0.00365 0.01299
2 0.57385 0.2616 0.0047 0.0167
10 0.63544 0.23052 0.00574 0.01577
1 0.64901 0.18553 0.00365 0.01855
8 0.64144 0.13729 0.00731 0.01855
8 0.62474 0.08581 0.01044 0.01763
8 0.63492 0.09137 0.00574 0.01763
8 0.6404 0.09787 0.00835 0.01763
8 0.64379 0.09276 0.00574 0.02412
7 0.63909 0.07421 0.0047 0.01484
10 0.65292 0.08071 0.00522 0.00928
10 0.64901 0.10297 0.00574 0.00928
10 0.6798 0.09972 0.0047 0.0102
1 0.65084 0.09879 0.00313 0.01391
7 0.64796 0.0603 0.00365 0.00928
8 0.64927 0.06911 0.00522 0.01206
8 0.65423 0.06957 0.00574 0.01299
1 0.63805 0.06354 0.00261 0.0102
1 0.62735 0.04963 0.00313 0.0102
1 0.65475 0.05983 0.00261 0.0102
2 0.65788 0.06076 0.00365 0.00835
2 0.65449 0.0487 0.00313 0.0102
10 0.65423 0.04963 0.00261 0.00835
5 0.63231 0.03803 0.00678 0.01484
4 0.62109 0.05056 0.00835 0.01206
1 0.61874 0.04685 0.00261 0.00835
1 0.61482 0.04777 0.00209 0.01206
8 0.61169 0.04406 0.00626 0.01391
6 0.60412 0.04128 0.00887 0.01763
5 0.63022 0.02644 0.00678 0.01391
7 0.64327 0.02876 0.0047 0.01299
9 0.61169 0.02412 0.0261 0.02597
10 0.64796 0.0269 0.00261 0.00742
10 0.63805 0.02041 0.00261 0.00557
10 0.63857 0.02597 0.00261 0.00742
2 0.64823 0.02412 0.00209 0.00557
2 0.63857 0.02458 0.00157 0.00649
2 0.63831 0.01855 0.00209 0.00742
1 0.67145 0.00881 0.00157 0.0102
1 0.67354 0.00835 0.00261 0.01113
2 0.63439 0.00974 0.00261 0.00649
7 0.63439 0.0116 0.00365 0.00649
4 0.64222 0.01067 0.00678 0.00835
7 0.65292 0.00557 0.00626 0.01113
5 0.613 0.00696 0.00783 0.0102
0 0.66127 0.01809 0.01775 0.03618
