0 0.31536 0.3713 0.03177 0.03889
4 0.11641 0.63565 0.03906 0.02315
4 0.22057 0.50972 0.01094 0.01574
4 0.29818 0.51204 0.0099 0.01111
4 0.28281 0.71157 0.01667 0.03241
6 0.03594 0.71435 0.06042 0.08426
4 0.95339 1.10509 0.08177 0.075
4 0.74583 0.83333 0.05208 0.04444
4 0.65443 0.7125 0.0349 0.02685
4 0.61536 0.67963 0.0349 0.02778
4 0.67135 0.59954 0.02083 0.01759
4 0.5151 0.53657 0.01875 0.01944
4 0.59531 0.54907 0.02083 0.01296
4 0.59036 0.53611 0.01927 0.01296
9 0.63724 0.63611 0.04115 0.05926
9 0.72552 0.63241 0.04479 0.06667
4 0.44036 0.55417 0.01198 0.01204
4 0.52578 0.49259 0.01198 0.01111
4 0.54271 0.49907 0.01979 0.00926
2 0.26224 0.55602 0.00156 0.01204
2 0.25521 0.56111 0.00417 0.01667
4 0.47708 0.48981 0.01667 0.00926
4 0.46536 0.47731 0.01406 0.01019
4 0.47604 0.48565 0.01667 0.01019
4 0.50703 0.4713 0.01302 0.00741
4 0.52005 0.48102 0.0151 0.00833
4 0.49557 0.45 0.01406 0.01111
0 0.42552 0.43565 0.05833 0.01389
4 0.47865 0.43657 0.00625 0.01204
4 0.28672 0.47037 0.00677 0.01296
4 0.29245 0.45509 0.0099 0.01389
4 0.30495 0.45324 0.00885 0.01389
4 0.42057 0.49259 0.01823 0.01111
4 0.27526 0.42407 0.00573 0.00926
4 0.26615 0.42778 0.00625 0.01296
4 0.28281 0.42315 0.00521 0.00741
0 0.29089 0.40093 0.01927 0.02037
