1 0.545 0.96714 0.02143 0.05048
1 0.53071 0.94905 0.02143 0.0581
1 0.62821 0.8781 0.02929 0.04952
1 0.65179 0.88619 0.02643 0.0581
1 0.78357 0.91143 0.03286 0.05524
1 0.89464 0.73238 0.035 0.05714
1 0.86607 0.71524 0.03071 0.06095
1 0.85071 0.70476 0.03286 0.06095
1 0.83143 0.69762 0.03429 0.05619
1 0.80786 0.66095 0.03143 0.04762
1 0.865 0.65333 0.03143 0.05143
1 0.84536 0.62238 0.03071 0.05429
1 0.74571 0.59619 0.02 0.04952
1 0.7575 0.54095 0.02357 0.05143
1 0.49714 0.61238 0.01143 0.04571
1 0.49536 0.59381 0.01643 0.04095
1 0.59179 0.51905 0.01357 0.04762
1 0.59964 0.51143 0.015 0.04762
1 0.60393 0.5019 0.01357 0.04762
1 0.59786 0.42857 0.01286 0.0419
1 0.35464 0.36095 0.01214 0.03429
1 0.365 0.35905 0.00857 0.03429
1 0.37107 0.35905 0.00929 0.03429
1 0.29286 0.4219 0.01571 0.04
1 0.29821 0.40619 0.01643 0.03905
1 0.27679 0.46952 0.01786 0.03619
1 0.26929 0.46524 0.01 0.03524
1 0.20643 0.46905 0.01714 0.03905
1 0.19464 0.4919 0.01643 0.03714
1 0.16071 0.48857 0.02571 0.04381
1 0.17536 0.45762 0.02214 0.04667
1 0.09964 0.5681 0.02357 0.04095
1 0.07821 0.58619 0.02786 0.04095
1 0.08179 0.49952 0.02929 0.04667
1 0.05786 0.42762 0.02714 0.04
1 0.01464 0.39048 0.02929 0.04
1 0.00821 0.41619 0.01643 0.03619
1 0.35571 0.32905 0.01 0.03524
1 0.37107 0.30571 0.00929 0.03048
1 0.34179 0.31143 0.00929 0.03048
1 0.34964 0.30952 0.00929 0.03048
1 0.35536 0.30905 0.01071 0.02952
1 0.34893 0.29476 0.00786 0.0219
1 0.35571 0.29333 0.00857 0.02476
1 0.33107 0.28524 0.01071 0.03143
1 0.33964 0.28048 0.01071 0.03143
1 0.34714 0.27952 0.00857 0.02762
1 0.355 0.27714 0.01143 0.03048
4 0.33036 0.23524 0.04929 0.0381
1 0.31536 0.26524 0.00929 0.02762
1 0.32464 0.27476 0.00786 0.02571
1 0.3225 0.26333 0.00786 0.0219
1 0.33179 0.26524 0.00786 0.02
1 0.33821 0.26429 0.00786 0.0219
1 0.41107 0.18381 0.00786 0.02476
1 0.41607 0.18333 0.00643 0.02571
1 0.42071 0.18286 0.00714 0.02667
1 0.42786 0.18381 0.00857 0.02476
1 0.42714 0.19048 0.00857 0.02476
1 0.43643 0.19095 0.00714 0.0219
1 0.43357 0.17333 0.00714 0.02095
1 0.44143 0.17143 0.00714 0.02095
1 0.44821 0.16619 0.00643 0.0219
1 0.46786 0.1819 0.00714 0.02476
1 0.46286 0.17667 0.00571 0.02381
1 0.4375 0.15 0.00786 0.02381
0 0.44786 0.15381 0.01286 0.01619
1 0.42071 0.13238 0.00571 0.02286
1 0.41571 0.13333 0.00571 0.02286
1 0.41143 0.13429 0.00714 0.02095
1 0.40607 0.13381 0.00643 0.0219
1 0.39571 0.13333 0.00714 0.02095
1 0.39036 0.13143 0.00643 0.01714
1 0.39393 0.12619 0.00786 0.0181
1 0.38714 0.12476 0.00571 0.01905
1 0.38286 0.12619 0.00571 0.0181
3 0.39929 0.10476 0.00714 0.01143
2 0.39929 0.09905 0.00571 0.01333
3 0.34464 0.07571 0.00643 0.01048
2 0.34357 0.07095 0.00429 0.01238
1 0.32357 0.10143 0.00571 0.01619
1 0.32643 0.1 0.00571 0.01714
0 0.27464 0.05571 0.09214 0.09048
1 0.58179 0.15571 0.00786 0.02
1 0.63357 0.16667 0.01 0.02476
1 0.62964 0.16286 0.00786 0.02286
1 0.63107 0.14762 0.00643 0.02286
1 0.62679 0.14714 0.00643 0.0219
1 0.69107 0.14476 0.00786 0.02476
1 0.74071 0.13524 0.00714 0.02286
1 0.76714 0.15143 0.00714 0.02476
1 0.75964 0.12381 0.00786 0.02286
1 0.93107 0.59095 0.03071 0.05429
1 0.95679 0.61333 0.03071 0.05143
1 0.96571 0.55857 0.03571 0.04476
1 0.985 0.58952 0.03 0.05143
1 0.98821 0.29048 0.02357 0.04571
1 0.99321 0.29952 0.01357 0.03524
1 0.95679 0.61333 0.03071 0.05143
