1 0.3513 0.50417 0.00469 0.01759
4 0.43958 0.49769 0.0125 0.0213
4 0.4401 0.4662 0.01146 0.01944
4 0.44688 0.42269 0.00937 0.01389
4 0.45078 0.37778 0.00677 0.00926
4 0.42734 0.38287 0.00885 0.01574
4 0.45391 0.34676 0.00677 0.00833
4 0.46484 0.32639 0.00469 0.00648
4 0.46146 0.30324 0.00313 0.00648
1 0.33203 0.60417 0.00573 0.03796
5 0.41042 0.34352 0.00625 0.01111
4 0.41589 0.33472 0.00573 0.00833
4 0.4 0.25185 0.00417 0.00556
4 0.46224 0.28796 0.00365 0.0037
4 0.46745 0.29491 0.00365 0.00463
5 0.45807 0.32037 0.00469 0.00926
4 0.46823 0.28704 0.00417 0.00556
4 0.46849 0.28102 0.00365 0.00463
4 0.46224 0.28287 0.00365 0.00463
4 0.46458 0.2787 0.00313 0.0037
4 0.44245 0.27593 0.00365 0.0037
10 0.46875 0.31389 0.00208 0.00556
10 0.48151 0.31991 0.00156 0.00463
10 0.48438 0.36065 0.00208 0.00648
10 0.48151 0.31296 0.00156 0.00556
10 0.45417 0.39907 0.00208 0.00926
10 0.49766 0.45093 0.00365 0.01111
1 0.49115 0.45 0.00313 0.01481
10 0.50104 0.53194 0.00313 0.01574
10 0.49557 0.53241 0.00365 0.01667
10 0.50521 0.6088 0.00417 0.01759
3 0.50677 0.7287 0.00417 0.02593
3 0.5151 0.73102 0.00625 0.0287
3 0.52266 0.72778 0.00573 0.02593
4 0.5362 0.86667 0.0349 0.08519
4 0.51146 0.6588 0.01354 0.03981
4 0.51328 0.50046 0.0224 0.04537
4 0.51901 0.25787 0.00469 0.00463
4 0.70807 0.60926 0.02969 0.02778
4 0.55599 0.7287 0.03906 0.08889
2 0.50755 0.71759 0.00573 0.02222
2 0.5151 0.71852 0.00417 0.02407
2 0.5224 0.71759 0.00521 0.02222
2 0.49583 0.52639 0.00313 0.01204
2 0.50104 0.52639 0.00313 0.01204
2 0.50521 0.6037 0.00313 0.00926
2 0.49818 0.44769 0.0026 0.01019
2 0.48464 0.35833 0.0026 0.00556
2 0.46849 0.31296 0.00156 0.0037
2 0.48203 0.31065 0.00156 0.00093
2 0.48203 0.31574 0.00156 0.00185
2 0.45417 0.3963 0.00208 0.00741
