4 0.58071 0.64657 0.03 0.10025
9 0.47857 0.69987 0.03714 0.24492
4 0.51857 0.56345 0.02286 0.07107
5 0.6 0.40863 0.02429 0.0736
4 0.58786 0.17513 0.01857 0.04822
4 0.49893 0.06218 0.015 0.03553
4 0.83643 0.85152 0.03571 0.08629
4 0.85571 0.53299 0.03143 0.06599
4 0.82821 0.45114 0.02786 0.04949
6 0.77964 0.55013 0.05786 0.15609
9 0.81464 0.72272 0.045 0.1231
4 0.73786 0.43909 0.02286 0.04822
6 0.71714 0.3566 0.03286 0.07614
6 0.78464 0.31472 0.035 0.08376
6 0.6925 0.04124 0.03214 0.08249
6 0.62679 0.02475 0.02357 0.04695
4 0.69929 0.29695 0.02143 0.04061
4 0.68393 0.25063 0.02071 0.0368
5 0.67607 0.20495 0.02071 0.03934
5 0.74214 0.19797 0.02143 0.04822
5 0.70714 0.09327 0.01571 0.0368
5 0.72071 0.13198 0.01714 0.03807
9 0.67714 0.1066 0.03429 0.09137
4 0.65464 0.1453 0.015 0.02919
4 0.64357 0.10089 0.01571 0.02919
1 0.29214 0.87246 0.00857 0.02411
1 0.22786 0.87183 0.01 0.02284
1 0.23786 0.85279 0.01 0.02284
1 0.2825 0.77919 0.00929 0.02792
1 0.255 0.73477 0.01429 0.03046
1 0.28071 0.6415 0.00714 0.02665
1 0.31286 0.63325 0.00714 0.0203
1 0.3875 0.5 0.00786 0.02538
1 0.37643 0.49683 0.01 0.02411
1 0.36357 0.51396 0.01 0.02284
1 0.36071 0.54315 0.01 0.0203
1 0.27036 0.50063 0.01071 0.03173
1 0.32679 0.22462 0.00786 0.02538
1 0.32286 0.13388 0.00571 0.01904
1 0.34036 0.08693 0.00929 0.02411
1 0.33071 0.13261 0.00714 0.02157
1 0.37893 0.20114 0.00643 0.01904
1 0.32786 0.55013 0.00571 0.02157
1 0.33643 0.54251 0.00714 0.02157
1 0.33929 0.53046 0.00714 0.0203
1 0.33643 0.5184 0.00714 0.0165
1 0.3325 0.51269 0.00786 0.0203
1 0.31929 0.50888 0.00571 0.01523
1 0.3075 0.51713 0.00786 0.02157
1 0.29786 0.53109 0.00571 0.0165
1 0.30429 0.54442 0.00571 0.01777
1 0.31071 0.55457 0.00714 0.02284
1 0.32643 0.52919 0.00571 0.01777
1 0.32 0.52728 0.00714 0.01904
1 0.29821 0.65165 0.00643 0.0165
1 0.30714 0.6453 0.00857 0.01904
1 0.29321 0.62246 0.00786 0.0165
1 0.3025 0.63198 0.00786 0.01523
1 0.29321 0.65292 0.00643 0.01904
1 0.32643 0.80203 0.00571 0.01523
