4,0.7721354166666666,1.3453703703703703,0.08385416666666666,0.08703703703703704
4,0.8169270833333333,1.0106481481481482,0.0609375,0.06388888888888888
1,0.8317708333333333,0.8222222222222222,0.010416666666666666,0.027777777777777776
1,0.7559895833333333,0.6898148148148148,0.008854166666666666,0.02962962962962963
1,0.7213541666666666,0.5875,0.008333333333333333,0.028703703703703703
1,0.44583333333333336,1.3782407407407407,0.013541666666666667,0.021296296296296296
1,0.41484375,1.2847222222222223,0.008854166666666666,0.026851851851851852
1,0.37526041666666665,1.3458333333333334,0.015104166666666667,0.032407407407407406
4,0.3528645833333333,1.237962962962963,0.07135416666666666,0.10185185185185185
4,0.34375,1.160648148148148,0.06875,0.09351851851851851
3,0.28828125,1.1171296296296296,0.0265625,0.023148148148148147
10,0.2875,1.1342592592592593,0.027083333333333334,0.024074074074074074
5,0.3268229166666667,1.0046296296296295,0.05677083333333333,0.07037037037037037
4,0.30572916666666666,0.9657407407407408,0.0625,0.06666666666666667
4,0.2950520833333333,0.9212962962962963,0.04739583333333333,0.06111111111111111
4,0.30755208333333334,0.8486111111111111,0.05260416666666667,0.0787037037037037
4,0.27291666666666664,0.8379629629629629,0.057291666666666664,0.07592592592592592
4,0.25104166666666666,0.8027777777777778,0.034375,0.053703703703703705
4,0.26145833333333335,0.7407407407407407,0.04791666666666667,0.06666666666666667
4,0.24348958333333334,0.7152777777777778,0.049479166666666664,0.06388888888888888
4,0.24661458333333333,0.5351851851851852,0.03177083333333333,0.04259259259259259
4,0.18411458333333333,0.512962962962963,0.030729166666666665,0.044444444444444446
6,0.07760416666666667,0.15324074074074073,0.040625,0.030555555555555555
6,0.10078125,0.1912037037037037,0.034895833333333334,0.023148148148148147
4,0.09140625,0.22824074074074074,0.0234375,0.019444444444444445
1,0.13880208333333333,0.17083333333333334,0.005729166666666666,0.01574074074074074
6,0.15703125,0.1736111111111111,0.018229166666666668,0.019444444444444445
5,0.19166666666666668,0.14537037037037037,0.013541666666666667,0.022222222222222223
2,0.21328125,0.18518518518518517,0.0015625,0.005555555555555556
2,0.21119791666666668,0.1837962962962963,0.0036458333333333334,0.008333333333333333
10,0.21223958333333334,0.1865740740740741,0.0067708333333333336,0.010185185185185186
2,0.35885416666666664,0.4634259259259259,0.007291666666666667,0.013888888888888888
1,0.41953125,0.4703703703703704,0.0067708333333333336,0.022222222222222223
1,0.4205729166666667,0.46805555555555556,0.0067708333333333336,0.023148148148148147
1,0.42682291666666666,0.48055555555555557,0.0046875,0.022222222222222223
1,0.42734375,0.4740740740740741,0.0078125,0.022222222222222223
1,0.37942708333333336,0.7157407407407408,0.005729166666666666,0.020370370370370372
1,0.38177083333333334,0.737037037037037,0.007291666666666667,0.025925925925925925
4,1.0145833333333334,0.7222222222222222,0.034375,0.06296296296296296
4,0.9546875,0.8916666666666667,0.03854166666666667,0.09814814814814815
4,0.9395833333333333,0.7925925925925926,0.035416666666666666,0.08703703703703704
4,0.92734375,0.7240740740740741,0.03177083333333333,0.07037037037037037
4,0.9197916666666667,0.6412037037037037,0.028125,0.075
4,0.46979166666666666,0.8430555555555556,0.057291666666666664,0.06388888888888888
2,0.5994791666666667,0.5476851851851852,0.005208333333333333,0.013888888888888888
2,0.5927083333333333,0.5518518518518518,0.004166666666666667,0.012962962962962963
2,0.59140625,0.5425925925925926,0.0036458333333333334,0.018518518518518517
1,0.56328125,0.45,0.0036458333333333334,0.022222222222222223
2,0.5684895833333333,0.46111111111111114,0.0046875,0.012962962962962963
1,0.40130208333333334,0.32916666666666666,0.0036458333333333334,0.019444444444444445
0,0.38359375,0.2986111111111111,0.0078125,0.010185185185185186
0,0.3880208333333333,0.3148148148148148,0.005208333333333333,0.005555555555555556
1,0.41302083333333334,0.3314814814814815,0.003125,0.016666666666666666
1,0.41510416666666666,0.325,0.003125,0.018518518518518517
2,1.0265625,0.324537037037037,0.007291666666666667,0.01574074074074074
10,1.0255208333333334,0.32731481481481484,0.013541666666666667,0.013888888888888888
2,0.4822916666666667,0.3523148148148148,0.004166666666666667,0.013888888888888888
10,0.4817708333333333,0.35555555555555557,0.010416666666666666,0.012962962962962963
4,0.5239583333333333,0.23425925925925925,0.022916666666666665,0.018518518518518517
1,0.5721354166666667,0.2351851851851852,0.0036458333333333334,0.016666666666666666
1,0.5692708333333333,0.2351851851851852,0.0020833333333333333,0.014814814814814815
1,0.5666666666666667,0.23472222222222222,0.0020833333333333333,0.01574074074074074
1,0.56484375,0.23564814814814813,0.0026041666666666665,0.01574074074074074
1,0.5877604166666667,0.3731481481481482,0.0046875,0.020370370370370372
1,0.5697916666666667,0.37175925925925923,0.005208333333333333,0.019444444444444445
8,0.5481770833333334,0.3768518518518518,0.009895833333333333,0.03148148148148148
6,0.5078125,0.33287037037037037,0.10416666666666667,0.049074074074074076
4,0.6057291666666667,0.35509259259259257,0.020833333333333332,0.017592592592592594
4,0.6515625,0.37222222222222223,0.027083333333333334,0.027777777777777776
1,0.6895833333333333,0.4041666666666667,0.00625,0.023148148148148147
1,0.6942708333333333,0.4013888888888889,0.005208333333333333,0.021296296296296296
1,0.7591145833333334,0.4041666666666667,0.0046875,0.021296296296296296
1,0.753125,0.3888888888888889,0.00625,0.020370370370370372
1,0.74140625,0.38101851851851853,0.005729166666666666,0.021296296296296296
2,0.7721354166666666,0.32083333333333336,0.0046875,0.017592592592592594
3,0.77109375,0.325,0.008854166666666666,0.012962962962962963
4,0.8427083333333333,0.3416666666666667,0.027083333333333334,0.025925925925925925
4,0.89296875,0.324537037037037,0.016145833333333335,0.028703703703703703
4,0.90625,0.3037037037037037,0.016666666666666666,0.027777777777777776
4,0.8932291666666666,0.25925925925925924,0.015625,0.025925925925925925
4,0.9302083333333333,0.1574074074074074,0.013541666666666667,0.016666666666666666
4,0.8622395833333333,0.1638888888888889,0.011979166666666667,0.018518518518518517
4,0.8510416666666667,0.18796296296296297,0.009375,0.020370370370370372
4,0.8390625,0.12824074074074074,0.008333333333333333,0.01574074074074074
4,0.834375,0.09953703703703703,0.008333333333333333,0.01574074074074074
4,0.8903645833333333,0.11435185185185186,0.0109375,0.013888888888888888
4,0.8731770833333333,0.11157407407407408,0.009895833333333333,0.013888888888888888
4,0.9296875,0.11944444444444445,0.010416666666666666,0.014814814814814815
4,0.84609375,0.07361111111111111,0.0078125,0.013888888888888888
4,0.7994791666666666,0.16064814814814815,0.019791666666666666,0.01574074074074074
4,0.8005208333333333,0.1550925925925926,0.025,0.01574074074074074
4,0.79921875,0.14074074074074075,0.025520833333333333,0.014814814814814815
4,0.7966145833333333,0.1,0.0203125,0.014814814814814815
0,0.7859375,0.03796296296296296,0.008333333333333333,0.025925925925925925
1,0.78203125,0.09351851851851851,0.0026041666666666665,0.012962962962962963
1,0.7770833333333333,0.09398148148148149,0.003125,0.012037037037037037
4,0.8143229166666667,0.004629629629629629,0.0046875,0.009259259259259259
4,0.8177083333333334,0.013425925925925926,0.005208333333333333,0.010185185185185186
8,0.8333333333333334,0.03009259259259259,0.004166666666666667,0.010185185185185186
8,0.8263020833333333,0.020833333333333332,0.0046875,0.008333333333333333
4,0.821875,0.02638888888888889,0.0125,0.010185185185185186
4,0.8231770833333333,0.04398148148148148,0.0067708333333333336,0.010185185185185186
4,0.8270833333333333,0.0587962962962963,0.007291666666666667,0.012037037037037037
4,0.91171875,0.09537037037037037,0.0171875,0.012962962962962963
4,0.9098958333333333,0.0875,0.017708333333333333,0.01574074074074074
4,0.90390625,0.0837962962962963,0.018229166666666668,0.013888888888888888
4,0.90234375,0.08148148148148149,0.019270833333333334,0.012962962962962963
4,0.89765625,0.07407407407407407,0.019270833333333334,0.011111111111111112
4,0.8901041666666667,0.06805555555555555,0.015625,0.012037037037037037
1,0.88046875,0.06388888888888888,0.0026041666666666665,0.012962962962962963
1,0.8755208333333333,0.06111111111111111,0.003125,0.012962962962962963
8,0.8786458333333333,0.05925925925925926,0.00625,0.012962962962962963
4,0.87265625,0.053703703703703705,0.013020833333333334,0.012962962962962963
4,0.8416666666666667,0.014814814814814815,0.00625,0.009259259259259259
1,0.86328125,0.033796296296296297,0.0026041666666666665,0.010185185185185186
4,0.8549479166666667,0.025,0.0067708333333333336,0.011111111111111112
4,0.8598958333333333,0.005092592592592593,0.013541666666666667,0.010185185185185186
4,0.8671875,0.01712962962962963,0.014583333333333334,0.010185185185185186
4,0.8682291666666667,0.022685185185185187,0.015625,0.012037037037037037
4,0.8731770833333333,0.03657407407407407,0.016145833333333335,0.012037037037037037
4,0.8752604166666667,0.033796296296296297,0.0140625,0.012037037037037037
4,0.8763020833333334,0.03194444444444444,0.0140625,0.010185185185185186
