6 0.07 0.76952 0.12714 0.10476
6 0.52393 0.61381 0.06643 0.0619
6 0.70286 0.49524 0.05714 0.06667
6 0.94214 0.33429 0.05714 0.06476
2 0.09107 0.23095 0.01214 0.0219
2 0.10464 0.2281 0.01071 0.02
1 0.11607 0.22381 0.00643 0.01905
2 0.11786 0.22714 0.00571 0.0181
2 0.12786 0.23095 0.00857 0.02
2 0.1375 0.93476 0.00929 0.02381
10 0.13964 0.93762 0.02071 0.02
10 0.43786 0.88905 0.02571 0.02571
2 0.4375 0.88762 0.00929 0.02286
2 0.5025 0.72143 0.00786 0.0181
3 0.50143 0.72619 0.01714 0.0219
4 0.26964 0.73476 0.06214 0.04857
1 0.085 0.93667 0.01429 0.03143
1 0.12143 0.69 0.01571 0.02381
2 0.17321 0.68571 0.01071 0.01524
10 0.17429 0.69143 0.02571 0.01143
1 0.25607 0.66333 0.01214 0.0181
1 0.24571 0.62952 0.01 0.01714
1 0.14214 0.65524 0.01286 0.01524
1 0.2875 0.5981 0.00929 0.02286
2 0.24571 0.61429 0.00857 0.01524
2 0.25821 0.60905 0.01071 0.0181
2 0.20607 0.63476 0.00929 0.02
2 0.63036 0.6081 0.00786 0.0181
2 0.63607 0.60667 0.00643 0.01524
10 0.63036 0.61524 0.01643 0.01714
10 0.73893 0.65524 0.01643 0.01333
2 0.73643 0.65429 0.00714 0.01714
2 0.74179 0.65095 0.00643 0.02
2 0.725 0.69238 0.00857 0.01714
10 0.7225 0.69619 0.01643 0.01524
1 0.46214 0.52429 0.00571 0.0181
1 0.46607 0.53095 0.00643 0.0181
2 0.92286 0.53143 0.01 0.01905
2 0.89893 0.61762 0.00929 0.01619
2 0.89643 0.58143 0.00857 0.0181
2 0.88857 0.61476 0.01 0.0181
2 0.86286 0.60667 0.01 0.01905
10 0.85964 0.6119 0.01214 0.0181
3 0.92 0.53905 0.01 0.01333
3 0.88393 0.62048 0.00929 0.0181
10 0.89607 0.58524 0.01786 0.0181
4 0.99071 0.30905 0.01857 0.02381
8 0.18857 0.87524 0.02857 0.03238
