4 0.12214 0.88287 0.0724 0.1713
4 0.27995 0.32269 0.03802 0.08056
5 0.2388 0.36852 0.03594 0.08333
5 0.16042 0.63009 0.05729 0.11019
4 0.20547 0.49907 0.05365 0.1
4 0.11693 0.56296 0.05781 0.10556
5 0.28255 0.23102 0.03594 0.08611
4 0.22214 0.26343 0.03906 0.08241
4 0.4 0.46898 0.03333 0.09352
4 0.41953 0.37176 0.03073 0.08241
4 0.49219 0.46852 0.03333 0.0963
4 0.4862 0.20278 0.02448 0.07407
4 0.44323 0.21898 0.02604 0.06204
4 0.35156 0.08519 0.025 0.06296
4 0.46432 0.05926 0.02031 0.04444
4 0.53177 0.09444 0.04375 0.04259
4 0.52344 0.37407 0.0625 0.05926
5 0.52839 0.41157 0.05573 0.05648
5 0.53932 0.06944 0.04844 0.04444
1 0.48438 0.10463 0.00833 0.03333
10 0.54479 0.24583 0.01875 0.025
10 0.54583 0.22593 0.01875 0.02963
3 0.53698 0.2088 0.01458 0.02315
10 0.52135 0.52963 0.025 0.03148
10 0.53464 0.5037 0.01302 0.03889
8 0.54115 0.18102 0.02813 0.03056
10 0.54036 0.03241 0.01615 0.01852
10 0.55156 0.04074 0.01875 0.02222
5 0.47292 0.01898 0.01771 0.03796
1 0.26146 0.44398 0.00937 0.03241
1 0.25443 0.42315 0.0099 0.03333
10 0.52578 0.89028 0.03594 0.03796
5 0.42604 0.82963 0.0375 0.1463
10 0.35781 0.83102 0.02708 0.05833
2 0.36016 0.83241 0.01719 0.02222
11 0.38854 0.84167 0.02396 0.07407
