5 0.74062 1.1625 0.07917 0.27685
5 0.72161 0.86065 0.06927 0.21389
5 0.56693 0.0662 0.04948 0.10648
4 0.56042 0.19398 0.04063 0.125
4 0.54479 0.33843 0.04583 0.14537
4 0.52891 0.52824 0.05365 0.1787
4 0.51641 0.75694 0.06094 0.21574
4 0.48229 1.1088 0.075 0.31389
4 0.6401 0.69907 0.06042 0.20926
4 0.70677 0.61019 0.05833 0.19444
4 0.70495 0.39815 0.05052 0.1463
4 0.69557 0.2375 0.04115 0.11204
4 0.70339 0.0287 0.03802 0.05741
1 0.59453 0.2662 0.0099 0.06019
1 0.58516 0.27639 0.00885 0.03056
4 1.00755 0.75417 0.06823 0.11389
1 0.55781 0.6213 0.01771 0.05926
