10 0.74531 1.15509 0.05 0.08241
1 0.67318 1.16389 0.0151 0.1
1 0.69479 1.16806 0.01979 0.11574
4 0.68776 1.04028 0.0599 0.125
2 0.4263 1.29352 0.03385 0.09259
7 0.40964 1.32361 0.07344 0.13056
2 0.59661 1.08102 0.0224 0.06204
4 0.49661 0.95694 0.05677 0.09167
1 0.35313 1.0375 0.02917 0.09722
6 0.325 1.02963 0.10625 0.16852
1 0.56901 0.87778 0.01719 0.0463
1 0.5513 0.8838 0.00885 0.05278
6 0.60859 0.89259 0.1026 0.08148
4 0.56745 0.84352 0.03698 0.06111
1 0.45755 0.78333 0.00677 0.04074
6 0.47214 0.79537 0.03594 0.06481
5 0.6263 0.7875 0.06302 0.05648
6 0.61745 0.67037 0.03073 0.07037
6 0.64271 0.65463 0.0375 0.04074
6 0.58229 0.72269 0.01667 0.04352
1 0.5651 0.74537 0.00521 0.03148
1 0.55703 0.74491 0.00573 0.03241
1 0.55833 0.73056 0.00521 0.03148
1 0.54661 0.75602 0.00677 0.03056
1 0.51771 0.7375 0.00937 0.03056
3 0.51615 0.74074 0.00625 0.02407
3 0.5349 0.74352 0.00625 0.02593
2 0.5349 0.73704 0.00625 0.03148
10 0.54036 0.72361 0.00677 0.02315
2 0.54063 0.71806 0.00625 0.02685
10 0.5276 0.7287 0.00729 0.02407
2 0.52812 0.72315 0.00625 0.02778
5 0.50104 0.73102 0.01979 0.03981
6 0.48854 0.71019 0.05104 0.05185
4 0.5263 0.68935 0.01823 0.03056
4 0.52786 0.67315 0.03073 0.02037
1 0.56302 0.63056 0.00313 0.01296
4 0.54323 0.65556 0.0125 0.01852
4 0.54896 0.65 0.01042 0.01667
4 0.54974 0.64352 0.0099 0.01481
1 0.55547 0.6412 0.0026 0.01574
4 0.55312 0.6375 0.01042 0.01574
0 0.56953 0.60509 0.03177 0.03056
0 0.57292 0.63056 0.01042 0.02222
0 0.55443 0.62037 0.01198 0.01667
