0 0.525 0.4338 0.03125 0.01574
0 0.50703 0.50602 0.03802 0.01944
0 0.47057 0.45185 0.04427 0.02037
0 0.64687 0.5412 0.02604 0.025
0 0.8987 0.50787 0.03698 0.01389
0 0.98568 0.49398 0.06927 0.0287
4 0.32005 0.51204 0.00885 0.01296
4 0.46458 0.50694 0.00313 0.00833
2 0.46484 0.5037 0.0026 0.01111
3 0.47995 1.13102 0.01094 0.04352
3 0.50417 1.11898 0.01146 0.04352
2 0.47995 1.11157 0.01094 0.05093
2 0.50391 1.09722 0.01198 0.0463
10 0.06745 0.79907 0.02031 0.02037
2 0.06823 0.78935 0.00833 0.025
2 0.075 0.79167 0.00625 0.02037
5 0.22891 0.67639 0.02865 0.03426
4 0.26589 0.63426 0.01719 0.03333
5 0.28542 0.6338 0.01562 0.0287
5 0.30286 0.63056 0.01302 0.03148
4 0.325 0.65278 0.02292 0.02778
4 0.30573 0.67917 0.03021 0.0287
4 0.41641 0.65417 0.0224 0.025
4 0.44766 0.67731 0.03073 0.0287
4 0.47135 0.64861 0.03021 0.02685
4 0.48906 0.64259 0.02604 0.02407
5 0.55573 0.68657 0.03333 0.03241
4 0.64661 0.67917 0.03698 0.02685
6 0.76328 0.66065 0.09115 0.06019
4 0.99453 0.75417 0.05052 0.03611
4 0.9763 0.76157 0.0526 0.03611
4 0.74661 0.76481 0.0276 0.03519
4 0.3401 0.85556 0.03854 0.04444
4 0.22708 0.86435 0.05417 0.04907
1 0.35625 0.59352 0.00313 0.01481
1 0.34974 0.6 0.00365 0.01667
0 0.75052 0.38287 0.25729 0.24722
4 1.01901 1.275 0.04531 0.1
