4 0.06016 0.02176 0.01615 0.03241
4 0.02891 0.16759 0.01406 0.02407
9 0.08984 0.10833 0.02448 0.07222
9 0.03307 0.03657 0.02344 0.05463
5 0.12161 0.34491 0.02552 0.03981
4 0.02865 0.46852 0.04167 0.06852
6 0.21198 0.25787 0.0375 0.06389
4 0.24792 0.12685 0.02083 0.02778
4 0.29245 0.11296 0.02031 0.02778
4 0.35365 0.01898 0.01562 0.0213
4 0.30885 0.01852 0.01562 0.02037
4 0.2724 0.32546 0.02187 0.04352
4 0.29323 0.2912 0.02083 0.03426
4 0.3099 0.25 0.01771 0.03148
4 0.32604 0.22731 0.01458 0.0213
4 0.34349 0.20093 0.01406 0.02593
4 0.35104 0.24213 0.01562 0.025
4 0.30469 0.37176 0.02292 0.03611
4 0.24141 0.50833 0.02552 0.0537
4 0.42995 0.28889 0.01302 0.03519
5 0.44661 0.2912 0.01198 0.03981
5 0.46146 0.29722 0.0125 0.03704
4 0.47813 0.30417 0.01354 0.03981
4 0.49531 0.31157 0.01458 0.03426
4 0.51224 0.31574 0.01302 0.03519
4 0.52839 0.31759 0.0151 0.04259
4 0.5487 0.32315 0.0151 0.05
5 0.49036 0.27639 0.01823 0.03241
5 0.51042 0.28009 0.01562 0.03426
5 0.45104 0.26389 0.02083 0.02963
4 0.36224 0.43472 0.02135 0.04167
4 0.39401 0.44769 0.02135 0.04907
4 0.42708 0.46065 0.02187 0.04352
6 0.42656 0.53241 0.04063 0.12407
6 0.47448 0.55278 0.03646 0.12593
6 0.49661 0.56157 0.03177 0.11204
6 0.57552 0.60833 0.03229 0.11667
5 0.60443 0.55139 0.02135 0.06574
4 0.58047 0.53426 0.02344 0.04815
4 0.54063 0.51898 0.01771 0.05463
4 0.52161 0.51389 0.01823 0.05
5 0.50417 0.49537 0.01979 0.04815
4 0.48542 0.48426 0.01667 0.03704
4 0.4487 0.47315 0.01823 0.05185
4 0.6125 0.46713 0.04271 0.03796
4 0.61276 0.4412 0.03385 0.03056
5 0.61536 0.41898 0.0401 0.04352
4 0.57422 0.40787 0.04219 0.03426
4 0.49635 0.41667 0.03646 0.03519
5 0.4987 0.3912 0.03802 0.03981
5 0.58099 0.37407 0.03594 0.02778
5 0.58307 0.35463 0.03698 0.01852
5 0.62214 0.39074 0.0349 0.02963
5 0.62682 0.37176 0.03177 0.02685
4 0.62396 0.35185 0.03125 0.02593
4 0.62057 0.32361 0.0401 0.0287
4 0.62422 0.30463 0.03594 0.02037
6 0.58776 0.24907 0.05781 0.0463
5 0.69036 0.23796 0.01719 0.04815
4 0.69375 0.33426 0.01562 0.03704
4 0.68906 0.29676 0.01771 0.0287
4 0.69479 0.38843 0.01771 0.03426
5 0.69766 0.43472 0.02135 0.06019
5 0.71927 0.4463 0.01771 0.06667
4 0.69688 0.52315 0.025 0.05185
5 0.70052 0.58472 0.02708 0.06944
4 0.72474 0.59306 0.00885 0.06944
4 0.72214 0.52546 0.01406 0.03796
6 0.34115 0.6875 0.04792 0.07685
6 0.60521 0.16806 0.05208 0.03611
6 0.59479 0.2 0.04896 0.03333
6 0.59062 0.23194 0.04583 0.03981
6 0.62318 0.16713 0.04219 0.04352
4 0.35286 0.17731 0.01198 0.0287
4 0.33359 0.18287 0.01302 0.0287
0 0.39297 0.07454 0.02969 0.03611
4 0.41484 0.28472 0.0151 0.03796
4 0.43073 0.25926 0.01458 0.04074
4 0.4724 0.26944 0.01562 0.03333
4 0.57708 0.29861 0.02708 0.01759
4 0.59844 0.27963 0.02708 0.02222
4 0.5862 0.31481 0.02448 0.02037
4 0.58359 0.33287 0.02969 0.0213
4 0.72448 0.3088 0.00937 0.03426
4 0.01667 0.61991 0.03021 0.0713
4 0.33385 0.01065 0.01562 0.01944
4 0.39792 0.38009 0.03438 0.03426
4 0.40052 0.3588 0.03125 0.0287
4 0.41354 0.20833 0.01667 0.02778
4 0.32969 0.1412 0.025 0.0287
4 0.31615 0.15093 0.02083 0.02222
4 0.30833 0.16481 0.02396 0.01852
4 0.28411 0.20648 0.0224 0.03148
4 0.28932 0.19583 0.02135 0.03056
4 0.29896 0.18148 0.02604 0.02593
