4 0.46823 0.52731 0.02604 0.05648
4 0.32734 0.6463 0.01823 0.08519
4 0.37031 0.3787 0.01562 0.0463
4 0.38828 0.19491 0.01302 0.03056
4 0.63854 0.83519 0.04479 0.11481
4 0.56745 0.60093 0.03177 0.06667
4 0.49271 0.33657 0.01875 0.04907
4 0.46901 0.25185 0.01302 0.02778
5 0.33698 0.08426 0.00937 0.02593
4 0.31641 0.4 0.01198 0.05556
5 0.25651 0.02917 0.00677 0.01574
1 0.26458 0.03519 0.00208 0.01111
1 0.24036 0.22176 0.00365 0.01759
1 0.32969 0.33009 0.00521 0.025
1 0.32734 0.2963 0.00469 0.01852
1 0.31198 0.26296 0.00625 0.02222
1 0.31484 0.07731 0.0026 0.01759
1 0.30547 0.03519 0.00365 0.01296
4 0.29844 0.03704 0.0125 0.01852
4 0.3 0.07593 0.01458 0.02222
4 0.29714 0.05602 0.01198 0.01574
5 0.43516 0.13611 0.01094 0.02222
4 0.45729 0.21759 0.01562 0.02778
4 0.6901 0.34398 0.03021 0.0287
