4 0.56667 0.89352 0.04375 0.10741
3 0.70729 1.09954 0.03125 0.04722
4 0.67422 0.99213 0.0599 0.12315
4 0.63125 0.84028 0.04792 0.09167
4 0.58385 0.65833 0.03229 0.05741
4 0.54688 0.54259 0.03021 0.05
4 0.52526 0.45046 0.02552 0.03796
4 0.51302 0.41389 0.02083 0.03519
4 0.48047 0.31759 0.01927 0.02778
4 0.44896 0.24861 0.01979 0.02315
4 0.40755 0.16204 0.01406 0.02037
4 0.38828 0.13565 0.01094 0.01944
5 0.38047 0.10231 0.01302 0.01944
4 0.40964 0.04722 0.01927 0.01111
4 0.39062 0.04491 0.01771 0.01389
4 0.37292 0.04167 0.01771 0.01296
4 0.32969 0.03704 0.01667 0.01296
4 0.3013 0.02315 0.0099 0.01111
1 0.32734 0.23148 0.00469 0.02222
4 0.28594 0.22176 0.01875 0.03056
4 0.28203 0.1963 0.01823 0.02593
4 0.23125 0.03981 0.0125 0.01667
