4 0.66458 0.9 0.08646 0.24074
4 0.52604 0.75648 0.09062 0.21667
4 0.25443 0.77083 0.1276 0.1787
5 0.40156 1.2537 0.13229 0.25556
5 0.21615 1.2375 0.12187 0.2713
4 0.2974 1.33981 0.09271 0.09259
8 0.6224 0.78426 0.05312 0.13704
1 0.12083 1.12731 0.05104 0.06759
1 0.14661 0.7588 0.02969 0.06204
1 0.06198 1.12083 0.04063 0.0713
3 0.37682 0.70046 0.04219 0.09167
1 0.26406 0.55093 0.02396 0.05741
1 0.29609 0.54074 0.01927 0.06852
1 0.03359 0.76528 0.0401 0.06019
1 0.03646 0.8037 0.0375 0.06296
1 0.02682 0.88565 0.04323 0.05463
