2 0.32286 0.62048 0.01714 0.03524
3 0.32321 0.63619 0.015 0.02857
4 0.32714 0.52952 0.04857 0.05905
4 0.33821 0.48143 0.02929 0.03524
4 0.35893 0.42476 0.01786 0.02667
4 0.44714 0.51 0.03429 0.04286
4 0.47536 0.55381 0.03786 0.04476
4 0.39179 0.68571 0.05786 0.10476
4 0.63857 0.59 0.08714 0.05238
4 0.63179 0.63952 0.08929 0.06
4 0.68929 0.68429 0.13857 0.07714
4 0.79321 0.8481 0.19643 0.12857
4 0.94214 0.47048 0.04143 0.03238
4 0.8425 0.44857 0.03643 0.02095
4 0.86357 0.46 0.03429 0.02095
4 0.74143 0.59095 0.10143 0.05048
