1 0.13036 0.52429 0.015 0.04476
1 0.6225 0.73333 0.01929 0.06667
2 0.20929 0.74714 0.02857 0.04857
1 0.2375 0.63905 0.01357 0.0419
10 0.22714 0.63952 0.03571 0.02952
10 0.05714 0.41714 0.02143 0.01143
2 0.05429 0.44952 0.00714 0.01714
1 0.41536 0.38905 0.00786 0.01619
1 0.45357 0.38857 0.00571 0.01714
1 0.79321 0.45286 0.00643 0.02571
1 0.69536 0.41619 0.00643 0.02095
1 0.50857 0.43095 0.00714 0.0219
1 0.50179 0.4319 0.005 0.02
1 0.505 0.43 0.00571 0.02
1 0.52071 0.43048 0.00714 0.01714
1 0.51571 0.42333 0.00571 0.01619
1 0.51929 0.42381 0.00429 0.01524
1 0.48429 0.43333 0.00571 0.01905
1 0.47 0.43 0.00571 0.02
1 0.465 0.43048 0.00571 0.01905
1 0.4625 0.43429 0.005 0.01905
1 0.45107 0.43048 0.005 0.02286
1 0.49429 0.42333 0.00571 0.02
1 0.48821 0.42095 0.005 0.01714
1 0.48464 0.42238 0.005 0.01619
1 0.47571 0.41048 0.00571 0.01714
1 0.45536 0.43143 0.005 0.01714
2 0.45571 0.42762 0.00286 0.00952
2 0.48714 0.41048 0.00571 0.01143
1 0.50071 0.38714 0.00429 0.01429
2 0.505 0.38619 0.00429 0.01048
4 0.52321 0.36524 0.01214 0.01048
2 0.52536 0.38333 0.00357 0.01238
1 0.88036 0.39095 0.005 0.0181
2 0.89857 0.38905 0.00571 0.01048
2 0.925 0.45619 0.00429 0.01143
2 0.9275 0.45571 0.005 0.01048
1 0.97321 0.34619 0.00357 0.01048
1 0.96821 0.34524 0.00357 0.01048
1 0.98786 0.3481 0.00429 0.01048
2 0.99357 0.34571 0.00286 0.00952
3 0.99393 0.34857 0.00643 0.00571
