5 0.9425 0.75952 0.115 0.22381
5 0.83679 0.44238 0.10357 0.16667
4 0.47929 0.71143 0.08 0.21905
10 0.24893 0.6219 0.06071 0.06095
10 0.07036 0.67429 0.04643 0.08762
4 0.49071 0.49333 0.05857 0.14286
5 0.32357 0.37714 0.06714 0.12
4 0.735 0.36619 0.07 0.12286
4 0.77857 0.32381 0.06571 0.09714
1 0.68893 0.34381 0.015 0.04762
4 0.4975 0.36667 0.05071 0.10857
10 0.21036 0.27238 0.02357 0.04
5 0.35929 0.22667 0.04857 0.0819
4 0.50214 0.26952 0.04571 0.08571
4 0.40607 0.18857 0.07643 0.05714
4 0.49857 0.1919 0.03857 0.06762
6 0.40036 0.11667 0.04214 0.08857
1 0.51643 0.13857 0.00857 0.03333
4 0.51107 0.08762 0.02643 0.04
4 0.50786 0.05048 0.02857 0.04
10 0.3625 0.03857 0.01071 0.02571
4 0.41357 0.08381 0.02857 0.0419
4 0.41964 0.05333 0.03214 0.04762
4 0.42679 0.03 0.02929 0.04095
5 0.51179 0.01714 0.025 0.02857
4 0.66571 0.0481 0.03286 0.04095
5 0.67536 0.0719 0.02357 0.04095
4 0.67714 0.10095 0.06571 0.04571
4 0.77071 0.01619 0.06143 0.03238
4 0.72929 0.13952 0.08286 0.04667
5 0.73179 0.18714 0.04929 0.06762
4 0.82893 0.22143 0.045 0.06762
4 0.90071 0.18238 0.07857 0.05619
1 0.85 0.19333 0.01429 0.0419
1 0.86536 0.19238 0.01357 0.0381
1 0.83464 0.19095 0.01214 0.03714
1 0.83679 0.18524 0.01214 0.03333
1 0.97679 0.26476 0.02214 0.05143
1 0.99286 0.28238 0.01429 0.03905
1 0.85607 0.03714 0.01071 0.03238
3 0.85214 0.04 0.02 0.01905
