5 0.3276 0.79861 0.03229 0.13796
5 0.2724 0.81759 0.03854 0.13148
4 0.46198 0.91944 0.07812 0.07222
4 0.36953 0.54213 0.03698 0.15278
4 0.30521 0.16574 0.03646 0.14074
4 0.36016 0.26713 0.03281 0.13611
4 0.22422 0.63843 0.03385 0.15648
4 0.21979 0.32685 0.03854 0.14815
4 0.22422 0.48241 0.03906 0.13704
4 0.21276 0.05741 0.03802 0.11296
1 0.44661 0.13056 0.01302 0.03333
10 0.5138 0.31435 0.0276 0.03056
10 0.5125 0.2838 0.03021 0.03241
10 0.52214 0.5838 0.03073 0.03241
10 0.52891 0.61204 0.03385 0.02222
1 0.53177 0.5162 0.01458 0.01944
1 0.55052 0.46713 0.01562 0.0213
1 0.49766 0.6875 0.0151 0.02685
1 0.49193 0.8213 0.0151 0.03519
10 0.54714 0.82269 0.01198 0.06204
10 0.5737 0.85741 0.01823 0.07593
1 0.24505 0.47593 0.01615 0.01667
2 0.40807 0.49907 0.00885 0.02407
10 0.40573 0.49676 0.02917 0.02315
10 0.42448 0.77685 0.03438 0.02778
11 0.42786 0.82407 0.0276 0.04815
1 0.40495 0.62778 0.01094 0.02037
1 0.42995 0.65093 0.0099 0.02037
1 0.43411 0.67176 0.01094 0.0213
1 0.40495 0.88333 0.01198 0.03704
