4 0.29948 0.21667 0.04479 0.04444
4 0.38958 0.34398 0.04375 0.04722
4 0.34948 0.44954 0.025 0.07685
4 0.32995 0.3875 0.0224 0.07315
4 0.30234 0.37407 0.02344 0.07407
4 0.27839 0.36898 0.0224 0.0787
4 0.25339 0.35139 0.02865 0.0787
4 0.37344 0.4625 0.02187 0.0713
4 0.39635 0.47593 0.02396 0.07963
4 0.44818 0.51435 0.02865 0.08241
4 0.47448 0.53056 0.02813 0.07593
4 0.46172 0.59769 0.05156 0.05278
4 0.44609 0.63935 0.04323 0.04167
4 0.44141 0.68009 0.04635 0.04907
4 0.34167 0.57454 0.02396 0.08056
4 0.31875 0.56111 0.02396 0.08148
4 0.29167 0.55509 0.02917 0.08426
4 0.27656 0.50741 0.02708 0.07778
4 0.24896 0.52407 0.02604 0.07407
4 0.2237 0.51528 0.02552 0.08056
4 0.19635 0.50417 0.02917 0.0713
4 0.1763 0.47639 0.0276 0.07685
4 0.15208 0.46759 0.02604 0.08148
4 0.12604 0.45324 0.02604 0.0787
4 0.1026 0.45602 0.02917 0.07315
4 0.03307 0.42546 0.0276 0.075
4 0.59401 0.57593 0.0224 0.07593
4 0.55885 0.63056 0.02708 0.07963
5 0.50417 0.53472 0.02708 0.07685
5 0.08698 0.36759 0.04792 0.03889
5 0.05833 0.43843 0.02917 0.08611
5 0.01406 0.40648 0.02396 0.07037
5 0.65833 0.66944 0.02813 0.06852
5 0.68568 0.69259 0.02448 0.06481
6 0.62839 0.57963 0.0349 0.11852
6 0.67865 0.56296 0.04167 0.12778
4 0.70911 0.59074 0.02448 0.07963
4 0.6224 0.17731 0.03021 0.08426
5 0.59661 0.13194 0.02135 0.08981
5 0.56927 0.11157 0.02187 0.08981
4 0.52839 0.09259 0.0276 0.08148
4 0.44609 0.05556 0.0276 0.08148
1 0.15703 0.58333 0.01094 0.01667
1 0.18307 0.58519 0.00781 0.01481
1 0.36719 0.71759 0.00833 0.01296
1 0.49323 0.29676 0.00729 0.01204
4 0.72188 0.19491 0.01458 0.0713
1 0.5974 0.2037 0.01042 0.01296
1 0.59661 0.21574 0.01302 0.01111
1 0.59297 0.22731 0.01198 0.01019
4 0.72318 0.59954 0.01198 0.08981
2 0.47552 0.43426 0.00833 0.01667
