2 0.51172 1.26528 0.03177 0.10278
10 0.51589 1.27824 0.0401 0.11574
1 0.55156 1.21528 0.025 0.10278
1 0.57708 1.16389 0.02396 0.09815
1 0.68359 1.19491 0.02031 0.08796
7 0.68932 1.28056 0.03073 0.14815
1 0.63958 1.13704 0.02187 0.0963
1 0.70469 1.12269 0.02083 0.09167
10 0.62005 0.93981 0.01927 0.08889
1 0.58099 0.98102 0.01719 0.09722
1 0.5888 0.95046 0.01927 0.09167
1 0.60182 0.91574 0.01927 0.09259
1 0.69427 0.93472 0.02187 0.08796
1 0.70521 0.88009 0.02083 0.0787
1 0.64219 0.80833 0.01562 0.07407
1 0.74245 0.81157 0.01302 0.07685
1 0.7349 0.81019 0.01354 0.06111
10 0.69948 0.72407 0.04583 0.05741
5 0.68516 0.65741 0.05156 0.1037
5 0.59792 0.60093 0.08438 0.09259
10 0.62057 0.65787 0.02969 0.04537
5 0.58568 0.6713 0.08802 0.1
5 0.55547 0.71019 0.10365 0.09444
5 0.54245 0.76713 0.14323 0.11389
1 0.53672 0.67407 0.01406 0.06111
1 0.52318 0.67963 0.01094 0.05926
1 0.48099 0.58287 0.0099 0.05833
1 0.51146 0.50787 0.01042 0.04722
1 0.51927 0.47315 0.00833 0.05
1 0.48568 0.3912 0.00885 0.04167
1 0.43151 0.3162 0.00677 0.025
2 0.55156 0.47454 0.00833 0.03426
2 0.37318 0.47546 0.01094 0.03056
2 0.38854 0.46759 0.01042 0.02778
1 0.34141 0.48333 0.0099 0.04444
1 0.32422 0.48657 0.01094 0.04907
1 0.29505 0.4787 0.01198 0.04815
1 0.25651 0.60278 0.01823 0.06667
1 0.27865 0.5875 0.01354 0.06019
2 0.30729 0.525 0.01458 0.04259
1 0.31823 0.50741 0.0125 0.05
3 0.28854 0.44213 0.01771 0.03426
10 0.32943 0.46574 0.02656 0.03889
5 0.35469 0.45046 0.06354 0.05833
4 0.29974 0.5963 0.0651 0.06852
5 0.42995 0.58889 0.07865 0.08519
5 0.43359 0.55417 0.07656 0.08056
5 0.37917 0.53657 0.06354 0.075
5 0.46823 0.45787 0.04583 0.06204
10 0.41563 0.675 0.02083 0.0463
5 0.33021 0.74398 0.11042 0.11759
5 0.3112 1.01852 0.12969 0.15
5 0.23802 0.99583 0.14375 0.175
5 0.1776 0.91667 0.15729 0.16481
1 0.06589 0.8125 0.0151 0.08241
1 0.10208 0.74398 0.02187 0.075
1 0.10573 0.73009 0.01979 0.07315
1 0.17266 0.63565 0.01615 0.06204
1 0.21875 0.61435 0.01458 0.05648
2 0.21094 0.59815 0.01146 0.03519
3 0.14583 0.64861 0.02604 0.03981
5 0.41797 0.39907 0.06406 0.05926
4 0.425 0.38657 0.04583 0.03796
4 0.44844 0.3787 0.04583 0.04259
4 0.46901 0.37037 0.04635 0.03704
6 0.47917 0.35093 0.04896 0.05185
5 0.49089 0.34537 0.04219 0.03889
4 0.52917 0.41528 0.03958 0.04907
4 0.61198 0.43009 0.06667 0.05648
6 0.62109 0.37546 0.06302 0.05648
4 0.55469 0.39028 0.03646 0.04167
4 0.58255 0.35926 0.0276 0.03333
4 0.58281 0.32917 0.02292 0.03241
4 0.60677 0.3375 0.02708 0.03426
4 0.64323 0.33194 0.0375 0.03426
2 0.60677 0.48565 0.01042 0.03611
4 0.67292 0.32361 0.03854 0.0287
2 0.64557 0.31343 0.00781 0.02315
10 0.64661 0.31852 0.01406 0.01852
4 0.63307 0.29352 0.0401 0.02407
4 0.65547 0.28611 0.03802 0.02593
4 0.61693 0.27222 0.03281 0.02222
5 0.50964 0.33287 0.04635 0.04352
5 0.52318 0.32685 0.0349 0.03519
4 0.52656 0.3213 0.03958 0.02778
4 0.53359 0.31111 0.0401 0.02778
6 0.56016 0.27222 0.04531 0.03333
4 0.5651 0.26528 0.03958 0.02685
4 0.52474 0.26389 0.02969 0.02037
4 0.47083 0.30278 0.03958 0.03333
4 0.42839 0.3 0.0224 0.03148
4 0.39766 0.3 0.02448 0.03148
4 0.38932 0.26667 0.02865 0.02037
6 0.39271 0.2412 0.09271 0.06019
