1 0.07607 0.35025 0.00786 0.01523
1 0.0725 0.3547 0.00643 0.0165
1 0.02786 0.32678 0.00714 0.0165
4 0.01536 0.41434 0.02929 0.02665
4 0.05214 0.4486 0.02571 0.02665
4 0.12143 0.47462 0.02857 0.02538
9 0.30786 0.46256 0.04571 0.03173
6 0.155 0.44226 0.05571 0.04442
5 0.15857 0.4835 0.03286 0.02792
5 0.2875 0.49365 0.035 0.02538
4 0.38286 0.50444 0.02857 0.02411
4 0.32821 0.50571 0.02786 0.02157
4 0.23107 0.49112 0.02643 0.02538
4 0.19464 0.48414 0.03071 0.02665
1 0.06357 0.875 0.01 0.01396
6 0.50429 0.35152 0.04 0.03553
6 0.44179 0.49873 0.06929 0.05584
5 0.64036 0.54251 0.035 0.02919
4 0.59321 0.53236 0.02786 0.02411
4 0.54929 0.52792 0.03286 0.02792
5 0.505 0.51777 0.03429 0.02792
6 0.54893 0.45939 0.04357 0.04061
4 0.60821 0.5019 0.02929 0.02411
0 0.65214 0.8217 0.01 0.01142
0 0.66893 0.81155 0.00643 0.01142
0 0.60321 0.75254 0.005 0.01777
1 0.48536 0.90355 0.00786 0.01269
1 0.52607 0.87817 0.005 0.01015
4 0.58607 0.97589 0.00357 0.01269
9 0.6725 0.51332 0.04357 0.0368
5 0.72643 0.52792 0.03 0.02792
5 0.76821 0.53109 0.03071 0.02665
4 0.69679 0.55076 0.02357 0.0203
6 0.7625 0.55457 0.075 0.05838
9 0.84964 0.54251 0.08929 0.06726
5 0.97036 0.54632 0.03214 0.03173
9 0.93857 0.56218 0.08429 0.06345
9 0.87536 0.59327 0.05071 0.04695
5 0.92536 0.60533 0.035 0.03553
4 0.9725 0.62183 0.03643 0.03046
