4 0.44818 0.65463 0.02448 0.06296
4 0.45495 0.575 0.01823 0.05556
4 0.46276 0.51713 0.01719 0.04352
4 0.48151 0.44167 0.0224 0.04444
4 0.54323 0.43704 0.02083 0.04815
4 0.55443 0.38704 0.02031 0.04074
4 0.56458 0.34074 0.01771 0.03889
4 0.57812 0.2912 0.01771 0.03981
4 0.58672 0.25 0.01719 0.03704
4 0.59635 0.20463 0.01562 0.03889
4 0.6112 0.13657 0.0151 0.03611
6 0.52917 0.26111 0.03646 0.07778
6 0.50573 0.33704 0.03542 0.09259
4 0.33724 0.54722 0.03073 0.04259
4 0.34687 0.51806 0.02813 0.03981
4 0.34557 0.47824 0.02656 0.03981
6 0.33672 0.42407 0.04115 0.05926
4 0.29844 0.46111 0.02917 0.04074
6 0.21745 0.32083 0.06094 0.09167
9 0.20026 0.35046 0.03594 0.05278
9 0.13516 0.23148 0.03594 0.05556
4 0.05937 0.19444 0.02604 0.03519
