1 0.46571 0.42095 0.01571 0.02857
1 0.5 0.49381 0.01143 0.0219
1 0.4775 0.53381 0.01357 0.0219
1 0.49143 0.52905 0.01429 0.0219
1 0.52 0.54238 0.01143 0.02
1 0.52679 0.53238 0.01357 0.02476
1 0.55214 0.53952 0.01 0.02381
1 0.5625 0.53095 0.01071 0.0219
1 0.54036 0.45905 0.01214 0.02857
1 0.52857 0.47571 0.01429 0.02762
1 0.56143 0.59762 0.01571 0.02
1 0.5725 0.58143 0.01214 0.01619
1 0.61 0.59476 0.01714 0.02
1 0.60393 0.60524 0.01214 0.0181
1 0.59786 0.62333 0.01286 0.02
1 0.61286 0.6619 0.01286 0.02095
1 0.60286 0.66571 0.01143 0.01524
1 0.62393 0.69048 0.01214 0.02095
1 0.64786 0.76905 0.01857 0.01619
1 0.66179 0.7019 0.01071 0.01905
1 0.67071 0.74857 0.01286 0.01714
1 0.705 0.70905 0.01714 0.01429
1 0.71321 0.69667 0.01786 0.02
1 0.71286 0.85238 0.02 0.01714
1 0.75786 0.83381 0.01857 0.02
1 0.76964 0.82714 0.01214 0.02
1 0.775 0.81667 0.01571 0.0181
1 0.83714 0.96714 0.03 0.02571
1 0.83429 0.98619 0.02571 0.02381
