1 0.34375 0.51667 0.00833 0.01296
1 0.35859 0.44769 0.00365 0.01019
1 0.26302 0.43981 0.00625 0.01296
1 0.12266 0.79444 0.00573 0.01111
1 0.20781 0.63009 0.00833 0.01389
1 0.15703 0.95926 0.01094 0.00926
1 0.07969 0.61019 0.00729 0.00926
1 0.68724 0.42083 0.00781 0.01389
1 0.69219 0.42083 0.00625 0.01574
2 0.64427 0.27083 0.00729 0.01574
10 0.6388 0.27083 0.01094 0.02315
2 0.57344 0.11991 0.00521 0.01574
2 0.57604 0.12361 0.00729 0.01759
10 0.57344 0.12407 0.01354 0.01852
2 0.5112 0.10324 0.00469 0.01944
2 0.51406 0.10231 0.00521 0.01759
10 0.51042 0.10694 0.01667 0.01204
2 0.53125 0.06204 0.00417 0.02037
10 0.53047 0.06435 0.01198 0.01759
2 0.45755 0.08704 0.00469 0.01852
3 0.45651 0.0912 0.00885 0.01574
1 0.4138 0.01759 0.00365 0.01667
1 0.40417 0.02685 0.00313 0.01481
1 0.40729 0.02917 0.00417 0.01759
0 0.48411 0.00602 0.0151 0.01204
0 0.5099 0.01019 0.01771 0.01852
0 0.42786 0.07222 0.00677 0.01852
1 0.37891 0.09583 0.00365 0.01574
1 0.37344 0.09583 0.00208 0.01759
6 0.70859 0.14954 0.04115 0.11204
