5 0.94857 0.66333 0.07571 0.06571
10 0.81393 0.60095 0.03071 0.02667
10 0.88607 0.6719 0.035 0.03143
10 0.75964 0.54333 0.02929 0.02381
4 0.69929 0.54714 0.05286 0.05238
4 0.57429 0.4581 0.04 0.04952
4 0.51214 0.38952 0.04714 0.04762
4 0.37679 0.30905 0.04786 0.04667
9 0.2125 0.19333 0.13214 0.13714
4 0.33036 0.13143 0.04929 0.02667
4 0.37679 0.14333 0.04214 0.04667
4 0.42393 0.17905 0.04071 0.0419
4 0.47429 0.21476 0.04 0.04095
4 0.57429 0.27619 0.04857 0.04571
4 0.52607 0.24 0.04214 0.0419
4 0.67786 0.25905 0.04857 0.04571
4 0.6175 0.22286 0.04643 0.04571
4 0.45607 0.12571 0.04643 0.0419
4 0.38286 0.06286 0.04 0.0381
10 0.44964 0.04714 0.01214 0.02
10 0.66107 0.17905 0.01786 0.01714
10 0.67964 0.19333 0.01071 0.02476
4 0.88393 0.45952 0.055 0.05238
6 0.79893 0.40667 0.04929 0.06667
4 0.97036 0.38095 0.03929 0.06476
