5 0.0375 0.36852 0.075 0.07593
1 0.175 0.36111 0.0125 0.0463
1 0.18776 0.3625 0.0151 0.04537
1 0.32708 0.32546 0.01146 0.03611
1 0.3862 0.32361 0.00781 0.03796
1 0.47292 0.31389 0.00625 0.03704
1 0.57812 0.29676 0.01354 0.03426
1 0.62448 0.29352 0.00729 0.03148
1 0.65026 0.29769 0.00885 0.0287
2 0.34427 0.3125 0.00937 0.02685
4 0.32214 0.2588 0.02135 0.0213
2 0.55156 0.29306 0.00729 0.0213
1 0.62031 0.28889 0.00521 0.02963
1 0.64714 0.29491 0.00677 0.0287
4 0.42865 0.20648 0.02083 0.01852
5 0.10078 0.23796 0.02135 0.02222
4 0.10964 0.2338 0.02552 0.01944
2 0.02422 0.24907 0.0099 0.02963
3 0.25339 0.50185 0.02656 0.0463
3 0.22031 0.51713 0.02187 0.05093
1 0.21667 0.55324 0.02083 0.06944
1 0.28542 0.72778 0.025 0.11852
1 0.35885 0.69676 0.03229 0.11944
1 0.41667 0.66713 0.02187 0.09537
1 0.47474 0.63796 0.02031 0.09444
1 0.45312 0.61204 0.02292 0.08333
1 0.38984 0.6125 0.02135 0.08981
1 0.40833 0.55926 0.01979 0.06852
1 0.38307 0.52361 0.01719 0.07315
1 0.24349 0.58333 0.02135 0.08519
1 0.25599 0.62083 0.02031 0.10648
1 0.27161 0.67546 0.02344 0.10463
1 0.32839 0.64861 0.02344 0.09167
1 0.3599 0.57083 0.01562 0.09167
1 0.34167 0.54074 0.01667 0.07778
1 0.30859 0.6 0.02031 0.08519
1 0.28958 0.55926 0.02083 0.09074
1 0.34141 0.47269 0.01927 0.06574
