4 0.08854 0.3287 0.12604 0.12593
4 0.18385 0.19259 0.09688 0.10185
4 0.41901 0.2912 0.08385 0.1287
4 0.33802 0.17639 0.05 0.10463
4 0.35156 0.05926 0.03958 0.09074
4 0.275 0.1037 0.06771 0.08704
4 0.12656 0.14213 0.09896 0.09352
4 0.55651 0.18657 0.09948 0.09722
4 0.04297 0.25741 0.0849 0.11667
4 0.69297 0.23796 0.07135 0.10556
4 0.52812 0.03657 0.05521 0.06944
4 0.41172 0.0287 0.0526 0.05741
5 0.22109 0.0588 0.09635 0.10463
1 0.01771 0.07407 0.02396 0.07222
2 0.02187 0.09028 0.02708 0.05833
2 0.07031 0.10741 0.02813 0.04815
2 0.04401 0.15648 0.02344 0.05556
2 0.42734 0.42083 0.01927 0.05833
2 0.25052 0.16019 0.01875 0.05185
3 0.25312 0.17546 0.02396 0.04907
3 0.42552 0.43611 0.04271 0.05926
3 0.04661 0.16852 0.03281 0.04815
3 0.07083 0.11852 0.03438 0.04074
3 0.02656 0.10509 0.03646 0.03796
1 0.47604 0.02731 0.01354 0.05463
1 0.49766 0.13843 0.01302 0.06019
1 0.48906 0.13102 0.01458 0.06389
1 0.57031 0.30833 0.01875 0.07222
1 0.58073 0.33287 0.02187 0.075
1 0.51224 0.3875 0.02448 0.075
1 0.49844 0.3787 0.01667 0.0537
1 0.50859 0.18889 0.01406 0.05926
