4 0.53646 0.87269 0.14167 0.14167
4 0.53229 0.75139 0.12604 0.1213
4 0.52682 0.66481 0.12344 0.09074
4 0.52161 0.59769 0.1026 0.07685
4 0.64661 0.54861 0.09323 0.08981
4 0.64167 0.61204 0.11458 0.10926
4 0.65599 0.70741 0.1224 0.10741
4 0.70417 0.50093 0.04792 0.07407
4 0.10234 0.51574 0.0901 0.11667
4 0.19479 0.48194 0.07604 0.1287
4 0.24583 0.51343 0.0625 0.1287
4 0.43542 0.20185 0.03438 0.03333
4 0.42135 0.17778 0.03125 0.03333
4 0.37448 0.15926 0.02813 0.03333
4 0.37161 0.1912 0.04219 0.04167
4 0.31875 0.21852 0.02917 0.04815
4 0.2875 0.13519 0.03229 0.04444
4 0.20156 0.10231 0.04479 0.0287
4 0.1138 0.09769 0.04115 0.025
5 0.27604 0.28241 0.03125 0.06296
5 0.22135 0.32731 0.05937 0.09167
1 0.07135 0.24167 0.01562 0.04815
1 0.00469 0.20833 0.00937 0.03148
1 0.03802 0.10972 0.01354 0.025
1 0.15026 0.09583 0.0099 0.02685
1 0.13724 0.0963 0.00781 0.02593
1 0.12474 0.07222 0.00781 0.02593
1 0.15755 0.0713 0.00573 0.02778
1 0.14453 0.08241 0.00573 0.02593
1 0.13802 0.08843 0.00521 0.025
1 0.13646 0.08333 0.00521 0.02407
1 0.14089 0.07639 0.00469 0.02315
1 0.17891 0.06852 0.00573 0.02407
2 0.18411 0.06574 0.00677 0.02037
3 0.18542 0.07361 0.00937 0.01574
1 0.18177 0.0537 0.00521 0.02037
1 0.19427 0.08287 0.00625 0.02315
1 0.20339 0.07315 0.00573 0.02407
1 0.21745 0.0787 0.00573 0.02222
1 0.21302 0.07593 0.00521 0.02593
1 0.21042 0.06389 0.00417 0.01852
1 0.20365 0.05926 0.00729 0.02037
1 0.18984 0.05139 0.00677 0.025
1 0.19375 0.0537 0.00521 0.02593
1 0.19766 0.05648 0.00365 0.02778
9 0.20026 0.02222 0.05573 0.04444
4 0.16823 0.01157 0.01667 0.02315
5 0.24323 0.02593 0.01875 0.02593
4 0.23255 0.02963 0.0151 0.02407
4 0.26068 0.02222 0.02031 0.02778
4 0.2375 0.01019 0.01979 0.01852
1 0.29557 0.03981 0.00573 0.02778
1 0.29245 0.04352 0.00469 0.01667
1 0.31432 0.03519 0.00677 0.01852
4 0.32318 0.09074 0.03177 0.03333
4 0.35859 0.09398 0.02135 0.02685
4 0.37474 0.07361 0.01198 0.025
4 0.38698 0.08981 0.01458 0.03148
4 0.40443 0.10972 0.01823 0.03796
4 0.4151 0.08796 0.01562 0.02778
4 0.40703 0.14444 0.0224 0.03519
4 0.42682 0.12778 0.0224 0.02963
4 0.43516 0.14815 0.02344 0.03148
9 0.40156 0.05278 0.01771 0.05556
2 0.38984 0.02917 0.00469 0.01204
10 0.3901 0.03565 0.00833 0.01019
1 0.43359 0.01667 0.00573 0.01296
1 0.46667 0.02454 0.00521 0.01759
2 0.45573 0.05648 0.00417 0.01667
3 0.45573 0.06481 0.00521 0.01667
4 0.44427 0.06574 0.01667 0.02778
4 0.47292 0.07917 0.01979 0.03056
4 0.45859 0.09722 0.01406 0.02593
4 0.44531 0.10741 0.02187 0.03704
4 0.47396 0.13935 0.02187 0.03981
4 0.48828 0.11667 0.01823 0.02963
4 0.48776 0.09954 0.01823 0.0213
4 0.49427 0.08704 0.01667 0.02407
4 0.5013 0.06065 0.0151 0.02315
5 0.48802 0.06111 0.02708 0.03333
4 0.50469 0.02778 0.00937 0.01667
4 0.49271 0.02361 0.01146 0.01389
4 0.47865 0.01991 0.01146 0.01759
4 0.49688 0.13611 0.02292 0.03704
1 0.44323 0.09815 0.00833 0.02222
2 0.4224 0.01759 0.00313 0.00741
3 0.42318 0.02176 0.0099 0.00833
4 0.51693 0.03009 0.01094 0.01759
1 0.3099 0.0375 0.00729 0.01944
1 0.44609 0.44028 0.01302 0.05278
1 0.53646 0.23704 0.00833 0.03519
1 0.51458 0.28056 0.00729 0.02963
1 0.5099 0.28009 0.00625 0.025
0 0.47214 0.41713 0.0099 0.08056
4 0.0237 0.69769 0.0474 0.13056
