4 0.25703 0.1213 0.01094 0.02593
4 0.27526 0.08565 0.01094 0.02315
4 0.28151 0.19722 0.01302 0.02963
4 0.33802 0.18889 0.01458 0.03519
4 0.29609 0.04306 0.01094 0.02315
4 0.31432 0.04583 0.01094 0.025
6 0.30651 0.09861 0.01615 0.05278
6 0.26536 0.01481 0.01406 0.02963
5 0.19557 0.52685 0.01719 0.05926
4 0.19792 0.4588 0.01562 0.04167
4 0.20469 0.32824 0.01458 0.03611
4 0.02813 0.38704 0.02292 0.03889
4 0.06328 0.37315 0.01719 0.03704
4 0.07734 0.32963 0.02865 0.03148
4 0.10078 0.29954 0.02656 0.0287
4 0.13411 0.28704 0.02656 0.02407
9 0.17578 0.17407 0.01615 0.06852
4 0.20677 0.21806 0.01042 0.02685
4 0.20729 0.1912 0.01042 0.025
4 0.20703 0.16713 0.0099 0.0213
4 0.20052 0.40185 0.01562 0.04259
4 0.59505 0.47731 0.02656 0.04907
4 0.59974 0.33796 0.03177 0.02778
4 0.6526 0.30278 0.03021 0.03148
4 0.64974 0.24583 0.0224 0.025
4 0.60208 0.32315 0.025 0.02593
4 0.60807 0.30972 0.02865 0.03241
4 0.62344 0.2625 0.02604 0.03426
4 0.62214 0.24769 0.02135 0.0287
4 0.62526 0.23426 0.0224 0.02593
4 0.62969 0.225 0.01562 0.01852
4 0.44505 0.21806 0.01719 0.04167
4 0.46484 0.27269 0.02031 0.03056
4 0.45729 0.2037 0.01562 0.02778
4 0.50807 0.21389 0.01719 0.03148
4 0.40547 0.01296 0.01615 0.01481
9 0.37526 0.08657 0.01406 0.03796
4 0.70885 0.24815 0.02187 0.01852
4 0.71458 0.22083 0.02917 0.02685
1 0.66276 0.2 0.00677 0.01296
1 0.69714 0.19954 0.00573 0.01389
4 0.60443 0.07639 0.01927 0.01574
5 0.58464 0.07731 0.01615 0.02315
4 0.58047 0.08657 0.01302 0.025
4 0.2099 0.14306 0.00937 0.025
4 0.19766 0.08843 0.01094 0.01574
9 0.44062 0.68935 0.03021 0.0787
1 0.59401 0.15648 0.00573 0.01852
4 0.13151 0.19722 0.0099 0.02037
4 0.1099 0.20185 0.01354 0.02593
5 0.45365 0.04583 0.01146 0.02315
