5 0.44297 1.33287 0.07865 0.10833
4 0.35651 1.20741 0.06406 0.11111
4 0.23281 1.03009 0.05625 0.09167
4 0.18984 0.96528 0.05573 0.08611
4 0.14609 0.89815 0.05156 0.07778
4 0.18099 0.83194 0.04844 0.07315
4 0.28411 0.875 0.04635 0.07593
4 0.93646 1.18657 0.05 0.1287
2 0.31901 1.13426 0.0151 0.01852
1 0.43646 0.87361 0.00937 0.02685
2 0.14635 1.11852 0.01146 0.02407
2 0.16016 1.09259 0.01823 0.01852
2 0.14167 1.07176 0.01354 0.0213
2 0.09922 1.12176 0.01927 0.01574
2 0.11172 1.06528 0.0151 0.01944
2 0.1 1.08148 0.01458 0.02222
4 0.10208 0.81204 0.05104 0.07778
1 0.1151 0.79213 0.01771 0.0213
4 0.03177 0.71667 0.04688 0.06852
1 0.21354 0.69907 0.01562 0.02963
1 0.39974 0.74074 0.0099 0.02407
4 0.55104 0.85046 0.03958 0.09537
4 0.57812 0.78472 0.05208 0.0787
4 0.60599 0.73519 0.04219 0.08333
4 0.5474 0.69444 0.04896 0.07593
4 0.56693 0.65926 0.04323 0.07593
4 0.58516 0.6213 0.0474 0.07593
4 0.59974 0.58194 0.04844 0.06389
4 0.65547 0.60694 0.05365 0.05833
5 0.61224 0.54722 0.05469 0.06481
6 0.67188 0.55324 0.06667 0.08796
5 0.69714 0.51898 0.05781 0.05648
4 0.64948 0.46944 0.04063 0.06667
4 0.70417 0.48519 0.05417 0.04259
4 0.72188 0.45185 0.04896 0.0463
4 0.72865 0.41991 0.04896 0.05648
4 0.67839 0.39213 0.04219 0.075
4 0.69193 0.35972 0.04219 0.06389
4 0.71979 0.31389 0.04479 0.04815
4 0.61979 0.30556 0.04479 0.05
6 0.79036 0.37176 0.0526 0.10833
4 0.84505 0.26898 0.0349 0.04167
4 0.79505 0.22361 0.04115 0.04537
10 0.88438 0.2338 0.01771 0.0213
1 0.81849 0.19907 0.00573 0.02222
2 0.78646 0.17037 0.00937 0.01667
2 0.76901 0.1537 0.00885 0.01852
2 0.7776 0.1537 0.00625 0.01481
2 0.75964 0.14676 0.00677 0.01759
4 0.71771 0.15602 0.0375 0.04167
4 0.86328 0.03935 0.03698 0.03611
4 0.8737 0.02176 0.03802 0.0287
4 0.85495 0.05093 0.0276 0.03889
1 0.70573 0.0838 0.00521 0.025
10 0.57943 0.34907 0.01302 0.01481
4 0.14115 1.3588 0.06667 0.06019
4 0.07995 0.97778 0.0474 0.07963
4 0.04505 0.53148 0.04844 0.03519
1 0.14635 0.43426 0.01354 0.02593
1 0.17396 0.39769 0.00937 0.0213
4 0.27969 0.56019 0.0375 0.06296
4 0.2638 0.53704 0.03385 0.06296
4 0.24818 0.52083 0.0349 0.05833
4 0.20859 0.39583 0.03177 0.05278
