4 0.0325 0.86857 0.065 0.06667
4 0.20393 0.72905 0.09786 0.0581
1 0.16821 0.81524 0.02643 0.01905
1 0.36393 0.81286 0.01786 0.02
4 0.03179 0.96952 0.06357 0.05905
4 0.64393 0.57714 0.09643 0.06095
1 0.73107 0.65524 0.01929 0.01524
1 0.725 0.64286 0.01857 0.02095
1 0.71 0.63571 0.01429 0.0181
1 0.5875 0.51714 0.01357 0.02476
1 0.51893 0.53857 0.00929 0.02
4 0.93679 0.48571 0.08357 0.05524
8 0.85571 0.47619 0.06714 0.04
6 0.72643 0.49095 0.12 0.07714
4 0.62643 0.02667 0.07 0.05333
4 0.63143 0.09524 0.05571 0.06857
4 0.63607 0.15667 0.07357 0.07714
4 0.655 0.27571 0.06714 0.08286
5 0.66929 0.3319 0.08286 0.06952
1 0.62964 0.43476 0.01357 0.0219
1 0.67107 0.43619 0.015 0.01905
1 0.58143 0.30095 0.01 0.02286
1 0.60464 0.31 0.01071 0.02571
1 0.60536 0.36714 0.01071 0.02381
1 0.6025 0.32857 0.015 0.02286
1 0.63179 0.40619 0.015 0.0219
1 0.69321 0.39524 0.01643 0.01905
1 0.73893 0.3581 0.01357 0.01905
1 0.72857 0.35095 0.01857 0.02381
1 0.7125 0.34857 0.015 0.02286
1 0.65679 0.4181 0.01643 0.02286
2 0.65179 0.43952 0.01929 0.02762
3 0.65393 0.43667 0.02786 0.02381
1 0.56214 0.32286 0.01143 0.02857
8 0.575 0.34857 0.02429 0.05524
3 0.69607 0.5419 0.03071 0.01714
1 0.4575 0.42476 0.01214 0.02286
1 0.51286 0.43952 0.01143 0.0181
1 0.52893 0.4719 0.01214 0.02
1 0.53643 0.46905 0.00571 0.01429
1 0.52107 0.45238 0.015 0.02095
6 0.4675 0.49714 0.11214 0.05714
4 0.43321 0.20095 0.085 0.07429
4 0.44321 0.14476 0.07786 0.0781
3 0.40036 0.08905 0.025 0.02571
10 0.40857 0.01 0.03 0.02
4 0.10214 0.34381 0.08857 0.05524
1 0.88857 0.97714 0.01857 0.02095
1 0.92893 0.95429 0.02214 0.02857
3 0.88357 0.97429 0.04 0.02095
3 0.92321 0.95095 0.04214 0.02
