1 0.1175 0.75524 0.02357 0.04952
1 0.15036 0.75429 0.02643 0.05333
1 0.16607 0.75286 0.02214 0.05048
1 0.28536 0.76095 0.02357 0.04952
1 0.2725 0.7581 0.025 0.04381
1 0.19821 0.67286 0.02214 0.04667
1 0.2125 0.56714 0.01643 0.04286
1 0.22571 0.56571 0.01714 0.04762
1 0.2375 0.56714 0.01357 0.04286
4 0.35143 0.58 0.08143 0.09333
1 0.40464 0.58048 0.015 0.03905
1 0.415 0.58714 0.01143 0.03905
1 0.44214 0.5219 0.01286 0.03619
1 0.45714 0.51905 0.01143 0.0419
1 0.46893 0.46952 0.01071 0.0381
1 0.39679 0.42762 0.01214 0.03238
1 0.41286 0.42667 0.01 0.03619
1 0.35393 0.33476 0.00929 0.03143
1 0.34607 0.33429 0.01071 0.03048
1 0.50143 0.28571 0.00857 0.02857
1 0.51036 0.28952 0.00786 0.02857
1 0.51821 0.29095 0.00643 0.03143
1 0.51607 0.30714 0.00643 0.02762
1 0.52321 0.30667 0.00643 0.02667
1 0.54214 0.25143 0.00857 0.02667
10 0.48393 0.43381 0.01929 0.03143
1 0.50107 0.43952 0.01214 0.03714
1 0.51071 0.44143 0.01143 0.03714
1 0.55821 0.35048 0.01071 0.02476
1 0.56893 0.35429 0.00929 0.03238
4 0.59036 0.3281 0.04071 0.04286
6 0.62857 0.2781 0.04143 0.06286
0 0.59714 0.25952 0.01571 0.02762
0 0.62536 0.20571 0.03786 0.03429
6 0.72214 0.1819 0.04857 0.06095
0 0.97036 0.0381 0.04643 0.05714
