5 0.90929 0.52221 0.06143 0.07234
4 0.685 0.82805 0.04429 0.10279
4 0.31107 0.72335 0.04786 0.09391
5 0.26857 0.6415 0.06 0.10025
5 0.38071 0.42957 0.04571 0.07741
5 0.20464 0.76713 0.065 0.11041
9 0.47857 0.17195 0.08571 0.07741
4 0.25714 0.23668 0.03714 0.05203
4 0.22143 0.2849 0.03571 0.05203
4 0.19357 0.33249 0.03286 0.04822
4 0.15107 0.38198 0.04357 0.07868
4 0.07 0.49619 0.05 0.07107
5 0.09036 0.39911 0.05643 0.04949
9 0.16464 0.28744 0.06643 0.10025
9 0.02 0.56472 0.03571 0.12183
0 0.2425 0.18591 0.05786 0.07234
10 0.10679 0.84327 0.02643 0.03934
10 0.06429 0.89975 0.03286 0.04061
10 0.05429 0.86548 0.02571 0.03807
10 0.02071 0.92766 0.02429 0.04061
9 0.80429 0.11992 0.05571 0.11548
9 0.45643 0.09264 0.08571 0.08122
9 0.485 0.06726 0.07571 0.08629
9 0.58464 0.07614 0.07214 0.08883
9 0.55357 0.02665 0.08429 0.04569
1 0.37929 0.18464 0.01143 0.02411
1 0.42607 0.27157 0.00643 0.02792
1 0.41143 0.27284 0.01 0.02792
1 0.09714 0.75825 0.01571 0.03173
1 0.08679 0.76015 0.01071 0.02284
1 0.07929 0.7703 0.00857 0.0203
1 0.07571 0.78744 0.01286 0.02919
10 0.09321 0.79188 0.03214 0.03553
2 0.09179 0.79188 0.01786 0.02284
