4 0.04675 0.77033 0.0935 0.11
4 0.416 0.70033 0.151 0.11267
5 0.361 0.61767 0.113 0.10733
7 0.51125 0.50267 0.0565 0.07867
4 0.81875 0.825 0.1505 0.118
4 0.773 0.51433 0.114 0.082
6 0.977 0.41367 0.046 0.078
4 0.6215 0.373 0.064 0.07933
5 0.5445 0.29333 0.049 0.08267
4 0.51425 0.23567 0.0475 0.06467
9 0.578 0.23 0.13 0.18
4 0.455 0.13533 0.029 0.04933
4 0.455 0.04967 0.032 0.03667
4 0.37625 0.06633 0.0295 0.04067
4 0.36275 0.03933 0.0275 0.03467
4 0.37925 0.01333 0.0265 0.02667
4 0.4185 0.00767 0.026 0.01533
3 0.358 0.11133 0.021 0.02
4 0.21925 0.114 0.0305 0.03867
4 0.26025 0.11067 0.0305 0.03733
