4 0.37188 0.86806 0.2 0.16759
4 0.36979 0.72037 0.16042 0.14259
4 0.36589 0.5963 0.14219 0.12037
4 0.3651 0.51065 0.13021 0.08611
4 0.36016 0.43194 0.10156 0.075
4 0.36458 0.37269 0.10417 0.07685
4 0.36406 0.31759 0.09167 0.07037
4 0.36276 0.28009 0.08906 0.06574
4 0.36042 0.20787 0.07708 0.05463
4 0.35911 0.18102 0.07135 0.04537
4 0.36354 0.15139 0.07292 0.04722
4 0.36094 0.12778 0.06667 0.03704
4 0.36172 0.10324 0.05885 0.03241
4 0.3612 0.08935 0.05573 0.03241
4 0.36146 0.05324 0.05833 0.03056
5 0.35859 0.06667 0.04844 0.04259
5 0.35703 0.03426 0.05365 0.01852
5 0.36172 0.02315 0.0474 0.03889
1 0.40052 0.11481 0.01042 0.04074
1 0.42969 0.17176 0.01562 0.05648
1 0.43281 0.06806 0.00937 0.04537
1 0.44844 0.39769 0.01458 0.06574
1 0.46536 0.29398 0.01615 0.06759
1 0.3112 0.01389 0.00885 0.02778
1 0.30339 0.01435 0.00781 0.0287
1 0.54505 0.45324 0.01927 0.06019
1 0.54792 0.44352 0.01771 0.05556
3 0.51953 0.38519 0.03073 0.04444
4 0.49036 0.12593 0.0474 0.03704
4 0.48594 0.09074 0.05312 0.03889
10 0.50208 0.26759 0.0125 0.0463
10 0.51146 0.34907 0.01875 0.06296
3 0.525 0.3588 0.01458 0.04722
3 0.60234 0.78009 0.02135 0.10463
