4 0.3276 0.91065 0.03958 0.07315
4 0.26875 0.90694 0.04896 0.07315
1 0.20781 0.93704 0.01042 0.04815
1 0.19974 0.9412 0.01198 0.05463
1 0.39818 0.79398 0.00677 0.03611
1 0.40443 0.78009 0.00573 0.03426
1 0.13854 0.72731 0.00521 0.02685
1 0.43255 0.6463 0.00365 0.01481
1 0.44349 0.62963 0.00365 0.01667
1 0.37344 0.62454 0.00313 0.01759
1 0.31042 0.59769 0.00313 0.01389
1 0.26745 0.58287 0.00365 0.01019
1 0.24193 0.54954 0.0026 0.00833
1 0.24349 0.54954 0.0026 0.01019
4 0.00964 0.80093 0.01927 0.04074
1 0.67057 0.70278 0.00677 0.02222
1 0.68177 0.70463 0.00625 0.02407
1 0.62448 0.575 0.00313 0.01296
