9 0.57031 0.81528 0.09896 0.13611
9 0.54583 0.74815 0.09271 0.12407
9 0.52812 0.69444 0.07604 0.0963
9 0.51953 0.65602 0.07135 0.08796
9 0.51823 0.62454 0.06667 0.07315
9 0.52135 0.60324 0.06354 0.06944
9 0.52292 0.5838 0.06042 0.06944
9 0.51823 0.4875 0.05208 0.05278
9 0.5125 0.4713 0.04896 0.04815
9 0.5112 0.45463 0.0474 0.04259
9 0.50234 0.43426 0.04115 0.03889
4 0.39922 0.3713 0.00781 0.01296
4 0.50807 0.28657 0.00469 0.00833
4 0.52917 0.28889 0.00417 0.00556
4 0.53724 0.28796 0.00365 0.00741
4 0.28724 0.62963 0.01719 0.03704
5 0.03281 0.7912 0.03542 0.05278
1 0.5974 0.56111 0.00417 0.01667
1 0.58437 0.61204 0.00313 0.01296
1 0.58698 0.6088 0.00417 0.01019
1 0.65365 0.81157 0.00937 0.02315
1 0.6362 0.83009 0.00365 0.01759
1 0.63854 0.82546 0.00521 0.01204
1 0.69557 0.87176 0.00781 0.02315
1 0.64453 0.66944 0.00573 0.01667
1 0.63255 0.65741 0.00469 0.01481
1 0.63438 0.66343 0.00417 0.01574
1 0.63698 0.66667 0.00417 0.01667
1 0.65938 0.67407 0.00625 0.01667
4 0.09974 0.84491 0.0401 0.04167
