4 0.0625 0.34518 0.035 0.02284
4 0.10107 0.40609 0.03357 0.02538
4 0.21429 0.34962 0.03286 0.02665
9 0.02214 0.47018 0.03429 0.11294
6 0.16071 0.05203 0.03857 0.04822
1 0.27214 0.11992 0.00429 0.0165
4 0.355 0.21637 0.01429 0.03426
4 0.39857 0.13515 0.01429 0.03173
10 0.39429 0.30203 0.00571 0.0203
2 0.39393 0.30076 0.005 0.01523
5 0.46179 0.0552 0.015 0.0368
5 0.49357 0.13008 0.01429 0.03934
5 0.44357 0.34645 0.01429 0.04061
5 0.49714 0.34962 0.01429 0.03934
5 0.38107 0.35787 0.03643 0.03299
4 0.32179 0.41942 0.03357 0.02665
4 0.49143 0.36865 0.03143 0.02665
4 0.45464 0.4302 0.03357 0.02792
4 0.98964 0.07931 0.01786 0.03934
6 0.94536 0.29822 0.02929 0.06599
4 0.95393 0.38008 0.03357 0.03173
4 0.87036 0.45876 0.035 0.02665
4 0.66929 0.38135 0.03429 0.02665
4 0.59143 0.44416 0.03429 0.02792
5 0.745 0.38832 0.03429 0.03046
5 0.70786 0.45431 0.03714 0.03046
9 0.63571 0.41053 0.04714 0.0368
4 0.52893 0.24683 0.01214 0.04188
5 0.61036 0.3236 0.01071 0.04315
9 0.63643 0.31536 0.01571 0.06726
5 0.55214 0.65355 0.01429 0.05076
9 0.68429 0.72208 0.02 0.08376
6 0.65071 0.77792 0.02286 0.1066
6 0.26 0.91878 0.02143 0.09391
4 0.33393 0.57805 0.01643 0.04695
4 0.43286 0.51079 0.01286 0.04949
