4 0.544 0.79033 0.047 0.13133
4 0.5205 0.47867 0.03 0.06133
4 0.50625 0.39667 0.0245 0.04533
4 0.6 0.37633 0.032 0.03933
4 0.58825 0.33367 0.0245 0.03133
4 0.57875 0.30567 0.0235 0.02733
4 0.5685 0.279 0.02 0.02467
4 0.63825 0.19767 0.0315 0.018
4 0.522 0.153 0.011 0.01267
4 0.501 0.09667 0.007 0.00933
4 0.47425 0.09467 0.0075 0.00933
4 0.45925 0.09167 0.0075 0.00867
4 0.672 0.12933 0.024 0.012
4 0.69625 0.142 0.0255 0.01467
4 0.73725 0.17133 0.0295 0.016
4 0.8085 0.18333 0.02 0.01733
4 0.83225 0.21767 0.0265 0.02333
4 0.8575 0.22533 0.024 0.02267
4 0.8795 0.19433 0.022 0.018
4 0.902 0.198 0.02 0.01867
4 0.0725 0.75033 0.027 0.03933
4 0.10575 0.73633 0.0235 0.04067
5 0.10625 0.666 0.0955 0.088
5 0.48425 0.549 0.0305 0.078
5 0.4845 0.47 0.027 0.068
5 0.85675 0.19033 0.0235 0.022
6 0.4625 0.213 0.016 0.03667
6 0.416 0.21433 0.033 0.02467
6 0.46225 0.11267 0.0125 0.032
6 0.514 0.12767 0.014 0.02733
6 0.50925 0.11633 0.0105 0.01267
5 0.54725 0.04333 0.0095 0.008
5 0.54375 0.06 0.0105 0.008
5 0.567 0.057 0.011 0.00733
5 0.4555 0.046 0.005 0.00667
5 0.47075 0.055 0.0065 0.00733
6 0.3855 0.108 0.021 0.01333
6 0.357 0.08767 0.018 0.01133
1 0.37075 0.169 0.0045 0.014
1 0.787 0.313 0.008 0.02467
1 0.776 0.22433 0.006 0.018
1 0.77625 0.18633 0.0055 0.018
1 0.66675 0.108 0.0035 0.01067
1 0.66125 0.105 0.0035 0.01133
1 0.6585 0.10533 0.003 0.012
1 0.651 0.09633 0.003 0.01133
1 0.643 0.094 0.003 0.00933
1 0.64575 0.09467 0.0025 0.00933
1 0.647 0.094 0.002 0.008
4 0.4455 0.037 0.007 0.00467
4 0.49275 0.03733 0.0035 0.004
4 0.48075 0.03533 0.0075 0.004
5 0.5 0.04267 0.008 0.00667
4 0.507 0.04367 0.01 0.006
4 0.51175 0.045 0.0095 0.00733
4 0.52175 0.04133 0.0095 0.00533
4 0.53425 0.044 0.0095 0.00533
4 0.55625 0.05233 0.0125 0.006
4 0.5595 0.054 0.011 0.00667
4 0.5215 0.05067 0.011 0.00667
4 0.53525 0.04533 0.0095 0.00667
4 0.5385 0.05767 0.011 0.00733
4 0.5485 0.06267 0.014 0.00667
4 0.56225 0.07667 0.0105 0.008
4 0.58175 0.06567 0.0125 0.00733
4 0.579 0.06333 0.011 0.00667
4 0.57825 0.06233 0.0115 0.00733
4 0.57275 0.06 0.0125 0.00667
4 0.52425 0.04133 0.0095 0.00667
4 0.594 0.06267 0.009 0.008
4 0.618 0.065 0.013 0.00733
4 0.596 0.074 0.012 0.008
4 0.59825 0.07467 0.0125 0.008
4 0.603 0.07567 0.017 0.006
4 0.604 0.07833 0.016 0.00733
4 0.60925 0.08267 0.0165 0.008
4 0.61675 0.08667 0.0165 0.008
4 0.62325 0.09133 0.0185 0.00933
4 0.58925 0.09767 0.0105 0.01
4 0.59725 0.108 0.0205 0.00933
4 0.603 0.11433 0.019 0.01
4 0.61375 0.12333 0.0225 0.01067
4 0.624 0.13 0.023 0.01333
4 0.63025 0.13667 0.0245 0.012
4 0.6345 0.10067 0.017 0.00933
4 0.64175 0.10467 0.0215 0.012
4 0.654 0.113 0.02 0.01
4 0.66425 0.12133 0.0205 0.01067
4 0.67 0.123 0.024 0.01267
4 0.64775 0.153 0.0255 0.014
4 0.65975 0.16367 0.0285 0.014
4 0.66625 0.17167 0.0285 0.018
4 0.72025 0.15967 0.0275 0.014
4 0.78875 0.17967 0.0185 0.01667
4 0.92975 0.20933 0.0225 0.02267
4 0.6435 0.23533 0.032 0.02
2 0.9015 0.333 0.012 0.01933
2 0.93125 0.346 0.0075 0.01733
2 0.93975 0.347 0.0085 0.01667
2 0.94975 0.34933 0.0105 0.01467
2 0.98425 0.343 0.0145 0.022
2 0.98275 0.329 0.0075 0.014
1 0.826 0.16833 0.004 0.01267
3 0.83975 0.18333 0.0095 0.012
4 0.46275 0.19333 0.0145 0.01733
