5 0.21745 0.60463 0.03802 0.06667
4 0.20104 0.57454 0.03333 0.05093
4 0.1888 0.54861 0.03906 0.05093
4 0.18646 0.51574 0.04167 0.04259
4 0.21667 0.4412 0.02396 0.05093
4 0.23594 0.42454 0.02604 0.05648
4 0.25495 0.40926 0.02552 0.0537
4 0.2737 0.5875 0.03281 0.05463
4 0.29115 0.53194 0.02187 0.05463
4 0.27604 0.4 0.02396 0.05
4 0.29089 0.38796 0.02344 0.04815
4 0.30677 0.37685 0.02708 0.04815
4 0.33594 0.35972 0.02708 0.05093
4 0.34974 0.34861 0.02552 0.04537
4 0.3625 0.34074 0.02813 0.0463
4 0.34427 0.47269 0.02708 0.05278
5 0.3651 0.45787 0.03438 0.05648
4 0.38333 0.44028 0.02813 0.04722
4 0.39844 0.42778 0.02917 0.04815
4 0.4138 0.41528 0.03073 0.04722
4 0.43021 0.40694 0.02813 0.04537
4 0.45495 0.38194 0.02656 0.03981
5 0.38776 0.31667 0.02552 0.05
4 0.40026 0.30926 0.02448 0.0463
4 0.41458 0.30185 0.02396 0.04259
4 0.42839 0.29537 0.02344 0.04074
4 0.44922 0.27546 0.02656 0.04167
4 0.46198 0.26528 0.02708 0.04537
4 0.47422 0.26019 0.02344 0.04074
4 0.50599 0.23611 0.02969 0.04074
4 0.51562 0.22639 0.02292 0.03796
4 0.52578 0.21944 0.0224 0.04074
4 0.54531 0.20833 0.025 0.03519
4 0.55599 0.19907 0.02135 0.03519
5 0.50313 0.31713 0.03021 0.03241
4 0.53203 0.28287 0.02656 0.03796
4 0.12135 0.21528 0.01458 0.0287
6 0.15625 0.23056 0.01875 0.05926
4 0.15339 0.1963 0.01406 0.01852
4 0.1638 0.19028 0.0151 0.02685
5 0.69349 0.02407 0.02344 0.03148
4 0.69844 0.0162 0.01979 0.02685
9 0.70573 0.01481 0.02187 0.02963
4 0.71276 0.01296 0.01927 0.02407
5 0.63333 0.17963 0.01875 0.02593
