5 0.40521 0.25741 0.01667 0.02963
5 0.23568 0.375 0.01198 0.03333
4 0.50781 0.38981 0.01354 0.03704
4 0.23724 0.45602 0.01302 0.03981
4 0.26146 0.12824 0.0125 0.025
4 0.23594 0.34491 0.00937 0.02315
4 0.01536 0.275 0.01406 0.02407
5 0.06719 0.29398 0.025 0.0213
4 0.09505 0.28009 0.02344 0.02685
5 0.12708 0.26389 0.02813 0.02222
9 0.32109 0.3912 0.03802 0.09907
9 0.28542 0.38565 0.02396 0.10278
9 0.42266 0.17731 0.03281 0.05833
9 0.46719 0.12685 0.03229 0.05
6 0.43672 0.11991 0.03073 0.03611
9 0.18359 0.42083 0.01927 0.07315
9 0.175 0.47222 0.01458 0.06296
9 0.19948 0.43241 0.01771 0.05926
9 0.20182 0.37731 0.0151 0.05093
9 0.17135 0.55694 0.01875 0.07685
9 0.23724 0.51574 0.01719 0.08519
9 0.19844 0.49954 0.01771 0.075
9 0.20026 0.3213 0.01406 0.06296
9 0.63281 0.02407 0.03646 0.03333
9 0.35365 0.31528 0.03125 0.08981
9 0.27526 0.30833 0.02135 0.08889
