4 0.37031 0.54028 0.00208 0.00278
4 0.36927 0.56574 0.00208 0.0037
6 0.36823 0.58148 0.00313 0.00741
6 0.38333 0.58148 0.00417 0.01111
4 0.39297 0.56898 0.0026 0.00463
4 0.3638 0.59167 0.0026 0.0037
4 0.34948 0.62407 0.00417 0.00741
4 0.34401 0.66667 0.00573 0.01111
4 0.33698 0.72222 0.00729 0.01481
4 0.33021 0.75139 0.00937 0.01944
4 0.32682 0.77269 0.01094 0.0213
4 0.33698 0.77731 0.00937 0.01944
4 0.34115 0.75741 0.00833 0.01852
2 0.35417 0.79398 0.00313 0.00833
8 0.35365 0.79537 0.00521 0.01852
4 0.42578 0.83426 0.01719 0.02407
4 0.39583 0.90787 0.02813 0.02685
4 0.37005 0.91852 0.02969 0.02963
4 0.33776 0.88472 0.02656 0.025
4 0.24271 0.94769 0.02917 0.03426
4 0.28802 0.89722 0.02917 0.02778
4 0.2638 0.84537 0.02448 0.02407
4 0.22266 0.81574 0.0224 0.02037
4 0.21432 0.8412 0.02344 0.025
4 0.1125 0.90324 0.02813 0.0287
4 0.13594 0.88333 0.02604 0.03148
4 0.16797 0.85648 0.02448 0.02593
6 0.16198 0.79074 0.02813 0.03519
4 0.1599 0.83056 0.02187 0.02407
4 0.14167 0.84167 0.02292 0.02593
4 0.13568 0.76574 0.01823 0.01667
4 0.12682 0.79491 0.02135 0.0213
4 0.1099 0.76991 0.01875 0.01759
4 0.09844 0.79722 0.02083 0.02037
4 0.11719 0.82639 0.02292 0.02315
4 0.09401 0.81343 0.0224 0.025
4 0.07318 0.80278 0.02031 0.02222
4 0.01328 0.75046 0.01719 0.01574
4 0.02604 0.73148 0.01667 0.01481
