4 0.21094 0.15324 0.00833 0.00833
6 0.34557 0.05648 0.00573 0.02593
4 0.35 0.12685 0.00313 0.01111
6 0.34479 0.13472 0.00417 0.01574
5 0.34792 0.20231 0.00521 0.01389
4 0.33385 0.43889 0.00625 0.01852
5 0.35964 0.46019 0.00573 0.02037
5 0.35417 0.50509 0.00521 0.0213
4 0.36641 0.53241 0.00677 0.02222
1 0.33906 0.45787 0.00208 0.00648
1 0.33411 0.45509 0.0026 0.00463
1 0.33255 0.45556 0.00156 0.00556
6 0.37578 0.63148 0.01406 0.05926
5 0.39219 0.78194 0.00937 0.03611
6 0.37917 0.06065 0.00937 0.00833
4 0.54974 0.15278 0.00469 0.00926
4 0.55469 0.15139 0.00417 0.00833
4 0.55937 0.15278 0.00417 0.00926
4 0.57083 0.15648 0.00417 0.00926
4 0.58177 0.15694 0.00521 0.00833
4 0.58906 0.15787 0.00521 0.00833
4 0.69245 0.16481 0.00885 0.00926
5 0.60052 0.15093 0.00521 0.01111
