4 0.26745 0.67778 0.0901 0.21667
4 0.13802 0.45046 0.10833 0.14167
4 0.22135 0.3588 0.07187 0.09722
4 0.30521 0.23287 0.04375 0.06759
4 0.37943 0.2588 0.0474 0.0787
4 0.61536 0.61898 0.16406 0.13241
4 0.57734 0.45556 0.12448 0.10926
4 0.57266 0.38102 0.11302 0.09722
4 0.58073 0.3213 0.09792 0.07963
4 0.58516 0.26111 0.08906 0.07593
5 0.56693 0.27546 0.0724 0.07685
4 0.5125 0.23704 0.0375 0.05926
5 0.53385 0.18426 0.0375 0.06111
4 0.3763 0.15093 0.03802 0.06667
5 0.40677 0.11852 0.03646 0.0537
4 0.48255 0.13287 0.03385 0.05463
4 0.48724 0.08935 0.03385 0.03796
1 0.27474 0.15278 0.00885 0.03333
4 0.3763 0.10324 0.03698 0.03426
4 0.39036 0.06944 0.0349 0.03704
4 0.37083 0.06296 0.03125 0.03148
4 0.3526 0.05926 0.03333 0.03333
4 0.53125 0.12454 0.03333 0.03981
4 0.52292 0.10787 0.03542 0.03796
4 0.55781 0.09861 0.02917 0.03426
4 0.57969 0.08981 0.02813 0.02963
1 0.55599 0.07361 0.00885 0.03796
4 0.52578 0.06991 0.03177 0.03611
4 0.55417 0.06157 0.02708 0.03241
4 0.57969 0.0537 0.02187 0.03148
4 0.59766 0.04074 0.02344 0.03148
4 0.61901 0.05509 0.02448 0.03056
4 0.61745 0.03241 0.02135 0.02593
4 0.70286 0.01157 0.01302 0.02315
4 0.71719 0.0088 0.0125 0.01574
