5 0.14062 0.81852 0.08333 0.08333
4 0.21016 0.77083 0.07448 0.0713
4 0.36849 0.7912 0.0849 0.0713
4 0.50313 0.87269 0.1125 0.08796
4 0.52318 0.80648 0.09323 0.08704
4 0.69609 0.83935 0.06615 0.09722
4 0.54818 0.69861 0.07969 0.05833
9 0.36328 0.66806 0.16406 0.11944
4 0.49844 0.5787 0.02604 0.04074
4 0.7125 0.6213 0.03333 0.03704
1 0.66589 0.67546 0.00885 0.04907
1 0.68359 0.68009 0.01302 0.04537
1 0.51406 0.65278 0.01042 0.04815
1 0.48333 0.65324 0.01042 0.04352
1 0.47448 0.65324 0.01146 0.03981
1 0.56693 0.59861 0.00885 0.03796
1 0.5401 0.57546 0.00937 0.02685
1 0.48151 0.59491 0.00885 0.03056
1 0.69792 0.59769 0.00625 0.02685
2 0.70417 0.60231 0.00833 0.025
3 0.66797 0.60648 0.01615 0.02778
2 0.45286 0.63102 0.00677 0.02685
3 0.45312 0.64028 0.01979 0.01944
3 0.49141 0.46991 0.00781 0.01019
2 0.49219 0.46481 0.00417 0.01667
1 0.50339 0.43981 0.00365 0.01296
1 0.41693 0.48611 0.00365 0.01852
1 0.42161 0.48704 0.00469 0.01667
1 0.42552 0.48657 0.00417 0.01389
1 0.50781 0.4287 0.00417 0.01296
1 0.58125 0.44537 0.00313 0.01852
1 0.58958 0.45 0.00313 0.01296
1 0.59401 0.44676 0.00469 0.01759
1 0.58672 0.44722 0.00365 0.01667
1 0.61745 0.45278 0.00365 0.01852
1 0.63594 0.46759 0.00417 0.01667
1 0.61016 0.46852 0.00365 0.01481
9 0.57734 0.51065 0.03073 0.0713
9 0.61328 0.51204 0.02552 0.08148
1 0.24818 0.56481 0.00781 0.02963
1 0.23854 0.56944 0.00625 0.03148
1 0.16875 0.5162 0.00729 0.025
1 0.17813 0.53426 0.00729 0.02778
1 0.17656 0.60463 0.00833 0.03889
3 0.24948 0.52731 0.01771 0.01389
3 0.1638 0.51852 0.0099 0.01667
3 0.18438 0.52269 0.00833 0.01944
10 0.23516 0.59583 0.00781 0.025
10 0.17135 0.55417 0.02083 0.01944
1 0.225 0.58657 0.00625 0.02685
1 0.20286 0.58519 0.00573 0.03148
1 0.21276 0.59167 0.00677 0.03333
1 0.21641 0.5537 0.00677 0.02407
1 0.23203 0.54815 0.00573 0.02222
1 0.23828 0.55046 0.00677 0.02685
1 0.24063 0.55833 0.00521 0.02593
1 0.1625 0.57685 0.00417 0.02963
1 0.16693 0.58472 0.00573 0.03241
1 0.17214 0.58889 0.00781 0.03148
1 0.11302 0.51528 0.00625 0.02315
1 0.12292 0.59259 0.00729 0.03519
1 0.13464 0.5912 0.00885 0.03981
3 0.12083 0.5162 0.01146 0.01389
3 0.13307 0.58935 0.0151 0.01389
4 0.03047 0.84676 0.06094 0.07685
