4 0.31901 0.85602 0.01406 0.03056
4 0.28984 0.77778 0.01198 0.02778
4 0.22135 0.69954 0.00937 0.01759
5 0.31901 0.69444 0.0151 0.01481
4 0.29453 0.66343 0.00677 0.01389
5 0.28307 0.66435 0.00573 0.01574
5 0.27161 0.64815 0.00781 0.01852
4 0.26589 0.59444 0.00469 0.00926
5 0.28047 0.61204 0.00573 0.01111
4 0.29297 0.59537 0.00469 0.00926
4 0.30339 0.59907 0.00469 0.00926
4 0.2849 0.58704 0.00521 0.00926
4 0.26771 0.5625 0.00417 0.00833
4 0.2737 0.55093 0.00365 0.00556
5 0.27214 0.54583 0.00365 0.00833
4 0.28906 0.55463 0.00417 0.00741
4 0.29036 0.54769 0.00365 0.00648
4 0.2974 0.5463 0.00313 0.00556
5 0.29818 0.53657 0.0026 0.00648
4 0.29219 0.53472 0.00313 0.00463
4 0.27708 0.53241 0.00313 0.00556
4 0.30703 0.53194 0.00365 0.00463
4 0.29896 0.52917 0.00313 0.00463
4 0.29479 0.52176 0.00208 0.00463
6 0.3 0.52083 0.00417 0.00833
4 0.29635 0.51574 0.00208 0.0037
5 0.29974 0.51157 0.0026 0.00463
4 0.29557 0.50833 0.0026 0.0037
4 0.28568 0.51296 0.0026 0.0037
4 0.28958 0.4963 0.00208 0.0037
4 0.2849 0.49213 0.00208 0.00278
4 0.28542 0.48935 0.00208 0.00278
4 0.56979 0.53611 0.00833 0.00556
