1 0.04036 0.29954 0.01406 0.0287
1 0.04349 0.29259 0.01615 0.03148
1 0.10391 0.23611 0.01302 0.02593
1 0.1263 0.32269 0.01094 0.02685
1 0.15052 0.37639 0.00937 0.025
3 0.03438 0.44537 0.01042 0.03333
3 0.11172 0.43611 0.00885 0.02222
3 0.10052 0.4375 0.00833 0.0287
3 0.08464 0.43194 0.01094 0.03056
3 0.07943 0.45648 0.02344 0.01852
3 0.05469 0.44074 0.01667 0.02593
0 0.05443 0.40231 0.02865 0.03981
0 0.08099 0.4037 0.0099 0.03519
1 0.42161 0.72454 0.00677 0.01759
5 0.34661 0.59722 0.0276 0.12037
10 0.53125 0.96343 0.00937 0.01389
3 0.52969 0.89954 0.00521 0.0213
3 0.5375 0.92037 0.01042 0.01296
1 0.53411 0.57222 0.01094 0.02222
1 0.3612 0.4588 0.00677 0.01944
1 0.37786 0.45231 0.00677 0.02685
1 0.38359 0.44954 0.00573 0.025
1 0.45703 0.73796 0.00677 0.02037
1 0.47057 0.7625 0.01302 0.01019
1 0.43854 0.70139 0.00729 0.01944
1 0.50964 0.91806 0.00469 0.01944
1 0.48698 0.91574 0.00521 0.01852
1 0.36901 0.06574 0.00469 0.02778
1 0.3724 0.0662 0.00417 0.0287
1 0.37656 0.06389 0.00417 0.02593
5 0.39453 0.18565 0.02865 0.10648
4 0.27214 0.17778 0.04531 0.04444
