5 0.60755 0.37685 0.05469 0.04815
5 0.69922 0.33843 0.05365 0.06204
5 0.55677 0.28565 0.02187 0.06759
5 0.52891 0.29352 0.02448 0.07037
5 0.50234 0.30324 0.02344 0.0713
5 0.46953 0.33241 0.0276 0.07407
4 0.66667 0.20648 0.03646 0.03889
9 0.49948 0.12963 0.04063 0.12407
4 0.46016 0.175 0.0224 0.06296
9 0.43828 0.14398 0.0474 0.13981
5 0.43307 0.27639 0.02656 0.0713
9 0.40391 0.2713 0.04427 0.12778
4 0.4612 0.0625 0.02135 0.04352
4 0.37188 0.55139 0.03854 0.08981
9 0.36745 0.42083 0.06302 0.18056
6 0.26797 0.64769 0.09531 0.08611
5 0.23281 0.54259 0.05208 0.06481
9 0.13229 0.46759 0.11875 0.12963
4 0.04766 0.40139 0.03177 0.04352
9 0.01771 0.37778 0.03333 0.09444
4 0.225 0.24213 0.02917 0.05093
4 0.27865 0.34907 0.03958 0.04259
1 0.00573 0.58657 0.01042 0.025
6 0.47031 0.01667 0.02187 0.03148
1 0.50521 0.20417 0.00625 0.0213
1 0.48776 0.26065 0.00573 0.01944
9 0.6875 0.12778 0.08333 0.09444
9 0.59974 0.09028 0.0974 0.08796
1 0.59635 0.04769 0.00521 0.01759
1 0.60234 0.05509 0.00573 0.01944
1 0.53385 0.12176 0.00625 0.02685
1 0.52891 0.11667 0.00677 0.02222
