4 0.04679 0.19048 0.01214 0.01333
4 0.0775 0.2019 0.02071 0.01524
4 0.10643 0.1981 0.02 0.02476
4 0.20464 0.3981 0.02071 0.01905
4 0.19036 0.44286 0.015 0.02095
4 0.17036 0.42143 0.01929 0.0181
4 0.15036 0.83429 0.04357 0.04381
4 0.28464 0.7919 0.01786 0.03143
6 0.25536 0.8919 0.07071 0.0581
4 0.2 0.85857 0.04429 0.03905
4 0.30964 0.91286 0.02643 0.02762
4 0.34357 0.93619 0.03143 0.03238
4 0.385 0.9581 0.03714 0.04
4 0.43107 0.98429 0.03929 0.03143
4 0.3175 0.78714 0.02214 0.04286
4 0.27321 0.71762 0.015 0.03714
4 0.35607 0.74 0.02786 0.02476
4 0.37107 0.7 0.03071 0.02286
4 0.31679 0.25667 0.02071 0.01238
4 0.47107 0.36667 0.02071 0.01524
4 0.45607 0.42238 0.02214 0.01429
4 0.43714 0.48286 0.02429 0.01524
4 0.42179 0.53429 0.025 0.02286
4 0.40571 0.59333 0.02714 0.01714
4 0.39143 0.62667 0.02571 0.01714
4 0.50821 0.66714 0.015 0.03714
4 0.52357 0.67333 0.01286 0.04
4 0.48964 0.61905 0.02214 0.02095
4 0.53214 0.91 0.02 0.04667
4 0.5775 0.83571 0.02929 0.02571
4 0.58357 0.81952 0.03 0.02381
4 0.58321 0.79571 0.02786 0.02571
4 0.58893 0.77476 0.02786 0.02571
4 0.6 0.73 0.02714 0.0219
4 0.60321 0.70952 0.02643 0.02095
4 0.6125 0.66 0.02786 0.02286
4 0.62429 0.60381 0.02429 0.02476
4 0.64607 0.57667 0.02643 0.0219
4 0.65964 0.43429 0.02214 0.02667
4 0.66929 0.38429 0.02143 0.02381
4 0.67679 0.3519 0.02214 0.02
4 0.68036 0.3181 0.01929 0.02476
4 0.64929 0.25381 0.02286 0.0181
4 0.65357 0.21 0.02429 0.02
4 0.67571 0.18143 0.01857 0.01619
4 0.51929 0.19571 0.02143 0.02
4 0.51571 0.21143 0.02286 0.01905
4 0.51321 0.22429 0.02214 0.0181
4 0.50893 0.2381 0.02214 0.01714
4 0.50429 0.26429 0.02143 0.0181
4 0.49929 0.27619 0.02286 0.01714
4 0.49714 0.2881 0.02286 0.01619
4 0.49321 0.29857 0.01786 0.01238
4 0.48857 0.31095 0.02143 0.01429
4 0.75821 0.25286 0.02071 0.0219
4 0.78571 0.26476 0.02429 0.01905
4 0.84786 0.21286 0.01286 0.02571
4 0.81 0.9181 0.02714 0.0419
4 0.81643 0.89762 0.02714 0.04286
4 0.83107 0.80857 0.02929 0.02667
4 0.83286 0.78762 0.02857 0.02667
4 0.83536 0.71333 0.02786 0.02286
4 0.83857 0.66714 0.03 0.02571
10 0.84893 0.58952 0.00929 0.00952
4 0.82357 0.54238 0.01286 0.03333
4 0.81 0.49 0.02429 0.02571
4 0.815 0.4481 0.02286 0.02762
4 0.81714 0.43476 0.02286 0.02571
4 0.81964 0.36143 0.02214 0.0219
4 0.82679 0.33286 0.02214 0.02381
4 0.82893 0.31714 0.02214 0.02667
4 0.89107 0.20381 0.02071 0.01714
4 0.88964 0.17381 0.01929 0.01429
4 0.88714 0.15857 0.02143 0.01619
4 0.88893 0.1219 0.02214 0.01905
4 0.89107 0.08143 0.01929 0.01429
4 0.89286 0.05905 0.01857 0.01714
4 0.89429 0.04619 0.01857 0.01429
4 0.90536 0.02857 0.02071 0.01333
4 0.9 0.01619 0.02286 0.01524
4 0.97357 0.29857 0.01857 0.0181
4 0.75964 0.01714 0.02071 0.01524
5 0.7525 0.07143 0.01929 0.01714
4 0.75071 0.09095 0.02 0.01048
4 0.74929 0.1019 0.02143 0.01333
4 0.60143 0.01381 0.02286 0.01429
4 0.595 0.03905 0.02143 0.01333
4 0.58964 0.04952 0.01786 0.01333
4 0.59143 0.06048 0.01857 0.01429
4 0.52321 0.1219 0.02357 0.01905
4 0.47214 0.10571 0.02143 0.01714
4 0.43929 0.00714 0.01857 0.01429
5 0.38036 0.04524 0.02071 0.02
4 0.32964 0.12714 0.015 0.02
4 0.34821 0.06 0.025 0.01714
4 0.40893 0.43048 0.01357 0.01143
4 0.19179 0.29857 0.01929 0.01619
10 0.83679 0.48095 0.00786 0.00571
4 0.04964 0.64333 0.02357 0.02
4 0.04214 0.66 0.02571 0.01714
