6 0.64375 1.275 0.10521 0.22778
6 0.61042 0.65833 0.09688 0.23148
8 0.62943 0.56898 0.02135 0.04352
4 0.6224 0.47963 0.05104 0.03333
5 0.67083 0.45602 0.0375 0.03796
5 0.71094 0.29676 0.02604 0.0213
5 0.75156 0.41944 0.03542 0.02963
5 0.76354 0.42824 0.0375 0.0287
6 0.72448 0.38657 0.04896 0.04907
2 0.41875 0.27083 0.00313 0.01204
2 0.42578 0.27269 0.00365 0.01389
2 0.50104 0.25231 0.00313 0.01019
2 0.43047 0.16157 0.00156 0.00463
2 0.44583 0.175 0.00104 0.00556
3 0.41875 0.27546 0.00313 0.01389
3 0.42578 0.27546 0.00365 0.01204
3 0.50104 0.25602 0.00313 0.01019
3 0.52812 0.27269 0.00729 0.01019
3 0.53255 0.27639 0.00365 0.01204
3 0.53672 0.29537 0.00365 0.01296
1 0.42318 0.1787 0.00156 0.00926
4 0.44844 0.31111 0.0125 0.02037
5 0.46589 0.32315 0.01302 0.02593
6 0.50859 0.29259 0.0151 0.02778
4 0.48568 0.26667 0.0099 0.01296
4 0.47318 0.2287 0.00781 0.01111
5 0.47708 0.2125 0.00729 0.01019
6 0.46641 0.20417 0.00885 0.01574
4 0.47187 0.19583 0.00625 0.00833
5 0.46198 0.19954 0.00417 0.01204
5 0.46979 0.19074 0.00521 0.00926
5 0.46745 0.18704 0.00469 0.00741
5 0.45807 0.18565 0.00469 0.01019
4 0.46172 0.19491 0.00573 0.01019
4 0.45911 0.19074 0.00573 0.00926
6 0.46745 0.18056 0.00573 0.01481
4 0.46536 0.17917 0.00469 0.00648
4 0.45651 0.18148 0.00469 0.00741
4 0.46198 0.17454 0.00417 0.00833
5 0.45495 0.17407 0.00469 0.00926
4 0.45677 0.17037 0.00417 0.00741
6 0.46484 0.16759 0.00469 0.01111
4 0.46224 0.16759 0.00365 0.00556
4 0.46042 0.16389 0.00417 0.00556
6 0.45312 0.16204 0.00625 0.01667
4 0.45937 0.16019 0.00417 0.00556
4 0.44922 0.15556 0.00469 0.00741
4 0.45651 0.1537 0.00365 0.00556
0 0.44609 0.13287 0.02552 0.03056
10 0.44609 0.17639 0.00156 0.00463
10 0.43021 0.16343 0.00104 0.00463
4 0.40573 0.10926 0.00625 0.00556
4 0.41328 0.10833 0.00677 0.00556
4 0.42865 0.12778 0.00313 0.0037
5 0.97057 0.47407 0.0474 0.03148
5 1.02318 0.56667 0.03698 0.04259
3 1.01901 0.52222 0.01823 0.02222
3 1.03073 0.5338 0.02187 0.02315
3 1.00104 0.50463 0.01771 0.01667
10 1.01068 0.50926 0.01927 0.02222
4 0.61536 0.24167 0.01198 0.01296
5 0.61849 0.23333 0.0099 0.01481
5 0.59688 0.22083 0.01042 0.00833
6 0.59974 0.21481 0.0099 0.01296
4 0.6 0.19074 0.00521 0.00926
6 0.60391 0.18657 0.00677 0.01389
0 0.56172 0.18287 0.04219 0.04907
4 0.62057 0.22176 0.01198 0.00833
5 0.62292 0.225 0.01146 0.01111
