4 0.43036 0.26967 0.00929 0.01904
4 0.46143 0.21256 0.01 0.02157
5 0.4825 0.29251 0.01071 0.02665
11 0.63536 0.02157 0.01643 0.04315
10 0.97714 0.06282 0.00571 0.00888
10 0.96107 0.0533 0.005 0.01015
10 0.95321 0.04822 0.00357 0.01015
10 0.93429 0.03744 0.00286 0.01142
0 0.91143 0.02475 0.00714 0.00888
0 0.89857 0.01459 0.00714 0.01396
1 0.8875 0.00444 0.005 0.00888
0 0.90536 0.01713 0.005 0.00888
0 0.94286 0.04188 0.00857 0.01269
1 0.99321 0.06916 0.00214 0.00888
1 0.98857 0.07107 0.00286 0.01015
1 0.99571 0.07487 0.00143 0.00761
1 0.96643 0.0552 0.00286 0.01396
1 0.76964 0.68084 0.00214 0.00888
1 0.78036 0.67069 0.00357 0.01142
1 0.81321 0.67576 0.00214 0.00635
1 0.72786 0.72843 0.00429 0.01015
1 0.71536 0.75127 0.00214 0.00761
1 0.70143 0.77602 0.00286 0.01142
1 0.71429 0.74112 0.00286 0.01269
1 0.71679 0.74619 0.00214 0.01015
1 0.77107 0.68401 0.00214 0.01015
1 0.79393 0.66878 0.00214 0.00761
1 0.80321 0.66624 0.00357 0.00761
1 0.79 0.66371 0.00286 0.01015
6 0.55893 0.83249 0.01929 0.07868
6 0.47714 0.86168 0.01143 0.06853
4 0.48071 0.67766 0.01143 0.03807
4 0.54 0.64721 0.01286 0.03553
1 0.62786 0.40609 0.00429 0.01015
4 0.53857 0.51523 0.01143 0.02792
1 0.19857 0.17132 0.00429 0.00761
1 0.19964 0.16117 0.00214 0.00508
