0 0.08036 0.36 0.10214 0.05714
4 0.155 0.37476 0.04571 0.03714
4 0.18679 0.39952 0.04786 0.03905
1 0.29964 0.54286 0.01357 0.03619
10 0.73071 0.60143 0.03286 0.03905
8 0.74786 0.57667 0.04571 0.07143
4 0.98857 0.1481 0.01571 0.01619
4 0.99071 0.13476 0.01571 0.01429
10 0.41571 0.55905 0.02571 0.03238
10 0.46357 0.57476 0.02429 0.03143
10 0.42929 0.55095 0.02286 0.03905
10 0.48393 0.55429 0.02929 0.03619
10 0.49286 0.54762 0.02429 0.0381
10 0.38786 0.50286 0.02 0.0381
10 0.39821 0.49524 0.02071 0.03429
10 0.4225 0.47952 0.025 0.03143
10 0.43107 0.47381 0.01929 0.02762
10 0.43857 0.46429 0.02 0.02
10 0.48607 0.52143 0.02357 0.03714
10 0.46179 0.50619 0.02643 0.03333
10 0.47571 0.49048 0.02571 0.02095
10 0.4975 0.51619 0.02214 0.02857
