5 0.35573 0.68843 0.05312 0.12685
8 0.27135 0.59722 0.03021 0.08889
7 0.43281 0.67917 0.02604 0.06389
10 0.44297 0.64815 0.01302 0.04259
10 0.41094 0.49769 0.01667 0.04352
10 0.43958 0.50278 0.01146 0.04259
1 0.39089 0.46065 0.01094 0.03796
1 0.43203 0.45324 0.00885 0.03796
1 0.40807 0.43796 0.01302 0.04074
10 0.42031 0.42593 0.0125 0.04259
10 0.39818 0.31667 0.02135 0.02593
7 0.50521 0.4162 0.01875 0.03611
7 0.51354 0.44491 0.02813 0.0713
10 0.50729 0.33287 0.0125 0.04352
7 0.50182 0.55833 0.01927 0.05741
2 0.52969 0.73241 0.0125 0.03704
2 0.52995 0.72546 0.0099 0.03241
10 0.52969 0.74352 0.00937 0.05741
3 0.69479 0.78657 0.03229 0.03796
10 0.82057 0.80231 0.03281 0.04167
10 0.70729 0.71991 0.02187 0.04352
10 0.69818 0.69954 0.02552 0.03611
10 0.69427 0.66435 0.02604 0.03241
8 0.65755 0.60093 0.03802 0.09815
7 0.69375 0.59954 0.01667 0.05833
4 0.67891 0.54537 0.02865 0.06481
10 0.77161 0.59398 0.01198 0.04907
10 0.74401 0.54954 0.01198 0.05093
10 0.75677 0.55602 0.01354 0.04722
10 0.76641 0.55417 0.01406 0.04722
1 0.66146 0.49074 0.01771 0.03889
8 0.66198 0.47315 0.06042 0.08704
2 0.66432 0.47083 0.01302 0.0213
10 0.66901 0.45046 0.01094 0.03426
2 0.67682 0.44583 0.01198 0.0287
10 0.70104 0.44028 0.0125 0.03796
10 0.73516 0.43981 0.01927 0.03148
10 0.73281 0.39352 0.01979 0.02778
7 0.64661 0.32824 0.02448 0.05833
10 0.65625 0.22361 0.01042 0.0287
8 0.63333 0.23889 0.01771 0.05185
2 0.68125 0.23148 0.00833 0.02222
1 0.67552 0.20509 0.00625 0.025
2 0.69792 0.20417 0.00625 0.01759
2 0.69583 0.20185 0.01042 0.02407
1 0.675 0.1912 0.00833 0.03056
1 0.6612 0.21111 0.00677 0.03148
1 0.64948 0.19583 0.00833 0.03241
7 0.6349 0.21343 0.01562 0.03241
10 0.63516 0.2037 0.01615 0.01667
3 0.6349 0.19722 0.01562 0.01667
1 0.63516 0.1912 0.00885 0.03056
8 0.625 0.1412 0.01771 0.03796
8 0.62214 0.12269 0.0224 0.04167
2 0.62318 0.08796 0.00677 0.02593
2 0.62214 0.08704 0.00677 0.02222
10 0.6224 0.0912 0.00937 0.0213
8 0.57865 0.15972 0.01875 0.04907
7 0.59349 0.14491 0.00781 0.025
2 0.59271 0.13657 0.00729 0.0213
4 0.59818 0.1 0.01823 0.03889
2 0.53724 0.06852 0.00573 0.02407
10 0.53672 0.07454 0.00781 0.02315
7 0.52656 0.04306 0.00937 0.02685
8 0.52474 0.10972 0.01302 0.03611
10 0.49609 0.1588 0.01615 0.02315
5 0.60391 0.04537 0.01927 0.04444
10 0.50156 0.13472 0.01771 0.0213
0 0.50365 0.11435 0.01667 0.04722
10 0.46224 0.08935 0.01198 0.02315
10 0.45182 0.08843 0.00677 0.0213
1 0.43151 0.09028 0.00677 0.025
10 0.43958 0.08426 0.01042 0.01667
10 0.4612 0.06296 0.01198 0.01667
10 0.45703 0.04861 0.0151 0.01759
10 0.45729 0.04769 0.0125 0.01759
4 0.44219 0.18657 0.02708 0.05833
10 0.40599 0.26019 0.02031 0.03148
10 0.45807 0.02361 0.0151 0.01574
10 0.45833 0.01852 0.01146 0.01667
4 0.50807 0.02731 0.01823 0.03796
8 0.59635 0.01806 0.0125 0.03056
0 0.61042 0.01944 0.01979 0.03889
0 0.64375 0.01389 0.01771 0.02778
10 0.64635 0.01991 0.0125 0.01389
