4 0.37109 0.87778 0.05885 0.1463
4 0.33568 0.70926 0.09323 0.09815
4 0.3276 0.58287 0.0875 0.06389
4 0.35651 0.52361 0.0349 0.06389
5 0.34271 0.46574 0.02604 0.06667
1 0.3099 0.47315 0.0125 0.0463
1 0.30885 0.45139 0.00729 0.0287
1 0.32005 0.45509 0.00885 0.05648
1 0.30182 0.41574 0.00885 0.04074
2 0.32552 0.47222 0.00833 0.03519
4 0.34089 0.43148 0.02656 0.04444
4 0.4112 0.41435 0.0276 0.04907
2 0.34714 0.27222 0.00781 0.00926
10 0.34792 0.28287 0.00729 0.01759
4 0.3763 0.28241 0.01615 0.02778
4 0.40104 0.29861 0.01667 0.03796
4 0.41432 0.26574 0.01719 0.02963
4 0.42656 0.16713 0.00937 0.01759
4 0.38411 0.19954 0.01302 0.01759
4 0.32292 0.22037 0.02813 0.01852
4 0.29531 0.21157 0.02604 0.01574
4 0.30208 0.19491 0.02083 0.01574
4 0.29583 0.2588 0.04479 0.06759
4 0.06953 0.21759 0.01927 0.02037
4 0.08958 0.20278 0.01562 0.02037
4 0.09062 0.21528 0.01458 0.01574
4 0.09193 0.23009 0.0224 0.01574
5 0.14219 0.225 0.09167 0.05
4 0.19557 0.20093 0.01198 0.01667
4 0.21146 0.20046 0.01562 0.01759
4 0.21432 0.21065 0.01406 0.0213
4 0.22995 0.21157 0.01615 0.01944
4 0.2474 0.21157 0.01562 0.01759
4 0.23958 0.22639 0.03021 0.01944
4 0.20391 0.22685 0.02448 0.01852
4 0.18802 0.28519 0.04583 0.02778
4 0.20573 0.26389 0.04167 0.03148
4 0.22266 0.24583 0.03698 0.02315
2 0.33906 0.16898 0.00417 0.00833
2 0.34089 0.16157 0.0026 0.00833
2 0.33672 0.10787 0.0026 0.00648
10 0.3362 0.11157 0.0026 0.00648
10 0.33906 0.17454 0.00521 0.00833
10 0.34063 0.16343 0.00208 0.00463
4 0.35 0.15741 0.00833 0.01667
6 0.34557 0.1412 0.01198 0.02315
5 0.35443 0.1412 0.00781 0.01574
4 0.36745 0.15139 0.00781 0.01204
4 0.35938 0.13056 0.00729 0.01481
6 0.40313 0.13148 0.01042 0.02037
6 0.39219 0.11065 0.00729 0.01759
4 0.38542 0.10787 0.00521 0.01204
4 0.38151 0.11157 0.00573 0.00833
1 0.38177 0.09259 0.00313 0.00741
0 0.34036 0.06991 0.0224 0.01574
4 0.31667 0.11435 0.00417 0.01019
4 0.32448 0.11343 0.00521 0.01019
6 0.32318 0.09815 0.00781 0.01852
4 0.31641 0.08611 0.00885 0.00741
6 0.33047 0.08287 0.02865 0.01759
1 0.06458 0.54352 0.01354 0.05926
4 0.08307 0.4713 0.05365 0.05741
4 0.18099 0.54352 0.03802 0.05741
4 0.51823 0.22361 0.01354 0.0287
1 0.53516 0.22917 0.00469 0.02685
4 0.57161 0.36343 0.0276 0.03611
7 0.5974 0.29954 0.01146 0.02315
4 0.67969 0.38519 0.03542 0.03519
4 0.70833 0.41389 0.04063 0.03889
4 0.74115 0.4463 0.04896 0.04815
4 0.77839 0.48565 0.05573 0.05093
4 0.85964 0.5338 0.06406 0.06389
4 0.93542 0.60139 0.07708 0.075
4 0.98411 0.63565 0.07552 0.09537
1 0.88307 0.60602 0.01719 0.075
4 0.31094 0.11343 0.00625 0.01204
0 0.30469 0.09676 0.01042 0.01944
4 0.37266 0.09306 0.00469 0.00833
6 0.36016 0.07824 0.00573 0.01574
4 0.38776 0.08333 0.00781 0.00741
