1 0.60393 0.57476 0.015 0.05238
1 0.61214 0.53619 0.01714 0.04952
1 0.56643 0.42762 0.01571 0.05333
1 0.58143 0.42333 0.01714 0.05429
1 0.56179 0.39571 0.01929 0.04667
4 0.39 0.42857 0.11286 0.08762
4 0.37607 0.3481 0.06071 0.08667
5 0.4525 0.34095 0.05929 0.10667
2 0.46536 0.57524 0.01786 0.04762
10 0.52857 0.5519 0.02286 0.06571
2 0.56464 0.36429 0.01929 0.05048
5 0.62393 0.38476 0.125 0.12952
8 0.57571 0.29619 0.02571 0.04762
4 0.3175 0.22286 0.04357 0.05905
5 0.30107 0.14238 0.04929 0.05619
5 0.34536 0.12905 0.03929 0.05238
4 0.37 0.11286 0.03286 0.04286
2 0.36179 0.14524 0.00929 0.02952
2 0.45214 0.23429 0.01286 0.0381
2 0.47286 0.24095 0.01429 0.04
2 0.55357 0.30238 0.01429 0.03333
2 0.52107 0.24095 0.01214 0.02476
8 0.5325 0.23571 0.02643 0.04857
1 0.5425 0.3281 0.01357 0.04857
2 0.47821 0.28857 0.015 0.02857
10 0.47857 0.30333 0.01429 0.04286
8 0.49857 0.18571 0.04143 0.03619
1 0.4075 0.11 0.01071 0.03524
1 0.40714 0.08238 0.00857 0.03143
1 0.29107 0.04714 0.00786 0.02952
1 0.31786 0.02143 0.00857 0.02762
5 0.39429 0.01857 0.02571 0.03714
5 0.42357 0.07048 0.02429 0.04
2 0.40179 0.03952 0.00929 0.0181
8 0.4325 0.09667 0.04214 0.02381
1 0.78286 0.78857 0.03714 0.07429
5 0.93036 0.53 0.12643 0.1019
