4 0.455 0.84772 0.01714 0.05584
4 0.42214 0.94543 0.02286 0.06345
4 0.48893 0.63452 0.015 0.03553
4 0.50679 0.52475 0.015 0.02919
4 0.5525 0.33439 0.01071 0.02919
4 0.52643 0.28744 0.00857 0.01904
4 0.52214 0.22589 0.00714 0.01523
4 0.58036 0.14404 0.00786 0.01904
4 0.60964 0.14023 0.00643 0.0165
4 0.58464 0.08058 0.00643 0.01396
4 0.54179 0.09518 0.00643 0.01269
4 0.48429 0.01967 0.01571 0.01142
4 0.44607 0.00508 0.015 0.01015
5 0.46071 0.6764 0.01714 0.04315
4 0.49286 0.49683 0.01429 0.03173
4 0.57393 0.46193 0.02786 0.02538
5 0.53464 0.18084 0.00786 0.01904
5 0.60929 0.10343 0.00714 0.01904
5 0.57429 0.09962 0.00714 0.01904
4 0.55536 0.05076 0.01643 0.01523
9 0.49821 0.39404 0.02071 0.08503
9 0.54821 0.13135 0.01071 0.05203
4 0.55 0.1047 0.00571 0.01396
4 0.57 0.26079 0.00714 0.02665
1 0.57786 0.83947 0.00429 0.0165
1 0.56964 0.84454 0.005 0.0165
1 0.57286 0.83376 0.00571 0.01777
0 0.56 0.82043 0.00714 0.03426
4 0.51429 0.00381 0.01429 0.00761
5 0.55036 0.00508 0.015 0.01015
4 0.49357 0.01396 0.01429 0.01269
4 0.46679 0.00381 0.01357 0.00761
4 0.38464 0.00381 0.01357 0.00761
1 0.60179 0.49492 0.00357 0.01269
4 0.80143 0.36485 0.01143 0.02411
4 0.79571 0.34708 0.01286 0.02919
4 0.77214 0.24048 0.00857 0.0165
4 0.7675 0.22525 0.01214 0.01904
