4 0.03821 0.82424 0.03643 0.07234
9 0.24821 0.90292 0.09929 0.19162
1 0.3025 0.89086 0.01071 0.02284
1 0.32536 0.89975 0.00929 0.03046
4 0.0275 0.30584 0.04357 0.03046
4 0.08321 0.38071 0.02357 0.05076
9 0.01714 0.45368 0.03429 0.0901
5 0.14536 0.47272 0.03071 0.06726
5 0.11786 0.5165 0.02286 0.06853
5 0.16571 0.5552 0.02714 0.06218
5 0.18357 0.62373 0.03 0.06472
11 0.45179 0.97335 0.01643 0.03807
1 0.54393 0.91688 0.00786 0.03173
1 0.81536 0.74556 0.00929 0.02665
1 0.82429 0.75127 0.01143 0.03046
9 0.62286 0.78997 0.06857 0.17132
9 0.71214 0.62437 0.07857 0.21066
9 0.73143 0.45241 0.06571 0.16371
4 0.75714 0.36675 0.02714 0.03807
5 0.77964 0.32614 0.02071 0.04061
5 0.82643 0.18084 0.02571 0.04442
9 0.80393 0.24048 0.05214 0.11802
1 0.60071 0.03363 0.00429 0.0165
1 0.79286 0.16688 0.00571 0.01904
1 0.795 0.17576 0.00571 0.02411
1 0.79643 0.16878 0.00571 0.02284
1 0.80429 0.16307 0.00571 0.02157
1 0.80607 0.16751 0.005 0.0203
1 0.81286 0.12563 0.00429 0.02284
1 0.81964 0.13008 0.00643 0.02157
1 0.83643 0.08947 0.00429 0.0165
1 0.83536 0.08249 0.00643 0.0203
1 0.91429 0.07107 0.00714 0.01777
0 0.85 0.0368 0.00571 0.01777
1 0.3775 0.06472 0.005 0.0203
