10 0.22756 0.12291 0.02296 0.02876
1 0.25287 0.13312 0.00887 0.03803
1 0.20955 0.16651 0.00783 0.03061
1 0.21347 0.17161 0.01044 0.03711
4 0.08873 0.16095 0.06994 0.05102
1 0.20746 0.17811 0.00992 0.02597
1 0.21738 0.18182 0.00992 0.03154
1 0.23747 0.17532 0.00835 0.0334
1 0.24948 0.17579 0.00835 0.02876
1 0.25809 0.17718 0.00992 0.0334
1 0.24504 0.17393 0.00992 0.02876
1 0.29071 0.17579 0.00939 0.02876
4 0.30219 0.16419 0.06263 0.05566
4 0.32307 0.13868 0.05428 0.04917
1 0.33325 0.10111 0.012 0.03711
4 0.43998 0.12059 0.04906 0.03896
2 0.41936 0.29731 0.01409 0.03432
1 0.42067 0.35065 0.01148 0.05009
2 0.42276 0.37616 0.01983 0.03247
2 0.40031 0.37801 0.01461 0.02876
2 0.38909 0.36224 0.012 0.03618
1 0.41701 0.42347 0.01253 0.04545
1 0.4084 0.44388 0.012 0.05102
1 0.40736 0.45965 0.012 0.05102
2 0.42354 0.54545 0.01722 0.03525
2 0.40475 0.53432 0.01514 0.0334
2 0.39562 0.5487 0.01461 0.03432
1 0.32437 0.8961 0.02244 0.0334
1 0.3249 0.91234 0.02035 0.03432
8 0.36143 0.95872 0.0976 0.08071
2 0.38335 0.91605 0.01931 0.05844
10 0.387 0.91466 0.05167 0.0538
10 0.39979 0.85946 0.05219 0.0603
7 0.44911 0.9462 0.03288 0.10575
8 0.39953 0.77505 0.07777 0.09555
1 0.40605 0.74536 0.02192 0.05659
10 0.44181 0.73887 0.04332 0.04917
8 0.40736 0.69573 0.06524 0.08534
8 0.41414 0.63173 0.07463 0.07978
8 0.42276 0.5872 0.06994 0.07792
8 0.4739 0.61549 0.02923 0.11596
1 0.49139 0.61781 0.01305 0.04453
1 0.5013 0.61364 0.01722 0.06401
2 0.49165 0.66744 0.02088 0.06772
1 0.51305 0.66373 0.01775 0.06957
7 0.5013 0.65816 0.05689 0.08256
8 0.43163 0.50974 0.06159 0.07885
8 0.44181 0.46197 0.05793 0.0705
7 0.49243 0.50417 0.02453 0.10853
1 0.49322 0.5116 0.01879 0.04174
10 0.49635 0.46846 0.03027 0.04638
1 0.48591 0.45037 0.01461 0.05288
7 0.44885 0.41327 0.05115 0.06586
7 0.49791 0.39286 0.02192 0.09184
7 0.51827 0.359 0.0261 0.05009
7 0.48852 0.35807 0.02714 0.05566
2 0.48225 0.34833 0.01253 0.03618
2 0.47156 0.34323 0.012 0.02783
2 0.46112 0.34276 0.012 0.03432
3 0.44859 0.37801 0.0214 0.03432
3 0.45329 0.37013 0.02453 0.03154
3 0.46686 0.36967 0.02244 0.03618
8 0.48356 0.32282 0.04854 0.06122
8 0.48982 0.30334 0.04541 0.05937
10 0.51279 0.30056 0.01618 0.04453
1 0.48356 0.2769 0.00887 0.03618
10 0.50235 0.27458 0.02766 0.02968
10 0.48591 0.26716 0.02505 0.02597
8 0.48982 0.24629 0.03497 0.04731
0 0.49034 0.23145 0.03914 0.03989
10 0.48199 0.20176 0.02035 0.02876
10 0.50652 0.20965 0.02349 0.02783
10 0.50157 0.19202 0.01566 0.02783
10 0.49582 0.19434 0.01775 0.01948
2 0.50835 0.19898 0.00939 0.03061
10 0.51044 0.18553 0.01044 0.02968
2 0.51148 0.18182 0.01044 0.0334
1 0.49765 0.17672 0.00992 0.03803
2 0.48225 0.16651 0.00835 0.03061
2 0.46973 0.16373 0.00939 0.03432
2 0.48043 0.14935 0.00678 0.03525
2 0.47834 0.14518 0.00783 0.03432
3 0.48147 0.15584 0.02662 0.02783
2 0.52375 0.13822 0.00783 0.02226
1 0.51905 0.1308 0.00783 0.04267
2 0.52897 0.17301 0.00992 0.03061
8 0.52766 0.18043 0.0167 0.04174
8 0.55089 0.1897 0.01722 0.05473
1 0.5 0.10297 0.00835 0.03711
1 0.50731 0.09787 0.00939 0.03618
2 0.49478 0.09972 0.00835 0.02319
2 0.50026 0.07792 0.00783 0.02968
10 0.50026 0.08302 0.00992 0.0269
2 0.50861 0.08581 0.00678 0.03061
2 0.512 0.07375 0.00835 0.03247
10 0.51096 0.07839 0.01044 0.02505
1 0.50783 0.06215 0.00835 0.02412
2 0.47521 0.09416 0.00678 0.02505
10 0.47547 0.10065 0.01879 0.02134
0 0.47704 0.07514 0.02401 0.03711
0 0.4512 0.08859 0.01722 0.01948
1 0.45799 0.04035 0.00678 0.03061
10 0.48252 0.02968 0.01618 0.01855
7 0.50444 0.04685 0.02662 0.03618
7 0.49322 0.04267 0.02505 0.03525
7 0.50365 0.04035 0.02923 0.03803
7 0.50731 0.02968 0.02714 0.03525
7 0.50966 0.01531 0.0214 0.03061
7 0.57176 0.01902 0.01305 0.03432
8 0.5749 0.01391 0.02766 0.02783
1 0.57933 0.04453 0.00626 0.02041
1 0.58586 0.04174 0.00678 0.02597
2 0.61143 0.03247 0.00678 0.01855
1 0.61978 0.0436 0.0047 0.02041
2 0.63074 0.03061 0.00783 0.02783
1 0.61456 0.06215 0.00678 0.02597
2 0.60438 0.06957 0.00731 0.02783
1 0.63283 0.08627 0.00574 0.02783
3 0.63257 0.09045 0.01461 0.02134
8 0.63727 0.01763 0.02401 0.0334
10 0.63648 0.14147 0.01931 0.02134
1 0.62552 0.12523 0.012 0.03154
10 0.62474 0.13312 0.01357 0.02876
1 0.61691 0.16605 0.00835 0.04082
1 0.64744 0.20362 0.00887 0.04731
8 0.59812 0.17161 0.03445 0.05009
2 0.57594 0.2064 0.00887 0.03618
2 0.58794 0.19666 0.00992 0.02226
2 0.59368 0.2166 0.00887 0.03989
2 0.60908 0.22403 0.00939 0.03061
10 0.59943 0.19156 0.02975 0.0269
10 0.59134 0.21058 0.01879 0.02412
10 0.59395 0.21892 0.02296 0.02968
8 0.61691 0.21892 0.04384 0.04824
8 0.61378 0.24258 0.03862 0.0436
7 0.61691 0.26948 0.04175 0.04731
8 0.63231 0.29731 0.04228 0.05288
8 0.64196 0.33442 0.0428 0.04731
8 0.64588 0.35436 0.05585 0.05937
1 0.69337 0.35343 0.012 0.05937
1 0.68058 0.36642 0.01566 0.05751
10 0.61978 0.39564 0.01305 0.04545
1 0.61926 0.40955 0.00992 0.05288
1 0.63413 0.41187 0.01461 0.04824
1 0.62448 0.43646 0.00992 0.05288
2 0.64066 0.42532 0.01409 0.03989
7 0.65266 0.3961 0.04645 0.0538
7 0.65501 0.43367 0.05219 0.04731
8 0.66467 0.45037 0.05167 0.06957
7 0.6357 0.49072 0.02714 0.08905
7 0.6678 0.47774 0.04645 0.05566
8 0.67771 0.53154 0.07255 0.07421
8 0.68841 0.56308 0.06889 0.06865
8 0.68841 0.61827 0.06994 0.08071
10 0.67589 0.65631 0.03445 0.04917
7 0.70224 0.67904 0.07881 0.07421
10 0.77427 0.68089 0.0214 0.07236
8 0.70772 0.73609 0.08559 0.09369
8 0.7226 0.81447 0.09342 0.10761
8 0.74061 0.89935 0.09603 0.12338
2 0.73513 0.92764 0.02975 0.0538
2 0.63231 0.94805 0.02662 0.09091
10 0.63257 0.94434 0.02923 0.10761
4 0.50913 0.87662 0.06837 0.2449
10 0.57516 0.95826 0.03758 0.08163
8 0.63335 0.66976 0.03288 0.1243
2 0.59395 0.74072 0.02296 0.05844
2 0.5929 0.73052 0.02296 0.05659
10 0.59212 0.75974 0.03184 0.09276
10 0.56498 0.07839 0.01096 0.03432
2 0.5655 0.07653 0.00678 0.0269
2 0.58168 0.44759 0.01618 0.04545
2 0.58194 0.50371 0.01879 0.05009
2 0.55141 0.52134 0.01931 0.06122
2 0.62004 0.55705 0.01983 0.04174
10 0.58272 0.45408 0.01722 0.05659
10 0.58064 0.50974 0.01827 0.05659
10 0.55245 0.53015 0.01618 0.06401
7 0.62422 0.57931 0.02818 0.07514
1 0.60595 0.52968 0.0167 0.06122
1 0.61195 0.54545 0.01409 0.04267
