4 0.52393 0.74873 0.01786 0.04822
4 0.61607 0.72018 0.01786 0.05711
4 0.61821 0.37817 0.00929 0.0203
4 0.57429 0.43084 0.01 0.02157
4 0.5925 0.44924 0.00929 0.02284
4 0.54214 0.53363 0.01143 0.02157
4 0.52786 0.33693 0.00714 0.01142
4 0.53321 0.3033 0.00786 0.01523
4 0.56143 0.30266 0.00714 0.0165
4 0.57857 0.22843 0.00571 0.01015
4 0.53786 0.26713 0.00571 0.01142
4 0.56321 0.14911 0.00357 0.00888
4 0.57893 0.1453 0.00357 0.00635
4 0.55821 0.09264 0.00357 0.00508
4 0.54893 0.20939 0.00357 0.00761
4 0.57714 0.25698 0.00571 0.01396
5 0.55286 0.38198 0.00857 0.01777
5 0.52143 0.36041 0.00857 0.01777
5 0.49679 0.51332 0.01214 0.02411
5 0.53964 0.61802 0.01357 0.03553
5 0.56464 0.22589 0.005 0.01015
5 0.56607 0.20495 0.005 0.01142
9 0.56 0.18528 0.00714 0.02284
9 0.515 0.41688 0.01429 0.06218
9 0.46857 0.73287 0.04 0.14848
5 0.44143 0.95876 0.02714 0.07234
4 0.58679 0.5368 0.01214 0.02538
4 0.61786 0.55076 0.01286 0.03046
4 0.52786 0.49746 0.01286 0.02538
4 0.54214 0.20495 0.00429 0.01142
9 0.53893 0.22779 0.00929 0.02919
9 0.52607 0.27602 0.01071 0.02919
1 0.50679 0.3236 0.00214 0.00761
1 0.50607 0.31599 0.00214 0.00761
1 0.51 0.30711 0.00286 0.01015
1 0.51643 0.27602 0.00286 0.00888
1 0.51464 0.27475 0.00214 0.00888
1 0.5125 0.28617 0.00214 0.00888
1 0.52107 0.25 0.00214 0.00508
4 0.555 0.16561 0.00286 0.00888
1 0.51607 0.3401 0.00214 0.01015
10 0.51643 0.34391 0.00286 0.00761
1 0.51857 0.25508 0.00286 0.00761
