4 0.43 0.58714 0.00857 0.00667
4 0.45964 0.5619 0.00643 0.00381
4 0.465 0.56333 0.00429 0.00476
4 0.52643 0.56 0.00286 0.00381
4 0.52214 0.55905 0.00286 0.00381
4 0.51929 0.55571 0.00286 0.00286
4 0.51714 0.56619 0.00286 0.00286
4 0.52 0.57095 0.00286 0.00286
4 0.51929 0.5681 0.00286 0.00286
4 0.52536 0.57 0.00357 0.00476
4 0.51571 0.57714 0.00286 0.00381
4 0.51107 0.58143 0.00357 0.00476
4 0.51571 0.58429 0.00286 0.00476
4 0.51786 0.58762 0.00429 0.00571
4 0.51143 0.59238 0.00429 0.00381
4 0.49964 0.5981 0.005 0.00571
4 0.50357 0.60524 0.00571 0.00667
9 0.54107 0.56762 0.005 0.00762
9 0.54357 0.57476 0.00429 0.01048
4 0.54036 0.58667 0.00357 0.00381
4 0.53714 0.57524 0.00429 0.00381
6 0.53679 0.56476 0.00357 0.00571
4 0.53143 0.58476 0.00429 0.00381
4 0.54893 0.57619 0.00357 0.00571
4 0.54857 0.57381 0.00429 0.00286
4 0.54036 0.63429 0.00643 0.00762
4 0.50036 0.62143 0.00643 0.00857
4 0.48429 0.61333 0.00714 0.00762
4 0.57893 0.59667 0.00929 0.00476
4 0.6075 0.60381 0.00929 0.00571
6 0.58321 0.60333 0.01214 0.00857
6 0.58893 0.61238 0.015 0.01143
6 0.56643 0.60905 0.00429 0.00667
4 0.58214 0.63 0.01571 0.00667
4 0.58107 0.63286 0.01357 0.00667
4 0.59036 0.65952 0.01643 0.00857
1 0.57071 0.71429 0.00286 0.01143
6 0.65571 0.70524 0.01286 0.02952
1 0.68143 0.70857 0.00429 0.01143
4 0.66214 0.72476 0.02 0.01524
4 0.68036 0.73333 0.02643 0.01333
4 0.69179 0.74286 0.025 0.01714
4 0.70429 0.75095 0.02286 0.0181
4 0.71857 0.75667 0.02714 0.0181
4 0.78357 0.77571 0.02857 0.0219
4 0.83036 0.79429 0.02357 0.02095
4 0.86357 0.8081 0.02429 0.0219
4 0.46429 0.64619 0.00857 0.01238
6 0.44071 0.67333 0.01429 0.02476
4 0.44143 0.70238 0.01286 0.01429
4 0.4125 0.74 0.01786 0.02286
4 0.42643 0.77952 0.01714 0.02762
4 0.33643 0.78 0.02286 0.02476
4 0.33964 0.89429 0.03071 0.04571
4 0.2875 0.93476 0.03929 0.05619
4 0.26857 0.9081 0.03714 0.04857
1 0.38286 0.69524 0.00286 0.01143
1 0.37679 0.69333 0.00214 0.01143
1 0.37393 0.69238 0.00214 0.01143
1 0.38464 0.68286 0.00214 0.00952
1 0.39321 0.68238 0.00214 0.01048
1 0.39179 0.6919 0.00214 0.01048
1 0.39393 0.6919 0.00214 0.01238
