5 0.19643 0.59581 0.03429 0.07487
4 0.17286 0.40736 0.02286 0.03046
5 0.18429 0.31472 0.01857 0.03046
5 0.21571 0.29569 0.01714 0.02792
5 0.22393 0.22779 0.01643 0.03173
5 0.26 0.25825 0.01429 0.02665
5 0.28179 0.17893 0.00929 0.01777
5 0.29964 0.1618 0.00786 0.01904
6 0.27714 0.25825 0.01857 0.05203
6 0.20536 0.22335 0.02214 0.04061
6 0.29464 0.27221 0.01786 0.0368
4 0.23214 0.18147 0.01 0.01523
4 0.27393 0.21003 0.01071 0.01904
4 0.28786 0.16434 0.00714 0.01396
4 0.2475 0.15292 0.00786 0.01142
4 0.31714 0.14594 0.00714 0.01523
4 0.29321 0.14277 0.00643 0.01396
4 0.30857 0.12817 0.00714 0.01015
4 0.30143 0.12056 0.00571 0.01015
4 0.2575 0.13579 0.00786 0.01269
4 0.2625 0.125 0.00643 0.01142
4 0.31179 0.11294 0.005 0.01269
4 0.32286 0.1066 0.00571 0.01269
4 0.32429 0.09074 0.00571 0.00888
6 0.2725 0.09962 0.00929 0.01904
6 0.28357 0.09708 0.00857 0.0165
6 0.2875 0.08566 0.00929 0.01904
6 0.305 0.09898 0.00714 0.01777
4 0.31929 0.07931 0.00429 0.00888
4 0.30786 0.08947 0.00429 0.00888
4 0.29929 0.08122 0.00571 0.01015
4 0.31536 0.06536 0.005 0.00888
6 0.29643 0.05457 0.00571 0.01523
6 0.30286 0.05457 0.00429 0.01269
4 0.29857 0.06916 0.00429 0.00888
4 0.28964 0.06853 0.00357 0.00761
6 0.29393 0.0736 0.00643 0.01523
4 0.3025 0.07487 0.005 0.01015
4 0.30714 0.06155 0.00429 0.00888
0 0.32 0.03997 0.03143 0.03173
9 0.56464 0.88452 0.04357 0.13959
4 0.7925 0.93591 0.05929 0.0698
4 0.65214 0.73541 0.02714 0.05964
4 0.63571 0.69036 0.02571 0.0533
4 0.62321 0.6453 0.04214 0.03934
4 0.6025 0.61358 0.02357 0.04695
4 0.57393 0.59391 0.02643 0.04569
4 0.58857 0.58312 0.02143 0.04442
6 0.50321 0.52411 0.03214 0.06599
4 0.54321 0.49365 0.01786 0.03553
4 0.53321 0.47208 0.01643 0.03553
4 0.52357 0.45431 0.01714 0.03046
4 0.51429 0.43528 0.01714 0.03299
4 0.43964 0.36358 0.01357 0.02157
5 0.48786 0.37817 0.01571 0.03046
4 0.47857 0.36548 0.01143 0.0203
4 0.46964 0.35025 0.015 0.02284
4 0.46821 0.33693 0.01071 0.02157
6 0.42607 0.32234 0.01643 0.03553
9 0.39643 0.25127 0.01429 0.03046
6 0.3775 0.20431 0.01214 0.03299
6 0.38929 0.20749 0.01286 0.02665
4 0.38286 0.25444 0.01 0.01904
4 0.38536 0.23287 0.00786 0.01396
4 0.40071 0.3052 0.01286 0.02411
1 0.54607 0.44734 0.00643 0.02157
1 0.44286 0.23858 0.00429 0.01269
1 0.46714 0.28997 0.00286 0.0165
1 0.46893 0.28934 0.00357 0.01523
1 0.41036 0.18909 0.00357 0.01269
4 0.45321 0.30711 0.01214 0.02284
4 0.43786 0.29886 0.01143 0.02157
4 0.44643 0.29822 0.00857 0.01777
4 0.44286 0.28744 0.01 0.0165
4 0.43643 0.27855 0.01 0.01904
4 0.43036 0.26459 0.00929 0.01904
4 0.36607 0.17703 0.00643 0.01142
6 0.38429 0.15038 0.01 0.01904
4 0.365 0.14594 0.00714 0.01523
0 0.36786 0.10343 0.03714 0.06218
1 0.01107 0.46193 0.005 0.0203
1 0.00607 0.4632 0.00357 0.0203
1 0.08071 0.33947 0.00571 0.0165
1 0.09393 0.36041 0.00357 0.01523
1 0.0975 0.36104 0.00357 0.0165
1 0.09893 0.34391 0.005 0.01777
1 0.08536 0.33376 0.00643 0.01777
1 0.08857 0.32805 0.00571 0.0165
1 0.10536 0.34645 0.00357 0.01269
1 0.11643 0.31726 0.00429 0.01777
1 0.11857 0.33693 0.00429 0.0165
1 0.14714 0.26332 0.00429 0.01396
1 0.15893 0.25254 0.00357 0.01015
1 0.21571 0.16117 0.00286 0.01015
1 0.205 0.17513 0.00286 0.01015
1 0.19357 0.18147 0.00286 0.01015
1 0.2 0.17449 0.00286 0.00888
1 0.17357 0.2316 0.00429 0.01142
