4 0.44896 0.57731 0.04688 0.0713
4 0.55729 0.66852 0.06354 0.07963
4 0.28542 0.44074 0.04792 0.04815
4 0.39427 0.47407 0.02083 0.05556
4 0.06693 0.51204 0.05469 0.04444
4 0.07187 0.4838 0.05104 0.04167
4 0.39922 0.35833 0.02031 0.03333
4 0.05729 0.37407 0.03958 0.02963
10 0.13646 0.37824 0.01458 0.01574
10 0.16172 0.38426 0.01615 0.01852
10 0.12812 0.37546 0.01458 0.0213
10 0.09219 0.36481 0.01458 0.01296
10 0.12057 0.36852 0.01719 0.01296
10 0.10911 0.63241 0.01927 0.02037
10 0.10365 0.66852 0.02187 0.02593
10 0.07734 0.64676 0.02344 0.0287
10 0.08203 0.67731 0.01927 0.01944
10 0.09401 0.70278 0.03177 0.02778
3 0.04974 0.61435 0.01823 0.0213
2 0.04792 0.60417 0.01146 0.03056
2 0.10677 0.62361 0.01042 0.0287
2 0.07396 0.6375 0.0125 0.025
2 0.10156 0.66065 0.0125 0.0287
2 0.08073 0.67083 0.0125 0.025
2 0.08958 0.69352 0.00937 0.02407
10 0.35938 0.21852 0.00729 0.01111
10 0.36979 0.2213 0.00729 0.01111
10 0.37604 0.2162 0.00729 0.00833
4 0.40286 0.28796 0.0151 0.02593
4 0.40755 0.3287 0.01719 0.02778
4 0.42917 0.33287 0.01667 0.02685
8 0.28203 0.74769 0.0526 0.05648
10 0.32344 0.62037 0.01667 0.02407
2 0.32161 0.61065 0.00781 0.025
2 0.29245 0.74398 0.01198 0.03241
4 0.69479 0.75185 0.06875 0.06296
4 0.53125 0.05556 0.00313 0.00556
4 0.53542 0.05278 0.00313 0.00556
4 0.53151 0.05 0.0026 0.0037
4 0.5349 0.03981 0.00313 0.0037
4 0.5349 0.03241 0.00313 0.00556
4 0.50182 0.07407 0.00469 0.00556
4 0.5026 0.06667 0.00417 0.00556
4 0.51042 0.05648 0.00417 0.00556
4 0.51198 0.05093 0.00417 0.00556
4 0.4888 0.10185 0.00573 0.00926
4 0.48542 0.12176 0.00729 0.01019
4 0.47292 0.1338 0.00729 0.01019
9 0.47135 0.15324 0.0125 0.02685
4 0.48021 0.14213 0.00521 0.01019
4 0.49714 0.10093 0.00573 0.00741
4 0.50234 0.08287 0.00573 0.00833
4 0.49661 0.0713 0.00365 0.00556
4 0.50911 0.06528 0.00365 0.00463
4 0.53802 0.0338 0.00313 0.00648
4 0.50625 0.07639 0.00313 0.00648
1 0.48021 0.1037 0.00208 0.00926
1 0.4888 0.09259 0.00156 0.00741
4 0.4849 0.09306 0.00417 0.00648
4 0.44714 0.27685 0.01198 0.02407
4 0.5349 0.04537 0.00313 0.00556
1 0.49661 0.0787 0.00156 0.00556
