1 0.34089 0.21065 0.0026 0.00833
1 0.33385 0.21667 0.00313 0.00926
1 0.34505 0.20648 0.00156 0.00741
4 0.29792 0.36481 0.0125 0.02963
4 0.30286 0.34861 0.0099 0.02315
4 0.30755 0.32963 0.00885 0.02222
4 0.31094 0.31019 0.01146 0.02222
4 0.31302 0.29306 0.00729 0.01389
1 0.29479 0.3287 0.00208 0.01481
1 0.27786 0.37083 0.0026 0.01574
1 0.29557 0.30556 0.0026 0.01296
4 0.26745 0.49769 0.02135 0.05093
4 0.24036 0.61065 0.0276 0.06759
4 0.32578 0.69398 0.02865 0.11574
4 0.44036 0.6625 0.02969 0.06389
4 0.41615 0.45463 0.01667 0.03333
4 0.38932 0.48194 0.01719 0.04907
4 0.37031 0.31296 0.01146 0.02037
4 0.40755 0.30556 0.0099 0.01852
5 0.40391 0.38611 0.0151 0.03148
3 0.49531 0.46065 0.00417 0.01759
3 0.48776 0.45787 0.00677 0.02315
3 0.47891 0.46204 0.00573 0.02037
3 0.45078 0.35417 0.0026 0.01759
3 0.45651 0.35417 0.00469 0.01759
10 0.45703 0.37222 0.00573 0.01111
10 0.3974 0.22685 0.00313 0.01111
10 0.41484 0.21065 0.0026 0.00648
2 0.49661 0.45926 0.00469 0.01481
2 0.49062 0.45602 0.00417 0.01019
2 0.47891 0.45648 0.00365 0.01111
2 0.45677 0.36806 0.00208 0.00648
2 0.45078 0.34907 0.00156 0.00741
2 0.45625 0.34954 0.00313 0.00833
2 0.41458 0.20972 0.00313 0.00463
2 0.3974 0.22361 0.00313 0.00648
4 0.37786 0.12176 0.0026 0.00833
4 0.37396 0.1213 0.00208 0.00741
4 0.37526 0.13889 0.00365 0.00741
4 0.37995 0.1338 0.0026 0.00648
4 0.37865 0.17037 0.00521 0.00741
4 0.36979 0.16759 0.00417 0.00741
4 0.3638 0.16852 0.00573 0.00556
4 0.3724 0.1787 0.00729 0.01111
4 0.36276 0.17685 0.00469 0.00926
4 0.37839 0.17778 0.00469 0.00741
4 0.38125 0.19213 0.00417 0.01389
4 0.38698 0.20139 0.00417 0.01019
4 0.39219 0.20972 0.00729 0.00833
4 0.38568 0.23194 0.00781 0.01019
4 0.37135 0.22917 0.00833 0.01019
4 0.36979 0.26111 0.00937 0.01481
4 0.38646 0.25833 0.00625 0.01111
10 0.40365 0.17963 0.00208 0.00741
10 0.40078 0.16944 0.0026 0.00741
2 0.39922 0.16759 0.00156 0.0037
2 0.40339 0.17685 0.00156 0.00556
4 0.45 0.30926 0.01146 0.01852
4 0.4362 0.29954 0.00677 0.01574
10 0.63828 0.75509 0.02344 0.06019
4 0.48932 0.23009 0.01615 0.0213
1 0.4888 0.20509 0.00365 0.01389
1 0.48438 0.2037 0.00417 0.01111
10 0.43047 0.2588 0.00156 0.01204
10 0.42526 0.25972 0.0026 0.00833
2 0.43047 0.25694 0.00156 0.00463
2 0.42578 0.25833 0.0026 0.00556
