0 0.35885 0.35556 0.0375 0.06481
4 0.35469 0.39398 0.00313 0.00463
4 0.34245 0.39213 0.0026 0.00463
4 0.35156 0.42222 0.00313 0.00556
4 0.34922 0.45741 0.00469 0.00556
9 0.34922 0.43241 0.00573 0.01852
6 0.34063 0.41667 0.00625 0.02407
6 0.35677 0.4037 0.00521 0.01481
6 0.34167 0.40093 0.00521 0.01481
4 0.31875 0.81713 0.01354 0.03796
4 0.27214 0.9463 0.0151 0.04815
6 0.30286 0.95185 0.02031 0.04074
6 0.33776 0.60278 0.0099 0.02778
6 0.34323 0.5375 0.00937 0.0213
6 0.13385 0.59306 0.02708 0.04537
5 0.16302 0.55 0.01354 0.01111
4 0.22344 0.48935 0.00625 0.01019
4 0.18073 0.53657 0.01458 0.01019
4 0.19974 0.50278 0.00885 0.01111
4 0.16536 0.5412 0.01615 0.01019
0 0.2224 0.47083 0.02292 0.01389
4 0.25911 0.47407 0.00573 0.00926
4 0.42083 0.51944 0.0125 0.00926
4 0.38021 0.50926 0.01042 0.00926
4 0.37266 0.45741 0.00885 0.00926
4 0.37109 0.44213 0.00885 0.00648
4 0.36979 0.43796 0.00833 0.00741
0 0.38203 0.40509 0.00885 0.01574
0 0.27031 0.39907 0.01562 0.01667
0 0.25911 0.41713 0.00885 0.01389
0 0.22969 0.4 0.00521 0.00926
0 0.21328 0.39537 0.01406 0.01481
6 0.2474 0.42731 0.0125 0.01574
5 0.24948 0.4412 0.00521 0.01019
5 0.24531 0.44213 0.00417 0.00833
1 0.24688 0.45648 0.00208 0.00741
11 0.29479 0.40556 0.01146 0.01296
6 0.31562 0.3412 0.0125 0.00648
1 0.29375 0.41806 0.00104 0.00648
1 0.19323 0.53889 0.00208 0.00926
4 0.32057 0.57639 0.00781 0.01944
4 0.31224 0.64306 0.00885 0.0213
9 0.32891 0.50648 0.00781 0.02407
5 0.34271 0.50417 0.00521 0.01389
5 0.30208 0.70093 0.01146 0.03148
4 0.33021 0.69028 0.00937 0.02685
1 0.33776 0.81204 0.00469 0.01481
1 0.33568 0.80694 0.00365 0.01389
4 0.08177 0.65046 0.02187 0.01944
