4 0.1599 0.08194 0.04688 0.04722
4 0.21042 0.10833 0.04688 0.04444
4 0.14062 0.20417 0.05104 0.05278
4 0.27109 0.12824 0.05156 0.03426
4 0.33125 0.15556 0.05104 0.05556
4 0.28125 0.16111 0.05521 0.04815
4 0.2526 0.2287 0.05729 0.05556
4 0.34896 0.2662 0.06354 0.06389
1 0.36615 0.28796 0.00833 0.04074
4 0.42656 0.31343 0.0625 0.06204
4 0.54922 0.24259 0.06927 0.06481
4 0.50911 0.35509 0.07969 0.075
4 0.59141 0.44907 0.03698 0.1037
4 0.70312 0.31944 0.05208 0.0537
4 0.69688 0.51065 0.06458 0.14537
1 0.26953 0.38935 0.01094 0.05278
10 0.08229 0.46065 0.03229 0.03611
10 0.08125 0.49583 0.03229 0.03426
