5 0.31693 0.6662 0.04844 0.1213
5 0.04323 0.7787 0.07604 0.08519
4 0.03021 0.70787 0.06042 0.10093
4 0.01875 0.6537 0.0375 0.07222
4 0.01589 0.53981 0.03177 0.06852
4 0.16042 0.37361 0.03542 0.10093
5 0.30365 0.25556 0.04375 0.09815
6 0.10339 0.07546 0.06406 0.14907
4 0.04141 0.09352 0.04115 0.09259
4 0.01354 0.09954 0.02708 0.0787
4 0.0237 0.02546 0.03385 0.05093
2 0.08073 0.18333 0.01562 0.02407
10 0.08229 0.19074 0.01354 0.04444
10 0.17734 0.59259 0.0151 0.0463
2 0.17656 0.58981 0.01354 0.02222
1 0.26198 0.92269 0.01875 0.025
2 0.20703 0.91944 0.01302 0.02778
10 0.20938 0.91991 0.02604 0.01759
1 0.64896 0.81435 0.01667 0.01389
4 0.67865 0.81019 0.06771 0.13704
1 0.71458 0.90741 0.01562 0.02222
2 0.44349 0.50833 0.01094 0.02407
2 0.44167 0.36806 0.0125 0.025
2 0.38464 0.40046 0.0099 0.025
2 0.40677 0.21389 0.01042 0.02778
10 0.3849 0.40046 0.01875 0.04907
10 0.44193 0.36852 0.01927 0.04074
3 0.44297 0.51296 0.01823 0.03519
3 0.40495 0.21852 0.02135 0.02037
4 0.31849 0.03287 0.04115 0.06574
4 0.28724 0.03056 0.03698 0.06111
4 0.59193 0.26343 0.05781 0.0787
4 0.55547 0.21528 0.0599 0.075
4 0.5638 0.13472 0.05677 0.075
4 0.63333 0.0662 0.05833 0.07685
1 0.47161 0.02454 0.0099 0.03241
1 0.5099 0.08935 0.01042 0.03056
1 0.60495 0.03472 0.01094 0.03241
1 0.61901 0.03657 0.01406 0.03241
2 0.57734 0.09352 0.01198 0.02593
11 0.51458 0.09074 0.01042 0.01852
10 0.50234 0.01435 0.00677 0.0287
