0 0.158 0.69433 0.042 0.026
1 0.65925 0.70533 0.0035 0.01333
0 0.7085 0.725 0.073 0.03
0 0.77725 0.74433 0.0735 0.03
0 0.8525 0.76533 0.076 0.03733
4 0.89475 0.82633 0.0255 0.02867
4 0.86175 0.817 0.0255 0.02467
4 0.82675 0.80933 0.0245 0.02933
4 0.80675 0.801 0.0215 0.026
4 0.78625 0.79567 0.0215 0.026
4 0.76475 0.788 0.0215 0.02267
4 0.72625 0.776 0.0235 0.02267
4 0.7145 0.77 0.023 0.02
4 0.6965 0.76533 0.025 0.02133
4 0.652 0.767 0.033 0.01933
4 0.6435 0.77333 0.035 0.02
4 0.632 0.77733 0.033 0.01867
4 0.61625 0.78467 0.0275 0.01867
4 0.608 0.79233 0.036 0.02333
4 0.59725 0.79767 0.0335 0.022
4 0.565 0.82633 0.036 0.026
4 0.58975 0.808 0.0315 0.024
4 0.549 0.83467 0.039 0.02667
4 0.53675 0.845 0.0365 0.026
1 0.511 0.786 0.004 0.01733
4 0.51975 0.85133 0.0385 0.02933
4 0.89475 0.87633 0.0475 0.02867
4 0.87775 0.897 0.0525 0.03533
4 0.857 0.92167 0.049 0.03267
4 0.854 0.93867 0.046 0.032
11 0.933 0.94867 0.017 0.01867
2 0.93325 0.942 0.0105 0.02267
4 0.7475 0.81067 0.04 0.02533
4 0.734 0.81833 0.041 0.02733
4 0.721 0.82733 0.039 0.02533
4 0.715 0.83433 0.034 0.022
4 0.70525 0.84567 0.0425 0.02733
4 0.69225 0.856 0.0395 0.028
4 0.68025 0.86233 0.0395 0.03133
4 0.6625 0.88467 0.042 0.03333
4 0.778 0.83433 0.043 0.02867
4 0.76625 0.84167 0.0425 0.02467
4 0.7565 0.85267 0.037 0.02667
4 0.75 0.86333 0.046 0.03333
4 0.7365 0.873 0.039 0.026
4 0.7275 0.88267 0.044 0.032
4 0.71225 0.89433 0.0465 0.03
4 0.7075 0.909 0.045 0.03133
4 0.62775 0.90867 0.0465 0.03467
4 0.65125 0.95933 0.0515 0.04267
4 0.57375 0.96467 0.0515 0.04267
4 0.59 0.95033 0.048 0.04067
3 0.57375 0.91767 0.0175 0.01667
2 0.57275 0.913 0.0075 0.022
3 0.5215 0.93333 0.018 0.016
2 0.5215 0.92667 0.006 0.02133
8 0.316 0.94267 0.017 0.01733
2 0.31625 0.93767 0.0095 0.018
1 0.36825 0.79533 0.0055 0.01733
4 0.289 0.76467 0.028 0.02267
5 0.345 0.78567 0.034 0.02733
4 0.08075 0.69167 0.0275 0.01533
4 0.125 0.69633 0.018 0.01533
4 0.093 0.71067 0.016 0.01333
4 0.10125 0.72233 0.0275 0.018
4 0.11 0.72567 0.027 0.01533
4 0.11675 0.73 0.0335 0.02133
4 0.128 0.734 0.031 0.01867
4 0.13725 0.73867 0.0295 0.01733
4 0.14175 0.74333 0.0295 0.01733
4 0.1505 0.74933 0.033 0.02
4 0.1565 0.75233 0.028 0.01533
4 0.17075 0.75167 0.0325 0.022
4 0.17875 0.76167 0.0315 0.022
4 0.188 0.767 0.033 0.022
4 0.19775 0.76833 0.0365 0.02467
4 0.20575 0.77867 0.0355 0.02
4 0.21375 0.78133 0.0315 0.02133
4 0.2285 0.78833 0.032 0.022
4 0.23975 0.78967 0.0315 0.022
4 0.25125 0.79633 0.0345 0.02467
4 0.26025 0.80633 0.0345 0.022
4 0.28475 0.81433 0.0335 0.02067
4 0.3015 0.82 0.034 0.024
4 0.259 0.84267 0.039 0.02933
4 0.246 0.83567 0.039 0.03
4 0.23525 0.82867 0.0365 0.03067
4 0.22575 0.81967 0.0355 0.03
4 0.21325 0.81233 0.0355 0.03267
4 0.2 0.808 0.033 0.028
4 0.19125 0.802 0.0365 0.028
4 0.1805 0.79533 0.036 0.028
4 0.17125 0.792 0.0315 0.02133
4 0.15825 0.78933 0.0355 0.024
4 0.1325 0.769 0.033 0.022
5 0.14975 0.776 0.0335 0.028
4 0.124 0.76533 0.034 0.024
4 0.1125 0.761 0.034 0.018
4 0.09825 0.75167 0.0325 0.02067
4 0.08775 0.74767 0.0325 0.018
4 0.08125 0.74333 0.0285 0.016
4 0.0725 0.737 0.031 0.01933
4 0.05875 0.73633 0.0265 0.01667
4 0.1195 0.804 0.025 0.028
4 0.18875 0.70867 0.0275 0.016
4 0.20725 0.71267 0.0215 0.01867
4 0.2165 0.71733 0.021 0.016
4 0.22425 0.72133 0.0185 0.016
5 0.237 0.72133 0.023 0.024
4 0.24975 0.73067 0.0185 0.016
4 0.2595 0.73667 0.023 0.02
4 0.26975 0.74167 0.0235 0.01933
4 0.28175 0.74467 0.0235 0.02
4 0.378 0.782 0.027 0.02133
4 0.36775 0.77533 0.0215 0.01733
4 0.355 0.77 0.025 0.02
4 0.3345 0.769 0.029 0.022
4 0.318 0.756 0.023 0.01733
4 0.32325 0.76233 0.0205 0.01933
4 0.05775 0.83133 0.0365 0.024
4 0.0505 0.82133 0.035 0.02667
4 0.0455 0.81067 0.04 0.028
4 0.0355 0.809 0.04 0.02867
4 0.02725 0.80367 0.0385 0.02467
4 0.02175 0.795 0.0395 0.02867
4 0.01475 0.792 0.0295 0.02933
4 0.01275 0.78633 0.0255 0.02867
1 0.3 0.502 0.003 0.012
1 0.298 0.50333 0.002 0.00933
2 0.3025 0.50367 0.004 0.00867
