5 0.34818 0.65787 0.16823 0.15648
1 0.58359 0.79583 0.0224 0.10278
1 0.53594 0.82269 0.025 0.0787
1 0.55078 0.75185 0.02344 0.08148
1 0.56536 0.70278 0.02969 0.08704
1 0.58724 0.49028 0.02031 0.08981
1 0.47656 0.49676 0.02187 0.08796
4 0.61354 0.29213 0.06667 0.16759
1 0.75365 0.90185 0.0375 0.09444
1 0.72109 1.07083 0.03073 0.07685
1 0.7276 1.04028 0.01979 0.06204
7 0.81589 1.22639 0.11823 0.3213
10 0.64219 1.3338 0.08333 0.075
1 0.65859 1.35417 0.05365 0.06944
2 0.5862 1.2287 0.0474 0.1
10 0.59115 1.24352 0.05521 0.12593
1 0.56563 1.13009 0.02292 0.08241
1 0.56953 1.07778 0.03177 0.07222
1 0.53984 1.15 0.02135 0.06667
1 0.53958 1.075 0.01979 0.08519
1 0.52943 1.03009 0.02344 0.04352
1 0.53073 0.97546 0.03125 0.06574
1 0.4513 1.12083 0.02656 0.06389
1 0.46432 1.05926 0.02344 0.05926
7 0.80937 0.86481 0.03958 0.13889
3 0.87552 0.91806 0.04167 0.1213
3 0.76302 0.65787 0.03854 0.10093
3 0.82214 0.64306 0.02969 0.09537
3 0.79193 0.58565 0.05052 0.04907
1 0.7875 0.52361 0.025 0.075
1 0.80052 0.54954 0.03125 0.075
1 0.81406 0.52685 0.02292 0.0537
1 0.42396 0.59491 0.02917 0.09907
0 0.34193 0.50324 0.24115 0.15278
1 0.49766 0.25463 0.01719 0.07963
1 0.66484 0.19676 0.01615 0.08611
1 0.46875 0.09398 0.01354 0.075
1 0.45859 0.07593 0.01094 0.07593
1 0.44974 0.13704 0.01302 0.07222
1 0.66536 0.0625 0.0151 0.0713
1 0.67812 0.03796 0.01667 0.07407
1 0.69661 0.06944 0.01198 0.06852
3 0.73359 0.21019 0.02656 0.05556
1 0.51328 0.02593 0.01198 0.05185
3 0.53464 0.01574 0.0099 0.03148
4 0.62292 0.05926 0.06354 0.11296
