1 0.03125 0.58333 0.00521 0.01852
1 0.03021 0.57546 0.00625 0.01574
10 0.03203 0.53194 0.00573 0.0213
10 0.0401 0.52778 0.00625 0.02037
10 0.04844 0.52407 0.00625 0.01852
1 0.19687 0.74028 0.00521 0.00833
2 0.20312 0.74907 0.00625 0.00926
4 0.4013 0.73333 0.03281 0.05926
1 0.275 0.4588 0.00521 0.01944
1 0.33594 0.4375 0.00313 0.01574
1 0.38594 0.39491 0.00313 0.01204
1 0.38047 0.39722 0.00365 0.01481
1 0.35625 0.34352 0.00313 0.01481
1 0.34714 0.35926 0.0026 0.01296
1 0.39453 0.34491 0.0026 0.01019
0 0.39948 0.2787 0.01042 0.01667
0 0.37057 0.34352 0.01094 0.01852
0 0.3875 0.31204 0.00937 0.01667
0 0.3888 0.33611 0.00885 0.02407
0 0.38542 0.35648 0.00937 0.01111
10 0.37734 0.36852 0.01094 0.01111
0 0.37656 0.38426 0.00937 0.01111
0 0.35703 0.39028 0.01719 0.03056
0 0.35885 0.36296 0.01458 0.01667
0 0.34974 0.33889 0.00781 0.01667
0 0.3474 0.32269 0.00833 0.00833
4 0.44115 0.09028 0.0125 0.02685
5 0.47292 0.18519 0.01458 0.03148
1 0.46589 0.25556 0.00156 0.01111
1 0.46458 0.25278 0.00313 0.01296
1 0.44688 0.01713 0.00208 0.00833
1 0.44453 0.01713 0.0026 0.00833
4 0.46042 0.0125 0.01042 0.0213
10 0.51198 0.02824 0.00417 0.01204
2 0.51328 0.02407 0.0026 0.00741
2 0.51146 0.025 0.00208 0.00741
5 0.45286 0.42176 0.02448 0.04352
10 0.44141 0.51481 0.00677 0.01296
10 0.5276 0.47731 0.00833 0.01204
4 0.46563 0.54213 0.02396 0.05093
4 0.44271 0.70278 0.02604 0.05926
5 0.55026 0.00463 0.0151 0.00926
5 0.59792 0.02593 0.01458 0.02222
4 0.5651 0.10833 0.01458 0.02222
4 0.61432 0.11343 0.01719 0.01759
4 0.60156 0.08843 0.01354 0.01574
4 0.57839 0.04444 0.00781 0.00926
4 0.59167 0.06435 0.00937 0.01204
4 0.6362 0.09213 0.0151 0.01944
4 0.64505 0.16898 0.01823 0.01759
4 0.68359 0.15787 0.0224 0.01944
4 0.65078 0.1162 0.01823 0.02315
4 0.62448 0.12778 0.01771 0.01852
4 0.60833 0.10093 0.01667 0.01111
10 0.56224 0.12546 0.00365 0.01204
1 0.67083 0.18843 0.00313 0.01574
1 0.67318 0.22917 0.00677 0.01574
1 0.70182 0.21574 0.00469 0.01481
1 0.66536 0.1912 0.0026 0.01019
2 0.5625 0.12361 0.00313 0.00648
2 0.52656 0.47639 0.00417 0.00833
2 0.44141 0.50926 0.00469 0.00926
