4 0.05755 0.68843 0.0526 0.08056
6 0.09583 0.2912 0.05104 0.08426
4 0.16823 0.22037 0.02187 0.02778
4 0.25104 0.22778 0.01667 0.03148
4 0.2026 0.12546 0.01458 0.01944
4 0.27734 0.09398 0.0099 0.01944
5 0.26172 0.08935 0.01198 0.025
5 0.29323 0.08565 0.01042 0.025
4 0.2776 0.0537 0.00937 0.01852
4 0.25365 0.06065 0.00937 0.01389
5 0.23438 0.07083 0.01146 0.01574
5 0.24505 0.0338 0.00781 0.01759
5 0.27578 0.01991 0.00885 0.01389
1 0.34453 0.4787 0.00573 0.01852
1 0.27969 0.37778 0.00521 0.01852
1 0.27656 0.37407 0.00417 0.01852
1 0.49583 0.48796 0.00521 0.02593
1 0.43255 0.32778 0.00573 0.01667
1 0.4388 0.31296 0.00469 0.01852
1 0.44557 0.32454 0.00469 0.01759
1 0.45026 0.31898 0.00365 0.01944
1 0.45651 0.31204 0.00365 0.02222
1 0.45729 0.33657 0.00417 0.01944
1 0.46172 0.33657 0.00365 0.01759
1 0.40156 0.25463 0.00417 0.01481
1 0.39219 0.25741 0.00417 0.01296
1 0.38802 0.25787 0.00313 0.01204
9 0.40026 0.70185 0.03906 0.0537
6 0.36927 0.38287 0.01979 0.06019
6 0.36276 0.30509 0.01615 0.05463
6 0.40026 0.4375 0.03385 0.125
4 0.36719 0.34676 0.0125 0.02315
9 0.37708 0.2838 0.01875 0.05648
6 0.39089 0.14167 0.01406 0.03519
6 0.37578 0.06296 0.0099 0.02778
4 0.35859 0.08426 0.00677 0.01111
4 0.36224 0.07824 0.00677 0.01204
5 0.36745 0.05833 0.00573 0.02222
5 0.36667 0.06574 0.00521 0.01296
0 0.36979 0.01157 0.03021 0.01944
6 0.36198 0.03102 0.00625 0.01759
6 0.36693 0.04352 0.00781 0.01667
4 0.37552 0.04259 0.00417 0.01111
4 0.3901 0.0412 0.00521 0.01019
4 0.38776 0.03426 0.00469 0.01111
1 0.00625 0.32361 0.00625 0.01944
1 0.00365 0.32083 0.00417 0.01574
1 0.10729 0.19676 0.00417 0.01204
1 0.10391 0.19444 0.00365 0.01296
1 0.10078 0.19167 0.0026 0.01111
1 0.11042 0.17593 0.00417 0.01111
1 0.11172 0.17407 0.00365 0.01296
1 0.1138 0.17315 0.00365 0.01111
1 0.13359 0.15185 0.00365 0.01296
1 0.14479 0.14167 0.00313 0.01296
1 0.04896 0.26065 0.00313 0.01389
1 0.17266 0.10602 0.0026 0.01019
1 0.1612 0.11435 0.0026 0.01019
1 0.21458 0.05509 0.00208 0.00833
1 0.20625 0.06852 0.00208 0.00926
5 0.52708 0.27083 0.02604 0.05463
4 0.56302 0.33565 0.01979 0.03611
0 0.56354 0.07037 0.07604 0.08519
