9 0.66536 0.82238 0.13357 0.35524
4 0.65607 0.56571 0.065 0.07238
4 0.01571 0.74 0.03143 0.06095
4 0.09071 0.67571 0.11857 0.06952
4 0.23607 0.64381 0.09643 0.06476
5 0.36071 0.60476 0.08143 0.06667
4 0.45 0.5819 0.06714 0.05143
4 0.53571 0.56095 0.06286 0.04762
4 0.72679 0.51571 0.03786 0.05619
4 0.01 0.43524 0.01857 0.02476
5 0.09071 0.4119 0.05429 0.02571
5 0.12321 0.39714 0.03357 0.02095
4 0.15786 0.39095 0.03429 0.0219
4 0.21143 0.36476 0.04 0.02476
4 0.24286 0.35619 0.03286 0.02095
4 0.20893 0.26333 0.00929 0.01238
4 0.27536 0.31381 0.03071 0.01238
4 0.29893 0.30571 0.03071 0.01524
4 0.2825 0.29143 0.02357 0.01333
0 0.25607 0.29667 0.02643 0.0181
5 0.2475 0.27905 0.02357 0.01524
4 0.23071 0.27 0.01571 0.01048
0 0.235 0.27762 0.00857 0.01048
4 0.27107 0.27857 0.02214 0.01238
4 0.25 0.26286 0.01714 0.01143
0 0.26464 0.26952 0.01786 0.00952
0 0.2425 0.23667 0.01786 0.00857
4 0.25107 0.24857 0.01643 0.00952
0 0.22679 0.2481 0.01786 0.01429
1 0.34786 0.33476 0.00571 0.0181
1 0.355 0.33714 0.00571 0.01524
1 0.37929 0.33381 0.00429 0.01619
9 0.38321 0.31571 0.04786 0.02571
4 0.35107 0.29381 0.02071 0.01238
4 0.34429 0.28952 0.02429 0.01333
4 0.33536 0.28333 0.02214 0.01238
0 0.32071 0.27333 0.01857 0.01143
10 0.615 0.44476 0.01429 0.02667
4 0.65107 0.43381 0.04357 0.03524
4 0.48179 0.33524 0.02071 0.02286
4 0.5525 0.37429 0.02929 0.02667
4 0.67571 0.40952 0.04857 0.0381
0 0.60821 0.39714 0.02643 0.02857
0 0.70429 0.37905 0.05143 0.04381
4 0.5125 0.35286 0.015 0.01619
0 0.35143 0.25286 0.01429 0.01429
0 0.36786 0.27 0.01143 0.02
0 0.39071 0.27905 0.02143 0.02286
1 0.94429 0.68143 0.01857 0.05048
1 0.95393 0.68143 0.01214 0.04667
2 0.61643 0.44429 0.01286 0.0219
4 0.76357 0.42857 0.05429 0.0381
4 0.89857 0.50429 0.11286 0.07333
1 0.97393 0.43095 0.00786 0.01619
0 0.81143 0.42667 0.03429 0.03429
