1 0.30521 0.49074 0.01042 0.04259
1 0.29766 0.57546 0.01719 0.03981
2 0.2487 0.54167 0.02448 0.02778
2 0.2612 0.52269 0.01406 0.02685
2 0.24818 0.51343 0.01719 0.025
2 0.35443 0.62037 0.01302 0.02222
2 0.37057 0.59167 0.01406 0.03333
2 0.35703 0.58843 0.01302 0.0287
2 0.3401 0.61389 0.01667 0.02963
2 0.57604 0.55093 0.01979 0.02778
2 0.5612 0.56898 0.01406 0.03241
2 0.50391 0.69167 0.01823 0.03333
2 0.52786 0.66481 0.03073 0.03333
2 0.49766 0.65093 0.01302 0.03519
2 0.52917 0.64444 0.01771 0.02963
2 0.50495 0.62917 0.01719 0.03981
2 0.51536 0.61389 0.01719 0.03889
1 0.14714 0.01713 0.0151 0.03426
