9 0.33958 0.09491 0.00521 0.01389
4 0.31198 0.03241 0.00208 0.00741
6 0.3112 0.02361 0.00365 0.01019
4 0.30885 0.01944 0.00313 0.00556
9 0.36901 0.0537 0.00365 0.01296
5 0.37969 0.13889 0.00313 0.01111
6 0.34531 0.12269 0.00417 0.01019
4 0.34583 0.11528 0.00417 0.00648
6 0.31484 0.17778 0.00469 0.01667
4 0.31562 0.1375 0.00208 0.00648
6 0.30339 0.21157 0.01302 0.01389
6 0.36745 0.23519 0.00573 0.02037
6 0.37344 0.45046 0.00937 0.04907
6 0.46536 0.62731 0.01406 0.04352
6 0.47083 0.58889 0.00729 0.02407
6 0.64792 0.84954 0.02708 0.0287
6 0.69479 0.4088 0.02292 0.0213
4 0.35339 0.56574 0.01198 0.01111
6 0.33151 0.14907 0.00781 0.00741
4 0.36354 0.21019 0.00313 0.00741
4 0.39792 0.08333 0.00521 0.00556
0 0.41016 0.08981 0.00573 0.01296
4 0.42917 0.21435 0.00521 0.00648
4 0.42891 0.21111 0.00781 0.00556
6 0.43724 0.19444 0.00469 0.01296
6 0.45365 0.2588 0.00625 0.01944
4 0.38229 0.37917 0.00521 0.01204
4 0.3888 0.43333 0.00469 0.01481
4 0.01354 0.90972 0.02083 0.0213
4 0.03568 0.90093 0.01719 0.02037
4 0.03906 0.96481 0.01146 0.01481
4 0.05182 0.94583 0.01198 0.03796
4 0.05833 0.8912 0.01875 0.01944
4 0.08333 0.88009 0.01875 0.01944
4 0.10911 0.87037 0.01615 0.01852
4 0.21302 0.82824 0.01771 0.01944
5 0.24818 0.80926 0.01406 0.01852
4 0.28698 0.79444 0.01562 0.01852
6 0.30677 0.7838 0.01979 0.02315
1 0.26745 0.82037 0.0026 0.00741
1 0.33073 0.80278 0.00208 0.00741
1 0.33854 0.77963 0.00313 0.00556
1 0.38594 0.78981 0.00313 0.00741
4 0.34792 0.89398 0.00729 0.03056
4 0.37161 0.94491 0.0099 0.03611
4 0.4112 0.80093 0.01615 0.01667
4 0.43672 0.89074 0.0099 0.03519
4 0.64531 0.875 0.01771 0.01852
4 0.58255 0.59074 0.01302 0.01111
5 0.54349 0.52963 0.01198 0.01296
5 0.56719 0.55139 0.01042 0.01944
1 0.51797 0.54213 0.0026 0.00833
4 0.30703 0.25694 0.00781 0.00833
4 0.30729 0.24954 0.00729 0.00648
4 0.30729 0.24537 0.00833 0.00556
4 0.30677 0.24352 0.00729 0.00741
6 0.32161 0.25972 0.00781 0.02685
0 0.29974 0.53704 0.0151 0.07407
