1 0.02714 0.71058 0.01148 0.0167
8 0.19937 0.7987 0.07724 0.06308
8 0.33716 0.73562 0.06472 0.05195
7 0.22443 0.9128 0.06681 0.06494
10 0.30037 0.74768 0.02349 0.04824
11 0.32855 0.88822 0.06837 0.05659
8 0.55924 0.75186 0.03392 0.11781
2 0.5167 0.76252 0.01983 0.02597
7 0.48043 0.72032 0.03914 0.10111
2 0.49635 0.59926 0.01566 0.02783
2 0.5154 0.61549 0.01618 0.03061
10 0.5261 0.59647 0.01148 0.05566
7 0.52035 0.34647 0.02192 0.08442
7 0.67824 0.4179 0.0548 0.05659
2 0.49478 0.26067 0.01357 0.02597
2 0.49739 0.23933 0.01357 0.03525
7 0.43189 0.20408 0.02557 0.09647
2 0.49687 0.13822 0.01253 0.02968
2 0.49504 0.05983 0.01096 0.02505
2 0.51514 0.06957 0.01148 0.04082
10 0.61926 0.03803 0.02035 0.04082
10 0.51487 0.07096 0.012 0.0436
10 0.53158 0.02597 0.012 0.04453
2 0.53001 0.01994 0.012 0.03061
10 0.4679 0.01391 0.02035 0.02783
2 0.50313 0.16605 0.01461 0.02968
7 0.89405 0.27551 0.05219 0.05566
10 0.35073 0.52968 0.03445 0.0334
10 0.93528 0.03942 0.02818 0.02319
