4 0.80339 0.98287 0.05052 0.0287
5 0.70547 0.81667 0.03385 0.04259
4 0.64245 0.76296 0.03385 0.03519
4 0.83333 0.49167 0.02708 0.01852
4 0.84089 0.47176 0.02344 0.01759
4 0.84531 0.46111 0.025 0.01667
4 0.85156 0.45046 0.02396 0.01759
4 0.86016 0.4088 0.02031 0.01389
4 0.85859 0.40046 0.01823 0.01204
4 0.78255 0.40139 0.02031 0.01389
4 0.77448 0.42454 0.01979 0.01389
4 0.77187 0.41759 0.01875 0.01296
4 0.69688 0.45602 0.01458 0.0213
4 0.68229 0.45463 0.01146 0.01667
4 0.71432 0.52963 0.02344 0.01852
4 0.70443 0.51065 0.02135 0.01759
4 0.47969 0.6625 0.03438 0.02685
4 0.47318 0.60648 0.02865 0.02222
4 0.47187 0.57176 0.02604 0.01944
4 0.41276 0.52407 0.01198 0.02407
4 0.39974 0.52407 0.0099 0.02593
6 0.40052 0.49722 0.02917 0.02963
4 0.39922 0.4787 0.01719 0.01481
4 0.39896 0.47037 0.01667 0.01481
4 0.39792 0.46389 0.01771 0.01481
4 0.39714 0.4588 0.01615 0.01389
5 0.39635 0.44583 0.01354 0.01574
1 0.43229 0.42269 0.00313 0.01019
4 0.36198 0.33194 0.01562 0.01204
4 0.37005 0.30278 0.01406 0.00741
4 0.37005 0.29861 0.01406 0.01019
4 0.37188 0.28889 0.01146 0.01111
4 0.37318 0.28148 0.01302 0.00926
6 0.33203 0.4912 0.01927 0.03241
4 0.36589 0.95417 0.02552 0.0713
4 0.27995 0.63102 0.0224 0.0287
4 0.10156 0.68889 0.03854 0.03333
1 0.10938 0.66157 0.00521 0.0213
4 0.0862 0.67083 0.02552 0.03426
4 0.1474 0.61944 0.02396 0.02963
4 0.12786 0.61574 0.0224 0.03148
4 0.1487 0.53009 0.02135 0.025
4 0.20156 0.53333 0.02187 0.02593
4 0.15391 0.47037 0.02135 0.01481
4 0.15833 0.46157 0.02396 0.01759
4 0.16615 0.45 0.02187 0.01667
