4 0.05643 0.79571 0.09 0.13619
4 0.02536 0.7719 0.05071 0.12476
4 0.02536 0.4781 0.05071 0.08381
4 0.08143 0.48476 0.05857 0.10857
4 0.1875 0.4819 0.05929 0.09714
5 0.23571 0.47619 0.04714 0.10857
6 0.36893 0.4319 0.04643 0.14381
4 0.59286 0.45667 0.03857 0.10952
4 0.49143 0.58 0.03571 0.11619
4 0.41821 0.55 0.05071 0.12286
5 0.44429 0.13524 0.03 0.08571
4 0.40893 0.08762 0.03643 0.08952
4 0.39821 0.18714 0.03357 0.09238
8 0.37893 0.27619 0.03071 0.0781
1 0.44 0.03714 0.01143 0.03238
4 0.73286 0.18238 0.03714 0.09048
4 0.74 0.41524 0.04143 0.10857
4 0.74071 0.54714 0.04286 0.11714
1 0.76571 0.41381 0.01429 0.02762
10 0.775 0.28571 0.03143 0.02286
1 0.69107 0.28333 0.015 0.03714
1 0.77536 0.15381 0.01357 0.03714
10 0.85821 0.21238 0.02786 0.02476
10 0.86929 0.37381 0.01429 0.04095
4 0.74357 0.87333 0.04429 0.14095
4 0.74321 0.70238 0.045 0.12667
2 0.67321 0.45952 0.01357 0.0219
2 0.67929 0.59762 0.01714 0.02381
2 0.68893 0.66714 0.01786 0.0219
3 0.67286 0.46571 0.01 0.04571
3 0.68 0.5981 0.01429 0.04381
3 0.68964 0.66857 0.01643 0.0419
1 0.53964 0.52952 0.01214 0.02286
1 0.41714 0.72333 0.01714 0.0181
1 0.37464 0.60238 0.01643 0.01619
1 0.28964 0.59048 0.01643 0.01905
1 0.33929 0.58619 0.02429 0.03143
1 0.30964 0.53381 0.01786 0.0181
1 0.31143 0.49571 0.01429 0.02571
1 0.30286 0.50619 0.02 0.02381
1 0.31893 0.49048 0.01214 0.02286
1 0.52321 0.54571 0.01357 0.02286
1 0.52643 0.53048 0.01 0.02286
6 0.32571 0.77857 0.05857 0.16667
1 0.265 0.77286 0.01857 0.0219
1 0.30607 0.67333 0.01643 0.01905
1 0.26643 0.70429 0.01714 0.0219
1 0.29 0.73286 0.01571 0.01619
2 0.30536 0.6981 0.01786 0.02667
1 0.29214 0.69 0.01 0.0181
1 0.19 0.58667 0.01857 0.01714
1 0.20821 0.61238 0.01786 0.02095
8 0.22643 0.60429 0.04429 0.03905
1 0.24964 0.56381 0.02214 0.01714
1 0.22 0.56 0.01714 0.02095
1 0.20286 0.55667 0.02 0.01619
4 0.7375 0.28905 0.03786 0.09238
4 0.73179 0.07667 0.035 0.08286
