4 0.24427 0.96157 0.08229 0.11759
4 0.30417 0.90972 0.07396 0.09167
5 0.35911 0.85 0.05885 0.10556
5 0.39115 0.79491 0.06458 0.08611
5 0.41589 0.73148 0.05573 0.07593
4 0.43464 0.6963 0.05781 0.06481
4 0.45365 0.66759 0.05312 0.05556
4 0.46875 0.63472 0.05417 0.05278
4 0.48464 0.60417 0.0526 0.04722
5 0.49844 0.57222 0.04583 0.05
5 0.50911 0.55093 0.03906 0.04074
5 0.51927 0.53565 0.04688 0.04352
4 0.52318 0.51852 0.04427 0.03889
4 0.54089 0.50324 0.0401 0.03426
4 0.54115 0.4838 0.03854 0.0287
4 0.5513 0.4713 0.0349 0.03148
5 0.55807 0.45278 0.03177 0.02778
4 0.56328 0.43194 0.01927 0.0287
5 0.58359 0.40741 0.02552 0.02407
5 0.61224 0.34028 0.01406 0.0213
5 0.62057 0.32593 0.01823 0.02037
5 0.62891 0.31065 0.0099 0.01389
4 0.64609 0.28611 0.00781 0.01111
2 0.65938 0.25185 0.00208 0.00556
10 0.65938 0.25463 0.00208 0.00556
2 0.6625 0.28148 0.00208 0.00926
7 0.6612 0.28333 0.00677 0.00926
4 0.1612 0.35787 0.02031 0.01944
4 0.15104 0.34537 0.01979 0.01852
4 0.18646 0.34815 0.01979 0.01852
4 0.19062 0.33657 0.01979 0.01574
4 0.21797 0.33611 0.02031 0.01667
5 0.25156 0.3213 0.01667 0.01667
5 0.2651 0.30324 0.01771 0.01389
5 0.64687 1.35093 0.16667 0.07593
6 0.64479 1.18426 0.16667 0.19815
5 0.5737 1.09398 0.11615 0.14167
4 0.60495 0.99954 0.12552 0.08981
5 0.61458 0.91065 0.09896 0.09722
5 0.50807 0.91991 0.07031 0.125
4 0.59557 0.78889 0.06823 0.07407
4 0.59271 0.72917 0.07292 0.06389
5 0.63333 0.59583 0.02604 0.04722
5 0.63411 0.54537 0.0349 0.04259
4 0.63958 0.5162 0.03646 0.03611
5 0.64505 0.48056 0.03281 0.03333
5 0.65547 0.43056 0.01615 0.02593
4 0.65859 0.41157 0.02552 0.02315
4 0.65859 0.40046 0.02656 0.02315
4 0.66016 0.38843 0.02552 0.0213
4 0.66979 0.36389 0.01146 0.02037
5 0.66901 0.34861 0.01927 0.02315
4 0.67917 0.32685 0.00833 0.01481
