1 0.30532 0.29035 0.01879 0.05751
1 0.28288 0.13868 0.0167 0.0436
1 0.45851 0.1192 0.01827 0.0436
1 0.5882 0.18878 0.01775 0.05288
1 0.68867 0.23748 0.01722 0.05009
1 0.9358 0.31911 0.02714 0.05937
1 0.6798 0.62477 0.02662 0.07143
1 0.60334 0.4884 0.02401 0.06586
1 0.63518 0.5654 0.02296 0.06586
1 0.62839 0.65863 0.03236 0.06122
1 0.59682 0.65909 0.03079 0.05102
1 0.55663 0.64796 0.02662 0.07143
1 0.47625 0.47449 0.0214 0.06401
1 0.05506 0.19156 0.0214 0.05659
1 0.07933 0.16373 0.02505 0.05659
1 0.11039 0.10853 0.02035 0.06308
1 0.09473 0.10761 0.01514 0.04453
1 0.10647 0.06586 0.01566 0.03896
1 0.0916 0.06494 0.01618 0.05009
1 0.08299 0.0821 0.01566 0.03989
1 0.06602 0.08627 0.01722 0.04267
1 0.06237 0.10343 0.01514 0.03989
1 0.04854 0.10019 0.01253 0.04082
1 0.02818 0.09601 0.01775 0.04917
1 0.02505 0.09323 0.01461 0.04917
1 0.03575 0.08581 0.01722 0.03989
1 0.07307 0.08071 0.0167 0.03896
1 0.08272 0.06308 0.01514 0.04453
1 0.07437 0.06169 0.02035 0.03989
1 0.05402 0.08302 0.01514 0.03432
1 0.0608 0.08024 0.01827 0.04545
1 0.04071 0.06725 0.01461 0.04174
1 0.0321 0.05983 0.01618 0.04174
1 0.01696 0.05983 0.01827 0.04174
1 0.02114 0.05566 0.01931 0.04638
1 0.04332 0.03386 0.0167 0.03618
1 0.00731 0.06169 0.01461 0.04174
1 0.00731 0.03015 0.01461 0.03803
