1 0.47214 0.60694 0.00156 0.00648
4 0.51745 0.5213 0.00365 0.00185
4 0.50885 0.52083 0.00313 0.00278
4 0.51042 0.51991 0.00104 0.00278
4 0.50938 0.52917 0.00104 0.00278
4 0.50573 0.54213 0.00208 0.00463
4 0.50469 0.54769 0.00208 0.00278
4 0.50391 0.55324 0.0026 0.00463
4 0.51745 0.53704 0.00156 0.0037
4 0.51719 0.54583 0.00208 0.00463
4 0.50964 0.63056 0.00573 0.00926
4 0.48542 0.64583 0.00625 0.01019
4 0.46745 0.66667 0.00677 0.01111
4 0.51641 0.70463 0.00781 0.01481
4 0.49089 0.72176 0.00781 0.01759
4 0.51849 0.71759 0.00781 0.01852
4 0.51641 0.73426 0.00885 0.02037
4 0.51901 0.76111 0.00885 0.02037
4 0.51693 0.78333 0.0099 0.02407
4 0.4987 0.78611 0.01094 0.02593
4 0.48047 0.7875 0.01198 0.02685
4 0.51745 0.8037 0.01094 0.02963
4 0.49948 0.81806 0.0125 0.03056
4 0.51615 0.83426 0.01146 0.02778
4 0.51484 0.86806 0.01198 0.03241
4 0.49531 0.8463 0.0125 0.03519
4 0.47734 0.83148 0.01302 0.03148
4 0.45052 0.85417 0.01458 0.03611
4 0.48854 0.88194 0.01458 0.03426
4 0.51354 0.90972 0.01458 0.04167
4 0.48828 0.9287 0.01719 0.05185
4 0.51562 0.95324 0.01458 0.03796
6 0.4612 0.92685 0.02344 0.08519
4 0.43203 0.94676 0.01927 0.05093
6 0.35547 0.94352 0.0276 0.05741
4 0.69453 0.675 0.01094 0.01111
4 0.62031 0.78843 0.01354 0.0213
4 0.59688 0.7713 0.0125 0.02037
4 0.56589 0.79954 0.01198 0.02315
4 0.56849 0.7463 0.01094 0.01852
4 0.58594 0.74352 0.01042 0.01667
4 0.57865 0.72037 0.00937 0.01481
4 0.56615 0.70417 0.00833 0.01389
4 0.57865 0.6963 0.00937 0.01296
4 0.54896 0.68889 0.00729 0.01111
4 0.54844 0.66759 0.00729 0.01111
4 0.56797 0.6625 0.00677 0.01019
4 0.56979 0.64074 0.00625 0.00741
4 0.5513 0.63981 0.00573 0.00926
4 0.54479 0.62269 0.00521 0.00648
1 0.57708 0.62222 0.00208 0.00741
1 0.57552 0.6213 0.00104 0.00741
1 0.58359 0.62083 0.00156 0.00648
1 0.58255 0.61898 0.00156 0.00833
1 0.5862 0.61991 0.00156 0.00833
1 0.58776 0.61944 0.00156 0.00741
1 0.56406 0.60417 0.00208 0.00648
4 0.54922 0.61157 0.00469 0.00833
4 0.55052 0.60324 0.00417 0.00648
6 0.59245 0.63843 0.01406 0.01019
1 0.60781 0.65926 0.00208 0.00926
1 0.59297 0.63009 0.00156 0.01019
1 0.59557 0.63056 0.00156 0.00926
4 0.53698 0.60787 0.00417 0.00833
4 0.5362 0.60185 0.00365 0.00741
4 0.53464 0.58935 0.00365 0.00648
4 0.54245 0.59167 0.00365 0.00556
4 0.55312 0.58611 0.00313 0.00556
4 0.54609 0.57731 0.00365 0.00648
4 0.57891 0.58889 0.0099 0.00741
4 0.57526 0.58611 0.01302 0.00926
4 0.53698 0.56528 0.00313 0.00463
4 0.52969 0.55602 0.00208 0.00463
4 0.54661 0.56157 0.0026 0.00463
4 0.53594 0.5537 0.00208 0.0037
4 0.70937 0.65324 0.0125 0.01019
5 0.6987 0.64815 0.01302 0.00926
4 0.69401 0.64769 0.01198 0.00833
6 0.68672 0.63889 0.01615 0.01667
4 0.60651 0.59352 0.01198 0.00556
4 0.60417 0.61157 0.01042 0.00648
4 0.60156 0.60787 0.01042 0.00648
4 0.60052 0.60602 0.01042 0.00648
4 0.60104 0.60694 0.01042 0.00648
4 0.59896 0.6037 0.01042 0.00556
4 0.59688 0.60139 0.01042 0.00648
4 0.59427 0.59907 0.01042 0.00556
4 0.58594 0.57778 0.00833 0.00556
4 0.58411 0.57593 0.00885 0.00741
4 0.58255 0.57407 0.00885 0.00741
4 0.58151 0.57222 0.00885 0.00741
4 0.57839 0.57083 0.00885 0.00648
4 0.60964 0.57824 0.00573 0.01019
