1 0.28958 0.85324 0.02396 0.08241
1 0.35521 0.65602 0.01146 0.06204
1 0.38724 0.67037 0.01406 0.0537
1 0.37917 0.55093 0.01146 0.05185
1 0.4276 0.57037 0.01146 0.05
2 0.46875 0.55926 0.01562 0.0463
1 0.35313 0.52546 0.00937 0.04352
1 0.48307 0.525 0.00885 0.03889
1 0.4776 0.52917 0.00729 0.03056
1 0.46536 0.52731 0.00885 0.03426
1 0.44375 0.50833 0.00937 0.04074
1 0.44141 0.53796 0.00781 0.04259
1 0.43229 0.5463 0.01146 0.04074
2 0.44427 0.55185 0.00937 0.02037
1 0.46432 0.45046 0.00781 0.03611
2 0.39505 0.56019 0.01302 0.03704
2 0.29036 0.5 0.01198 0.02593
2 0.29661 0.5088 0.01198 0.025
1 0.34922 0.45926 0.0099 0.04074
1 0.37161 0.44259 0.00573 0.02222
2 0.41406 0.42593 0.00729 0.01852
2 0.39922 0.49213 0.0099 0.02315
2 0.39219 0.35463 0.01042 0.02407
2 0.38307 0.42685 0.00781 0.01481
2 0.41849 0.45556 0.00677 0.02407
1 0.42682 0.48148 0.00573 0.02593
1 0.48932 0.25463 0.00365 0.01296
1 0.48542 0.25185 0.00313 0.01667
1 0.72214 0.49769 0.01302 0.03981
2 0.3237 0.51991 0.01198 0.02315
2 0.32656 0.52685 0.00729 0.01667
