4 0.12786 0.86898 0.08385 0.20648
4 0.23281 0.86296 0.075 0.21852
4 0.33255 0.84769 0.08385 0.24907
4 0.42656 0.84676 0.08542 0.25093
4 0.03229 0.77824 0.06458 0.13241
4 0.02786 0.43657 0.05573 0.11574
4 0.16771 0.22824 0.06146 0.20093
4 0.27474 0.26852 0.06927 0.22778
4 0.46432 0.05324 0.12552 0.10278
4 0.4862 0.16204 0.12344 0.12037
4 0.51172 0.25417 0.12135 0.11204
4 0.50156 0.37315 0.12708 0.12037
5 0.6276 0.65694 0.17604 0.16944
5 0.52187 0.86574 0.09479 0.21296
6 0.02839 0.57824 0.05677 0.16759
5 0.26693 0.07269 0.06198 0.14352
