4 0.54063 0.89167 0.0875 0.16111
4 0.11615 0.84769 0.1 0.1213
4 0.0375 0.76204 0.07083 0.10926
4 0.07031 0.57824 0.07812 0.10093
4 0.14453 0.65972 0.07865 0.09537
4 0.22786 0.71991 0.08385 0.10833
4 0.27917 0.67917 0.07812 0.08611
4 0.33021 0.63287 0.06667 0.10463
4 0.5263 0.70324 0.0526 0.14167
4 0.54479 0.56111 0.04375 0.13519
4 0.35677 0.54306 0.08125 0.06759
4 0.37448 0.46898 0.07812 0.06019
4 0.41172 0.34537 0.06927 0.08519
4 0.59062 0.36111 0.04375 0.1037
4 0.60781 0.24722 0.04896 0.06852
4 0.62682 0.16065 0.03073 0.09537
4 0.64141 0.08935 0.03594 0.08241
4 0.66927 0.02824 0.05312 0.04907
4 0.42552 0.28843 0.05833 0.07315
4 0.43958 0.24398 0.06563 0.08611
4 0.45417 0.21065 0.05312 0.06574
4 0.47135 0.18056 0.06563 0.07778
4 0.48828 0.125 0.05885 0.0537
4 0.4987 0.08102 0.05156 0.04907
4 0.51589 0.03056 0.0599 0.04815
