1 0.22964 0.00857 0.00357 0.01143
1 0.23393 0.01 0.00214 0.00667
1 0.23571 0.00762 0.00286 0.01143
4 0.15143 0.00524 0.01143 0.01048
6 0.1475 0.01476 0.01071 0.01619
6 0.13536 0.06905 0.01214 0.02
5 0.13107 0.08286 0.01357 0.02286
4 0.11536 0.15429 0.01786 0.02095
4 0.10536 0.19429 0.01929 0.02476
4 0.1 0.22476 0.01714 0.02286
10 0.04357 0.01667 0.01143 0.00857
10 0.0425 0.02 0.01357 0.00762
10 0.03964 0.02333 0.01214 0.00857
10 0.03536 0.02857 0.01357 0.00762
10 0.03357 0.03476 0.01143 0.01048
10 0.0075 0.07571 0.01214 0.01048
4 0.21714 0.02429 0.02143 0.01048
4 0.21393 0.02952 0.02357 0.01143
4 0.20786 0.07 0.02 0.01429
4 0.20893 0.09619 0.01929 0.01333
10 0.21536 0.11667 0.01071 0.01048
1 0.21214 0.16429 0.00429 0.01619
10 0.20929 0.17762 0.01571 0.01048
4 0.19857 0.19429 0.03143 0.02095
1 0.26643 0.3 0.00714 0.02286
10 0.21 0.23524 0.01571 0.01333
10 0.21143 0.24143 0.01714 0.01048
4 0.22821 0.26286 0.045 0.02476
4 0.19607 0.27048 0.03214 0.01905
4 0.20714 0.28429 0.03143 0.0219
4 0.1925 0.36857 0.035 0.01714
10 0.21321 0.39762 0.01929 0.01619
10 0.20929 0.40476 0.02 0.01714
4 0.08 0.30238 0.02429 0.03905
4 0.07071 0.33238 0.02714 0.04381
4 0.05964 0.37571 0.02786 0.04286
4 0.05179 0.42048 0.03214 0.04667
4 0.03786 0.47571 0.03286 0.04857
10 0.205 0.47762 0.02429 0.02381
10 0.18429 0.49762 0.02143 0.01619
4 0.1725 0.52 0.065 0.04381
10 0.18929 0.53476 0.02429 0.0219
4 0.17821 0.58429 0.06643 0.05048
4 0.17857 0.6581 0.07857 0.04762
6 0.17429 0.70143 0.09143 0.06
6 0.01286 0.5819 0.02571 0.11048
4 0.41821 0.63238 0.05214 0.06476
4 0.45571 0.61476 0.05286 0.05619
1 0.28964 0.96095 0.01357 0.03238
4 0.57214 0.96143 0.08286 0.06952
4 0.67214 0.92571 0.08714 0.07238
10 0.48107 0.59143 0.01786 0.03238
10 0.49679 0.58714 0.01786 0.02952
10 0.51357 0.58238 0.01 0.02381
10 0.53143 0.58048 0.01714 0.03143
10 0.54786 0.57952 0.01286 0.02952
10 0.59214 0.58381 0.02429 0.02476
1 0.60179 0.59857 0.00786 0.0219
2 0.59571 0.60571 0.00857 0.01714
10 0.59429 0.61095 0.01571 0.03333
10 0.59214 0.56286 0.02143 0.02667
10 0.6325 0.58095 0.01643 0.03238
10 0.63679 0.55095 0.00643 0.02952
10 0.66 0.54333 0.01571 0.03143
10 0.67179 0.54143 0.01643 0.02952
10 0.6875 0.57095 0.02357 0.03143
10 0.7 0.56381 0.02 0.02857
10 0.70321 0.54 0.01786 0.02857
10 0.715 0.53524 0.02 0.02857
10 0.72321 0.52762 0.01643 0.02667
10 0.73679 0.52524 0.02214 0.02952
10 0.75143 0.52381 0.01857 0.02857
10 0.76179 0.52524 0.02214 0.02762
10 0.76357 0.51381 0.01714 0.02381
10 0.7775 0.51381 0.01786 0.02952
10 0.79393 0.51048 0.015 0.02857
10 0.7875 0.55476 0.025 0.02571
10 0.8025 0.54905 0.025 0.02762
10 0.81179 0.54095 0.02214 0.02667
1 0.82107 0.53143 0.00929 0.02095
10 0.81036 0.50905 0.02071 0.02571
10 0.81571 0.50762 0.01714 0.01905
10 0.84036 0.49952 0.02071 0.02381
10 0.84393 0.52905 0.02071 0.02952
10 0.87071 0.54952 0.02429 0.03048
10 0.88679 0.55048 0.025 0.02667
10 0.87321 0.52048 0.02643 0.02762
10 0.84929 0.49714 0.01714 0.02476
10 0.86107 0.49143 0.01643 0.02857
10 0.90036 0.54476 0.02214 0.02667
10 0.92607 0.55381 0.02643 0.02762
10 0.89893 0.52667 0.02357 0.02857
10 0.8975 0.51429 0.02643 0.02667
10 0.90571 0.50762 0.02429 0.02667
10 0.89607 0.48286 0.02357 0.02286
10 0.905 0.48238 0.01571 0.02381
10 0.92286 0.50762 0.02286 0.02857
10 0.93714 0.50952 0.02143 0.02667
10 0.94607 0.50429 0.02071 0.02381
10 0.95786 0.50333 0.02143 0.02571
10 0.92107 0.48333 0.01786 0.02571
8 0.93571 0.48048 0.02571 0.02952
3 0.95571 0.4681 0.01571 0.02
1 0.6625 0.42619 0.00786 0.02381
2 0.66536 0.42048 0.00357 0.00857
2 0.7575 0.43476 0.00786 0.01048
1 0.75357 0.43143 0.01143 0.02667
1 0.75393 0.42048 0.00643 0.02
5 0.59107 0.76381 0.03929 0.08381
4 0.6275 0.75714 0.03929 0.08381
4 0.855 0.85714 0.08571 0.06857
4 0.93821 0.82619 0.07929 0.0619
10 0.94179 0.75571 0.02643 0.03905
10 0.95536 0.74714 0.025 0.04476
10 0.97179 0.74048 0.02071 0.04857
10 0.99179 0.73095 0.01643 0.03905
2 0.95321 0.13857 0.00786 0.01048
10 0.95321 0.14286 0.01214 0.01143
4 0.95643 0.13048 0.03143 0.02095
1 0.94464 0.1981 0.005 0.01714
1 0.94464 0.18429 0.00643 0.01619
2 0.93857 0.19048 0.00429 0.01524
10 0.93821 0.19381 0.015 0.01238
10 0.93821 0.25143 0.015 0.01905
10 0.9575 0.23952 0.01071 0.01429
10 0.95107 0.23667 0.015 0.01238
10 0.94679 0.23238 0.01357 0.01143
10 0.96929 0.21333 0.01143 0.01333
10 0.96357 0.21619 0.01286 0.01714
10 0.95179 0.21762 0.01214 0.01429
10 0.94286 0.21857 0.01286 0.01238
10 0.93714 0.22048 0.01286 0.01619
10 0.92929 0.22095 0.01 0.01714
10 0.92393 0.22095 0.01071 0.01714
10 0.91679 0.22095 0.00929 0.01714
10 0.90321 0.22571 0.015 0.01333
10 0.8975 0.22286 0.01357 0.01143
10 0.8925 0.2181 0.01357 0.01333
10 0.85536 0.19 0.015 0.01238
10 0.85179 0.18667 0.015 0.01333
10 0.845 0.17952 0.01429 0.01429
10 0.84107 0.17429 0.01357 0.01333
10 0.84 0.16667 0.01286 0.01143
10 0.83714 0.16333 0.01286 0.01048
10 0.83429 0.15952 0.01714 0.01238
10 0.91107 0.17429 0.01357 0.01333
4 0.88893 0.16429 0.035 0.0181
4 0.85607 0.14619 0.03214 0.0181
4 0.85 0.13429 0.03143 0.01714
4 0.83 0.12381 0.02857 0.01714
2 0.88071 0.09381 0.00571 0.01238
10 0.88107 0.0981 0.00929 0.01143
4 0.905 0.13714 0.02857 0.02667
10 0.92643 0.15667 0.00714 0.0181
4 0.91321 0.1519 0.00929 0.01048
4 0.90786 0.14857 0.01143 0.00762
4 0.90429 0.14714 0.01 0.00857
5 0.83393 0.09143 0.03357 0.02476
4 0.85179 0.07048 0.02214 0.01714
2 0.75643 0.3081 0.00571 0.01429
1 0.78321 0.20857 0.00643 0.01905
