4 0.35179 0.92095 0.06071 0.1581
4 0.36464 0.77429 0.04786 0.12571
4 0.3725 0.63429 0.04357 0.11238
4 0.38714 0.53143 0.03857 0.08
4 0.43429 0.38905 0.03143 0.06952
4 0.395 0.37619 0.03 0.06095
4 0.44786 0.20667 0.02286 0.04381
4 0.41143 0.20857 0.02286 0.04
4 0.42321 0.09619 0.01929 0.03429
4 0.42821 0.05333 0.01643 0.02857
4 0.42857 0.03143 0.01571 0.02095
4 0.49464 0.02762 0.01643 0.02667
4 0.49643 0.07619 0.01857 0.03238
4 0.50071 0.13667 0.02 0.03714
4 0.41857 0.14429 0.02 0.03524
4 0.41714 0.17524 0.02143 0.04
5 0.50429 0.19048 0.02429 0.04
5 0.39179 0.4381 0.03071 0.0781
5 0.52714 0.49238 0.04 0.10476
4 0.57964 0.56476 0.03929 0.08381
4 0.55643 0.89524 0.04714 0.14857
4 0.535 0.58524 0.03714 0.08095
1 0.64393 0.71762 0.01786 0.03714
5 0.50214 0.60952 0.03714 0.08571
4 0.53179 0.07762 0.01929 0.03714
4 0.56429 0.27333 0.05429 0.03238
4 0.59571 0.31762 0.06429 0.03905
4 0.525 0.05857 0.01571 0.02952
4 0.59107 0.35143 0.06071 0.04952
4 0.62036 0.39095 0.05357 0.04095
1 0.6125 0.42714 0.01214 0.03143
1 0.73536 0.55905 0.015 0.03048
1 0.66929 0.35571 0.01143 0.02762
1 0.60286 0.17762 0.01 0.02571
1 0.56 0.12714 0.00857 0.02381
1 0.55357 0.13524 0.00857 0.02476
1 0.5425 0.21 0.00929 0.02571
2 0.47714 0.07381 0.00714 0.0181
10 0.47679 0.07762 0.00643 0.02
1 0.55 0.07667 0.00714 0.02381
1 0.54214 0.02048 0.00714 0.0181
1 0.53107 0.03333 0.005 0.02095
1 0.53571 0.03286 0.00571 0.0219
1 0.61964 0.16476 0.00643 0.02476
1 0.5175 0.1819 0.00643 0.02667
1 0.53179 0.19095 0.00643 0.02762
10 0.58786 0.14 0.01714 0.02667
10 0.61893 0.25095 0.00643 0.02762
10 0.63679 0.25524 0.01071 0.03048
11 0.5375 0.24333 0.02214 0.02571
10 0.56071 0.03048 0.01571 0.01714
10 0.59036 0.05667 0.015 0.01429
2 0.57179 0.05095 0.00786 0.01619
2 0.52714 0.17524 0.00429 0.02095
10 0.52607 0.17714 0.01643 0.01333
2 0.53107 0.17429 0.005 0.01524
7 0.61464 0.22714 0.01071 0.0219
10 0.60036 0.19571 0.02214 0.0181
10 0.6025 0.20238 0.02071 0.01619
10 0.68679 0.47667 0.02643 0.0219
10 0.68357 0.4619 0.02857 0.02095
10 0.67107 0.37714 0.02214 0.02286
7 0.63321 0.36286 0.02929 0.02667
7 0.56929 0.0619 0.01571 0.01905
1 0.95 0.65762 0.02143 0.03143
1 0.93214 0.59571 0.01857 0.03333
4 0.095 0.42571 0.07571 0.06667
1 0.15571 0.35476 0.01571 0.03143
4 0.03786 0.68429 0.07429 0.12286
