5 0.55575 0.696 0.1665 0.15467
5 0.652 0.89033 0.145 0.21933
5 0.48875 0.842 0.2105 0.15067
5 0.4045 0.971 0.233 0.058
3 0.249 0.85233 0.075 0.062
3 0.971 0.696 0.058 0.052
3 0.91125 0.563 0.0615 0.04867
1 0.913 0.38567 0.037 0.05667
1 0.9105 0.35467 0.034 0.05867
1 0.8625 0.26667 0.03 0.05733
1 0.65675 0.45 0.0265 0.05467
1 0.7325 0.41633 0.03 0.05933
10 0.4295 0.657 0.032 0.09533
2 0.347 0.609 0.022 0.04333
2 0.4045 0.60267 0.029 0.04267
1 0.31 0.43533 0.018 0.06267
1 0.27575 0.35267 0.0225 0.05733
1 0.29975 0.33267 0.0225 0.056
1 0.373 0.352 0.017 0.06133
1 0.449 0.35833 0.019 0.05133
1 0.4735 0.35033 0.019 0.06067
1 0.48625 0.39433 0.0225 0.06333
1 0.5 0.41067 0.01 0.036
1 0.49025 0.37333 0.0165 0.06267
1 0.13325 0.36333 0.0215 0.064
1 0.107 0.38067 0.028 0.06267
