1 0.02917 0.43426 0.00729 0.02037
1 0.0612 0.56296 0.00781 0.01852
1 0.08281 0.62731 0.00729 0.01944
1 0.05495 0.72176 0.00885 0.01389
1 0.10859 0.23843 0.00469 0.01574
1 0.12396 0.24676 0.00313 0.01574
1 0.14036 0.2088 0.00573 0.01574
1 0.14297 0.2088 0.0026 0.01204
1 0.15078 0.20417 0.00469 0.01389
1 0.13542 0.13935 0.00313 0.01574
1 0.15182 0.14491 0.00365 0.01389
5 0.1513 0.07685 0.01198 0.01852
4 0.16016 0.09676 0.0099 0.02315
4 0.17005 0.15833 0.0099 0.02222
0 0.14297 0.14167 0.0026 0.00926
5 0.16979 0.19167 0.01042 0.02222
4 0.38776 0.01759 0.00781 0.01296
6 0.37943 0.04352 0.01198 0.03148
4 0.35833 0.11713 0.00833 0.01944
4 0.32865 0.13102 0.00833 0.01944
5 0.41536 0.04954 0.00885 0.0213
4 0.48203 0.13796 0.00885 0.02222
4 0.44323 0.05833 0.00833 0.02037
4 0.46198 0.0537 0.00833 0.01852
4 0.39323 0.2 0.01042 0.02593
5 0.41589 0.19398 0.0099 0.03426
4 0.51927 0.01435 0.00729 0.01574
5 0.51432 0.0375 0.00781 0.01759
4 0.51198 0.06111 0.00833 0.01852
9 0.50156 0.11852 0.01875 0.07222
9 0.63932 0.01204 0.0099 0.02407
1 0.64271 0.08102 0.00313 0.01019
4 0.67656 0.10231 0.01354 0.0213
4 0.53724 0.70509 0.0276 0.03796
9 0.71589 0.25833 0.02656 0.08519
5 0.54245 0.64213 0.0349 0.03611
4 0.53854 0.61296 0.03333 0.03333
4 0.53646 0.58472 0.03333 0.03056
11 0.60859 0.5662 0.02448 0.08241
6 0.60469 0.46389 0.02396 0.10185
6 0.60339 0.36713 0.02344 0.09352
10 0.5401 0.50046 0.01875 0.0213
10 0.53932 0.5162 0.00573 0.02315
5 0.5487 0.46898 0.02656 0.04537
5 0.55 0.41296 0.025 0.03704
5 0.55052 0.38287 0.02604 0.04167
5 0.55104 0.33472 0.025 0.03426
5 0.5487 0.35556 0.02448 0.03519
11 0.55 0.30463 0.01771 0.03704
4 0.54766 0.43796 0.02552 0.03889
2 0.64141 0.12917 0.00469 0.01019
2 0.64089 0.125 0.00365 0.01111
4 0.61354 0.2588 0.01354 0.02315
4 0.59167 0.27778 0.01146 0.02593
5 0.5599 0.26019 0.01354 0.03148
5 0.57448 0.26806 0.01146 0.025
6 0.57292 0.16713 0.0125 0.03426
4 0.55234 0.16389 0.0099 0.02222
10 0.34974 0.275 0.00365 0.01667
2 0.34974 0.27269 0.00365 0.01389
4 0.36927 0.25463 0.01042 0.02778
5 0.41927 0.26944 0.01146 0.03333
5 0.4362 0.28796 0.01198 0.04074
5 0.43854 0.37593 0.0125 0.04074
5 0.45625 0.34306 0.01146 0.04352
6 0.48411 0.25602 0.01823 0.05648
9 0.48021 0.33333 0.025 0.11111
5 0.44141 0.45278 0.01302 0.05
4 0.47526 0.42083 0.01198 0.04167
4 0.4638 0.45602 0.01198 0.04537
5 0.47526 0.52917 0.01615 0.04907
4 0.43229 0.51852 0.01458 0.04074
4 0.38932 0.52361 0.01406 0.05093
5 0.4724 0.61157 0.01667 0.06019
4 0.44583 0.63148 0.01562 0.06111
9 0.48229 0.6963 0.02604 0.06481
