4 0.72425 0.72767 0.0245 0.04733
4 0.74725 0.73233 0.0225 0.042
4 0.7725 0.72967 0.021 0.03
4 0.81175 0.736 0.0235 0.04533
4 0.844 0.736 0.029 0.04533
4 0.953 0.776 0.053 0.03067
4 0.7255 0.814 0.024 0.04
4 0.75125 0.81867 0.0265 0.04533
4 0.77825 0.81867 0.0285 0.048
4 0.8035 0.81767 0.025 0.04067
4 0.83075 0.821 0.0255 0.038
4 0.8555 0.826 0.03 0.04933
4 0.88325 0.82667 0.0295 0.044
4 0.90925 0.82967 0.0315 0.04867
4 0.9325 0.82967 0.032 0.046
4 0.931 0.885 0.036 0.05267
4 0.98225 0.83033 0.0335 0.05133
4 0.981 0.88733 0.036 0.07867
4 0.90375 0.88133 0.0365 0.05467
4 0.873 0.879 0.032 0.05133
4 0.8475 0.87567 0.034 0.05
4 0.82 0.872 0.029 0.04933
4 0.7915 0.86767 0.029 0.054
4 0.76375 0.867 0.0305 0.046
4 0.73925 0.863 0.0295 0.05133
4 0.685 0.847 0.018 0.05267
0 0.3165 0.28633 0.072 0.03533
0 0.5185 0.084 0.041 0.04533
0 0.4985 0.12767 0.052 0.04333
0 0.48475 0.176 0.0725 0.044
0 0.43675 0.201 0.0195 0.03667
0 0.41175 0.24367 0.0285 0.04867
4 0.44125 0.24333 0.0055 0.008
4 0.42825 0.25733 0.0085 0.00933
4 0.42225 0.28567 0.0075 0.00867
4 0.467 0.25333 0.007 0.00933
4 0.4805 0.217 0.005 0.00467
4 0.40475 0.326 0.0095 0.01467
4 0.384 0.293 0.01 0.01
4 0.3725 0.31167 0.008 0.01267
4 0.36725 0.322 0.0085 0.01067
4 0.36025 0.334 0.0115 0.012
4 0.351 0.35067 0.009 0.012
4 0.34325 0.36333 0.0115 0.01333
4 0.32925 0.38833 0.0125 0.01533
4 0.4275 0.376 0.01 0.016
4 0.3785 0.48833 0.014 0.018
4 0.414 0.49933 0.02 0.02133
4 0.3315 0.53367 0.017 0.02467
4 0.2985 0.56367 0.03 0.01667
4 0.2635 0.60733 0.019 0.03333
4 0.23 0.73367 0.025 0.04467
4 0.3785 0.82767 0.019 0.042
4 0.16075 0.874 0.0355 0.06267
4 0.07175 0.84667 0.0335 0.03733
4 0.34275 0.989 0.0375 0.022
4 0.0125 0.95367 0.022 0.05133
4 0.10225 0.788 0.0325 0.05333
4 0.13225 0.73833 0.0315 0.04467
4 0.17625 0.663 0.0335 0.034
4 0.391 0.76933 0.026 0.03867
4 0.43425 0.641 0.0265 0.03267
4 0.39775 0.73 0.0225 0.04
4 0.3975 0.85333 0.02 0.03333
4 0.38575 0.59167 0.0225 0.022
4 0.31325 0.41767 0.0135 0.018
4 0.30375 0.435 0.0135 0.018
4 0.294 0.44967 0.013 0.018
4 0.2855 0.465 0.014 0.01933
4 0.456 0.46167 0.011 0.01933
4 0.46 0.44533 0.013 0.01467
4 0.46025 0.431 0.0115 0.014
4 0.464 0.41733 0.01 0.01467
4 0.467 0.40367 0.01 0.01267
4 0.47425 0.37967 0.0105 0.01133
4 0.475 0.36933 0.009 0.01333
4 0.471 0.39133 0.012 0.016
4 0.47825 0.34667 0.0075 0.01067
4 0.48125 0.33967 0.0085 0.01133
4 0.44875 0.361 0.0105 0.014
4 0.48325 0.30667 0.0055 0.012
4 0.26525 0.56033 0.0155 0.02333
2 0.10025 0.84733 0.0095 0.012
3 0.0995 0.85967 0.014 0.014
10 0.43 0.90867 0.012 0.028
1 0.42525 0.83067 0.0065 0.02267
1 0.43875 0.75933 0.0065 0.02
1 0.44925 0.76233 0.0085 0.022
1 0.463 0.75567 0.007 0.01933
2 0.19425 0.609 0.0045 0.00867
2 0.23175 0.59 0.0045 0.00933
2 0.212 0.58333 0.005 0.00933
3 0.1945 0.617 0.009 0.006
2 0.42175 0.532 0.0055 0.00933
2 0.42925 0.54233 0.0045 0.01
2 0.42875 0.57333 0.0045 0.008
2 0.39125 0.60667 0.0045 0.00933
3 0.3905 0.61233 0.01 0.01
3 0.429 0.57933 0.007 0.00667
3 0.42125 0.53933 0.0045 0.00667
3 0.42925 0.55133 0.0055 0.00667
0 0.44025 0.49933 0.0215 0.04267
0 0.4415 0.453 0.007 0.01267
0 0.331 0.405 0.012 0.01667
0 0.3545 0.392 0.009 0.01333
0 0.78325 0.28267 0.0205 0.00667
4 0.76275 0.26233 0.0165 0.01
4 0.75875 0.25567 0.0155 0.00867
4 0.756 0.251 0.013 0.00733
4 0.71525 0.36567 0.0125 0.014
4 0.72925 0.366 0.0115 0.016
4 0.73975 0.36667 0.0095 0.01333
6 0.67825 0.381 0.0305 0.02333
