4 0.49786 0.84708 0.02143 0.05457
4 0.20107 0.77538 0.03786 0.04061
4 0.37036 0.72589 0.03357 0.03046
4 0.13714 0.73668 0.02714 0.03173
4 0.105 0.72398 0.03143 0.03426
4 0.03179 0.72779 0.03643 0.03426
4 0.52429 0.54188 0.02 0.03807
4 0.49179 0.58439 0.02214 0.0368
4 0.4825 0.62754 0.01929 0.03934
4 0.52571 0.46891 0.01429 0.02919
4 0.56393 0.42322 0.015 0.02919
4 0.59071 0.39911 0.01714 0.0368
4 0.54571 0.40609 0.01571 0.03553
4 0.57893 0.37183 0.01214 0.03299
9 0.56179 0.36294 0.02214 0.06091
4 0.61 0.34074 0.01714 0.03173
4 0.59321 0.3382 0.015 0.03934
4 0.60607 0.30647 0.015 0.02919
4 0.61429 0.27855 0.01143 0.02919
4 0.60036 0.27094 0.01357 0.03173
4 0.64071 0.27348 0.01429 0.02665
4 0.63429 0.25635 0.01143 0.02284
4 0.64107 0.22652 0.01071 0.02411
4 0.61857 0.25 0.01143 0.02538
4 0.62821 0.20876 0.01214 0.02665
9 0.60786 0.21066 0.02714 0.06599
4 0.74 0.07868 0.00714 0.02284
4 0.72964 0.07234 0.00929 0.02792
4 0.71357 0.07868 0.00714 0.02284
4 0.70143 0.07107 0.01 0.03046
4 0.70679 0.04886 0.01071 0.02665
4 0.70929 0.02982 0.01286 0.02157
4 0.73464 0.03299 0.01214 0.0203
4 0.74464 0.05647 0.015 0.0165
4 0.75357 0.03109 0.00714 0.03426
4 0.81464 0.18401 0.02643 0.02284
4 0.87179 0.16688 0.02929 0.02411
4 0.92071 0.17576 0.02714 0.02665
4 0.85036 0.20939 0.02929 0.02284
4 0.81571 0.21447 0.02286 0.02538
6 0.8025 0.29442 0.01643 0.06091
6 0.78786 0.29505 0.01429 0.05711
6 0.77143 0.29759 0.01714 0.04949
6 0.82036 0.28871 0.01643 0.05457
6 0.83714 0.28807 0.01429 0.0533
6 0.85214 0.27982 0.01429 0.06218
1 0.15821 0.74302 0.00786 0.02157
10 0.58 0.20876 0.01143 0.02411
