1 0.06953 0.17037 0.02448 0.0537
1 0.06094 0.18981 0.01667 0.05
1 0.1237 0.1912 0.01302 0.04907
1 0.24219 0.39537 0.01458 0.04444
4 0.18932 0.3588 0.0526 0.14352
1 0.17292 0.32361 0.00625 0.02685
4 0.13646 0.61157 0.06354 0.1787
4 0.32005 0.63843 0.0526 0.18056
4 0.08516 0.87083 0.08802 0.19907
4 0.27839 0.91667 0.05365 0.10556
10 0.4487 0.27546 0.0224 0.05278
2 0.44948 0.25741 0.01042 0.03519
3 0.46458 0.36343 0.01354 0.06944
1 0.47865 0.35556 0.00937 0.04444
7 0.54531 0.1787 0.03854 0.05
4 0.63099 0.17315 0.08177 0.08333
4 0.61406 0.37315 0.08229 0.13704
1 0.59896 0.26713 0.01562 0.04907
1 0.61745 0.28657 0.01198 0.04167
1 0.60521 0.2963 0.01146 0.04259
4 0.57526 0.43194 0.07656 0.13981
4 0.43984 0.57963 0.05052 0.16296
4 0.70573 0.18148 0.04375 0.06667
10 0.59505 0.57824 0.03073 0.04352
10 0.60443 0.62222 0.03802 0.03704
9 0.44271 0.81759 0.07187 0.3037
9 0.04583 0.08565 0.09167 0.13426
