10 0.11321 0.8619 0.02357 0.01714
1 0.08786 0.8919 0.01571 0.03143
10 0.19857 0.96571 0.02714 0.05333
10 0.24357 0.96952 0.02286 0.05333
1 0.10464 0.98429 0.01786 0.02952
2 0.19536 0.96 0.015 0.03238
2 0.2425 0.96619 0.01214 0.02762
2 0.205 0.95524 0.01143 0.03048
2 0.24857 0.9619 0.01143 0.03619
10 0.55357 0.19143 0.01286 0.01143
10 0.56893 0.21857 0.01214 0.01429
4 0.51143 0.72 0.04857 0.08952
4 0.46929 0.82952 0.05714 0.10286
4 0.42179 0.94762 0.06357 0.10476
4 0.64643 0.62619 0.04143 0.1
4 0.67036 0.31571 0.02357 0.03333
4 0.71071 0.20905 0.01714 0.02571
4 0.72429 0.17952 0.01714 0.0219
1 0.62 0.2119 0.00429 0.01619
4 0.73464 0.12095 0.01214 0.02095
4 0.75214 0.10571 0.01286 0.01524
6 0.78607 0.05857 0.01071 0.0181
4 0.88786 0.13095 0.01857 0.01238
