4 0.80885 0.84907 0.14062 0.14259
6 0.51484 0.65556 0.0849 0.31111
1 0.74844 0.61898 0.025 0.0713
4 0.46432 0.3162 0.08385 0.06759
5 0.43724 0.48194 0.1099 0.1213
7 0.04635 0.21898 0.04375 0.04352
10 0.05625 0.19491 0.01458 0.025
10 0.0849 0.16667 0.01354 0.03333
7 0.06953 0.27546 0.04323 0.04352
7 0.10755 0.25509 0.03594 0.03981
6 0.35234 0.37546 0.08281 0.08241
4 0.29661 0.06296 0.03906 0.02778
4 0.43125 0.07222 0.02917 0.03704
1 0.46667 0.15926 0.00521 0.04074
1 0.48151 0.1537 0.00573 0.03519
1 0.46875 0.1463 0.00625 0.03889
10 0.52083 0.16667 0.01667 0.02407
9 0.53229 0.1287 0.0875 0.06852
4 0.51328 0.09398 0.02031 0.02685
10 0.73828 0.51759 0.02031 0.03704
2 0.66068 0.58241 0.02031 0.0537
2 0.68281 0.59398 0.02083 0.04907
2 0.46589 0.63333 0.02031 0.04074
