1 0.18438 0.73843 0.00729 0.01204
1 0.23438 0.4625 0.00313 0.01204
1 0.23203 0.46296 0.0026 0.01296
1 0.24297 0.26991 0.0026 0.01204
1 0.27995 0.15556 0.0026 0.01111
1 0.27656 0.15324 0.00208 0.01019
1 0.27448 0.15231 0.00208 0.01019
1 0.25573 0.28472 0.00521 0.02315
4 0.32005 0.83981 0.02552 0.10926
4 0.38307 0.38472 0.01615 0.04352
10 0.32422 0.36759 0.00573 0.02593
4 0.39505 0.15648 0.0099 0.02593
4 0.37526 0.16481 0.01406 0.03704
4 0.32266 0.05741 0.00885 0.01667
10 0.375 0.04537 0.00417 0.01852
2 0.375 0.04028 0.00208 0.00833
2 0.43411 0.48009 0.00469 0.01389
10 0.43203 0.4912 0.01198 0.04167
1 0.42031 0.3125 0.00417 0.025
10 0.40833 0.22037 0.00417 0.02037
2 0.40833 0.21435 0.00313 0.01019
1 0.44036 0.19907 0.00365 0.01667
1 0.45729 0.225 0.00313 0.01667
4 0.40625 0.04398 0.01042 0.01759
4 0.48151 0.28194 0.0099 0.02685
1 0.4862 0.37824 0.00365 0.01574
1 0.47318 0.44722 0.00365 0.02222
1 0.45469 0.74583 0.00521 0.02685
