6,0.9893229166666667,1.0472222222222223,0.0703125,0.06481481481481481
2,1.0190104166666667,1.0333333333333334,0.008854166666666666,0.018518518518518517
4,0.9236979166666667,1.0407407407407407,0.0546875,0.04259259259259259
5,0.9997395833333333,1.2087962962962964,0.0484375,0.05277777777777778
2,0.9752604166666666,1.1569444444444446,0.0109375,0.023148148148148147
10,0.9760416666666667,1.1675925925925925,0.020833333333333332,0.018518518518518517
4,0.9354166666666667,1.2087962962962964,0.046875,0.07314814814814814
4,0.8893229166666666,1.200925925925926,0.0421875,0.07592592592592592
4,0.86328125,1.0430555555555556,0.049479166666666664,0.03981481481481482
4,0.8268229166666666,1.2032407407407408,0.05572916666666667,0.06018518518518518
5,0.734375,1.3523148148148147,0.05625,0.062037037037037036
4,0.7403645833333333,1.2055555555555555,0.0546875,0.07592592592592592
5,0.69375,1.1949074074074073,0.04583333333333333,0.08611111111111111
5,0.74609375,1.1245370370370371,0.04739583333333333,0.05092592592592592
4,0.7588541666666667,1.052314814814815,0.04895833333333333,0.058333333333333334
4,0.70390625,1.0412037037037036,0.04739583333333333,0.04537037037037037
4,0.6190104166666667,1.05,0.0421875,0.05
4,0.57578125,1.049074074074074,0.0453125,0.04814814814814815
4,0.5338541666666666,1.0486111111111112,0.041666666666666664,0.05462962962962963
4,0.51015625,1.2199074074074074,0.0546875,0.04537037037037037
4,0.47760416666666666,1.0472222222222223,0.04479166666666667,0.05185185185185185
4,0.4609375,1.0888888888888888,0.05,0.044444444444444446
4,0.42265625,1.048148148148148,0.034895833333333334,0.05740740740740741
1,0.3854166666666667,0.9814814814814815,0.005208333333333333,0.024074074074074074
1,0.3854166666666667,0.9527777777777777,0.003125,0.012962962962962963
2,0.39375,0.9472222222222222,0.004166666666666667,0.012962962962962963
1,0.3294270833333333,0.9439814814814815,0.0067708333333333336,0.023148148148148147
6,0.21953125,0.6680555555555555,0.03697916666666667,0.03425925925925926
4,0.3802083333333333,1.0486111111111112,0.03229166666666667,0.058333333333333334
5,0.346875,1.0472222222222223,0.028125,0.053703703703703705
4,0.31328125,1.0546296296296296,0.0328125,0.05555555555555555
4,0.2986979166666667,1.2060185185185186,0.05364583333333333,0.07314814814814814
5,0.26796875,1.048148148148148,0.0359375,0.05185185185185185
4,0.2265625,1.049074074074074,0.036458333333333336,0.053703703703703705
4,0.1765625,1.0462962962962963,0.0375,0.04814814814814815
4,0.13723958333333333,1.0574074074074074,0.034895833333333334,0.05555555555555555
6,0.20755208333333333,1.2092592592592593,0.0671875,0.06851851851851852
4,0.146875,1.2027777777777777,0.06041666666666667,0.05555555555555555
4,0.02578125,1.1703703703703703,0.0515625,0.06666666666666667
4,0.025,0.9972222222222222,0.036458333333333336,0.053703703703703705
4,0.07786458333333333,1.0087962962962962,0.030729166666666665,0.03425925925925926
6,0.0953125,1.0398148148148147,0.059375,0.07407407407407407
2,0.06614583333333333,1.1324074074074073,0.011458333333333333,0.025925925925925925
10,0.06822916666666666,1.1388888888888888,0.017708333333333333,0.022222222222222223
