9 0.59286 0.65286 0.05429 0.19333
4 0.54607 0.42333 0.01786 0.02571
5 0.54643 0.35476 0.01714 0.02762
5 0.53357 0.32714 0.01143 0.01619
3 0.57071 0.36524 0.00571 0.01429
2 0.57071 0.36 0.00286 0.00952
4 0.53893 0.28048 0.00929 0.01048
4 0.52571 0.27571 0.00857 0.00857
4 0.54929 0.27095 0.00857 0.01048
4 0.52179 0.24905 0.00786 0.00667
4 0.51571 0.25238 0.00571 0.00762
4 0.52857 0.23762 0.01 0.00667
6 0.51036 0.24381 0.00643 0.01333
0 0.50679 0.21952 0.02929 0.03714
0 0.72964 0.42429 0.11071 0.12476
0 0.85179 0.58429 0.13071 0.19143
6 0.42714 0.3219 0.01857 0.03619
5 0.40143 0.2719 0.01571 0.00857
2 0.37357 0.30048 0.00286 0.01048
1 0.41857 0.28286 0.00286 0.00952
7 0.42607 0.28714 0.00357 0.00857
2 0.42607 0.28571 0.00214 0.00571
4 0.88679 0.4381 0.03357 0.02286
9 0.93786 0.51143 0.06 0.05714
6 0.91536 0.47762 0.05643 0.05619
1 0.88929 0.46667 0.00571 0.01524
7 0.25214 0.52762 0.01429 0.03429
2 0.25214 0.52048 0.01 0.02
4 0.14964 0.42714 0.04214 0.0219
4 0.32464 0.32238 0.01357 0.01619
