1 0.02214 0.11435 0.0099 0.03426
1 0.08594 0.04074 0.00833 0.03148
1 0.11693 0.04074 0.00885 0.03519
1 0.23646 0.11713 0.01042 0.03981
1 0.25052 0.11667 0.00625 0.02593
1 0.24245 0.08565 0.00781 0.03241
1 0.25469 0.07361 0.01146 0.03241
1 0.36953 0.07454 0.00677 0.03241
1 0.38177 0.06111 0.00625 0.03704
1 0.36979 0.05602 0.00729 0.03241
1 0.36094 0.05648 0.00833 0.03519
1 0.34193 0.04491 0.00885 0.03241
1 0.32214 0.0375 0.00573 0.03426
1 0.41042 0.05787 0.00833 0.03611
1 0.41615 0.05509 0.00625 0.03241
1 0.4263 0.0537 0.00573 0.03333
1 0.44297 0.05417 0.00885 0.03241
1 0.43464 0.17824 0.00677 0.03796
1 0.43698 0.11528 0.01042 0.03981
1 0.46198 0.11343 0.00729 0.03241
1 0.48568 0.08935 0.00781 0.03056
1 0.45365 0.05278 0.00625 0.03333
1 0.46146 0.04861 0.00417 0.03056
1 0.66745 0.18935 0.01302 0.02315
1 0.65885 0.32269 0.01146 0.0287
1 0.64792 0.28704 0.0125 0.02407
1 0.65052 0.26481 0.0125 0.02222
1 0.64948 0.27685 0.01042 0.02963
1 0.67083 0.25463 0.01458 0.02778
1 0.67969 0.28889 0.01771 0.03333
1 0.68333 0.29167 0.0125 0.02407
1 0.6862 0.28287 0.00885 0.02685
1 0.68099 0.27685 0.00781 0.01852
1 0.69167 0.26157 0.01458 0.03056
1 0.68646 0.25093 0.01042 0.02222
1 0.68229 0.24352 0.0125 0.02593
1 0.67474 0.58981 0.01927 0.04444
1 0.69245 0.50602 0.0224 0.03981
1 0.50859 0.32917 0.01094 0.025
1 0.53828 0.30185 0.01302 0.02963
1 0.56406 0.28333 0.0125 0.02778
1 0.53776 0.29398 0.01302 0.025
1 0.48724 0.26435 0.01406 0.03981
1 0.52708 0.25046 0.00937 0.025
1 0.55182 0.24167 0.00677 0.02778
1 0.56016 0.22407 0.00677 0.02407
1 0.55182 0.2125 0.00781 0.025
1 0.51771 0.23472 0.01146 0.04167
1 0.52448 0.23565 0.00833 0.02315
1 0.50729 0.23333 0.00729 0.02593
1 0.46484 0.27269 0.01094 0.02685
1 0.45964 0.25231 0.01094 0.02315
1 0.44922 0.23333 0.01302 0.03889
1 0.37292 0.22685 0.00937 0.04074
1 0.32552 0.19815 0.01042 0.02037
1 0.25286 0.25694 0.00885 0.0287
1 0.24818 0.2213 0.00885 0.02963
1 0.24974 0.20231 0.0099 0.02315
1 0.25781 0.22269 0.01042 0.03056
1 0.26276 0.21852 0.00677 0.02037
1 0.26693 0.20185 0.01094 0.04259
1 0.14505 0.24259 0.00885 0.02963
1 0.0901 0.25093 0.01458 0.04074
1 0.15885 0.11481 0.00937 0.03519
1 0.17682 0.09815 0.01094 0.01852
1 0.41224 0.40463 0.00677 0.02963
1 0.0638 0.62176 0.0151 0.02315
