9 0.28542 0.67593 0.03542 0.10556
1 0.58229 0.63148 0.0125 0.03148
9 0.2849 0.45278 0.03958 0.17593
4 0.30182 0.24167 0.0224 0.07593
4 0.3388 0.34861 0.02448 0.08796
5 0.3388 0.2412 0.02344 0.07315
1 0.0401 0.72269 0.01354 0.01204
1 0.03854 0.71852 0.01875 0.02037
1 0.05286 0.66435 0.01198 0.02685
1 0.02865 0.60417 0.01562 0.03241
1 0.02943 0.59213 0.01927 0.02315
1 0.0474 0.63472 0.01562 0.02315
1 0.05234 0.6037 0.0151 0.02593
1 0.07005 0.59769 0.0151 0.03056
1 0.07396 0.54769 0.01667 0.03056
1 0.08281 0.5463 0.01771 0.03333
1 0.08333 0.51204 0.01146 0.03148
1 0.08568 0.43889 0.01198 0.02593
1 0.11458 0.44398 0.01146 0.03056
11 0.12292 0.43102 0.01667 0.03056
1 0.10286 0.41574 0.01302 0.02963
1 0.09531 0.38704 0.01042 0.02407
1 0.10104 0.38657 0.01146 0.02685
1 0.37422 0.12963 0.00469 0.02963
1 0.09375 0.35556 0.01146 0.02407
1 0.10677 0.36435 0.01146 0.02685
1 0.12135 0.37176 0.0125 0.03426
1 0.10312 0.33519 0.0125 0.02778
1 0.13359 0.30926 0.0099 0.02778
11 0.12995 0.32639 0.01302 0.03056
1 0.11068 0.30972 0.01094 0.03241
1 0.11771 0.31343 0.01042 0.03426
1 0.14505 0.3 0.0099 0.02778
1 0.13854 0.28565 0.0125 0.0287
1 0.11432 0.28194 0.0099 0.025
1 0.10859 0.26667 0.0099 0.02778
1 0.10026 0.24074 0.01094 0.02963
1 0.10755 0.23194 0.01302 0.02685
1 0.12396 0.26528 0.00937 0.03056
1 0.12943 0.27361 0.0099 0.02315
1 0.1362 0.26204 0.0099 0.02407
1 0.13099 0.23796 0.00885 0.02593
1 0.13854 0.24074 0.00833 0.02963
1 0.13906 0.22222 0.00937 0.02778
1 0.1487 0.22917 0.00885 0.03241
1 0.15703 0.22824 0.00781 0.03056
1 0.17656 0.22407 0.01042 0.03519
2 0.2 0.21435 0.00833 0.02315
1 0.14844 0.22269 0.00937 0.03611
1 0.16693 0.19907 0.00885 0.02963
1 0.17161 0.19537 0.01094 0.02778
1 0.21563 0.15 0.00729 0.02593
1 0.14818 0.17963 0.00885 0.02222
1 0.14062 0.18056 0.00625 0.02222
1 0.22083 0.12176 0.00521 0.025
1 0.23177 0.1338 0.00521 0.02685
1 0.23828 0.15972 0.00573 0.0287
1 0.24323 0.09259 0.00625 0.02778
1 0.2375 0.08519 0.00729 0.02778
1 0.2375 0.08102 0.00729 0.0287
1 0.16484 0.05324 0.00885 0.025
1 0.16484 0.04537 0.0099 0.02407
1 0.18203 0.02315 0.00677 0.02778
1 0.18568 0.02639 0.00573 0.025
1 0.19453 0.02454 0.00677 0.025
1 0.19141 0.09537 0.00677 0.02963
1 0.20833 0.11019 0.00729 0.02407
1 0.21016 0.10972 0.00469 0.01759
1 0.2125 0.10463 0.00521 0.01667
1 0.20677 0.09537 0.00625 0.02407
1 0.21094 0.08796 0.00729 0.02778
1 0.21328 0.07685 0.00573 0.02593
1 0.22031 0.08148 0.00625 0.02593
2 0.22578 0.06574 0.00469 0.02222
1 0.47135 0.14537 0.00625 0.02778
1 0.47891 0.13565 0.00677 0.03056
1 0.50859 0.13009 0.0099 0.02685
1 0.51536 0.13333 0.00677 0.02963
1 0.51953 0.12361 0.00677 0.03241
1 0.49792 0.09444 0.00417 0.01852
1 0.50234 0.09537 0.00677 0.02778
1 0.50859 0.10602 0.00781 0.025
1 0.50807 0.09074 0.00781 0.02778
1 0.51276 0.1125 0.00781 0.02685
1 0.51953 0.09769 0.00781 0.0287
1 0.5224 0.1037 0.00729 0.02963
1 0.52865 0.0912 0.00833 0.0287
