0 0.13568 0.82546 0.08906 0.06759
0 0.3888 0.04583 0.2276 0.09167
0 0.46302 0.15972 0.02917 0.10648
0 0.43307 0.33843 0.03073 0.15093
0 0.46823 0.55926 0.04896 0.23704
0 0.38385 0.20602 0.05937 0.11759
0 0.24818 0.76574 0.07448 0.04444
0 0.29089 0.70463 0.0651 0.05741
0 0.32422 0.87685 0.08802 0.10741
4 0.90078 0.56389 0.0474 0.03148
5 0.55208 0.45231 0.03125 0.03056
6 0.5026 0.86389 0.02604 0.06667
4 0.55312 1.03565 0.03333 0.08241
4 0.5862 1.27361 0.03906 0.07685
4 0.44401 1.24861 0.03281 0.08426
4 0.39193 1.00185 0.02344 0.07407
6 0.4401 0.98889 0.02708 0.09074
6 0.45443 0.28889 0.01198 0.04444
4 0.45286 0.3412 0.01094 0.03981
4 0.43594 0.89306 0.02708 0.0713
4 0.38385 0.82639 0.02292 0.06574
4 0.41458 0.82037 0.02604 0.06111
4 0.40599 0.76157 0.03073 0.0287
4 0.40104 0.72222 0.03125 0.0463
4 0.01484 0.09907 0.0224 0.01481
4 0.10208 0.11435 0.02187 0.02685
4 0.17448 0.12454 0.02292 0.02315
4 0.23906 0.13102 0.02396 0.01759
4 0.19974 0.10787 0.01094 0.025
4 0.18177 0.21944 0.02917 0.03333
4 0.26432 0.18843 0.01406 0.025
4 0.28568 0.26667 0.01302 0.03889
4 0.27995 0.3537 0.0151 0.03889
4 0.28984 0.39537 0.01719 0.04444
4 0.3013 0.45185 0.01823 0.0463
4 0.31094 0.49722 0.02083 0.04815
4 0.32682 0.46944 0.01719 0.0463
4 0.31901 0.42037 0.01094 0.03333
4 0.31146 0.37037 0.02187 0.04074
4 0.3013 0.3412 0.01615 0.03241
4 0.31432 0.58426 0.01615 0.05556
4 0.32786 0.54722 0.01719 0.04444
4 0.33906 0.59491 0.025 0.05463
4 0.36797 0.61019 0.02135 0.0537
4 0.32292 0.63796 0.02083 0.05556
4 0.33802 0.69352 0.02292 0.05
4 0.36146 0.6787 0.02187 0.06296
4 0.35339 0.75093 0.0276 0.06111
4 0.30859 0.75278 0.03906 0.04259
4 0.32031 0.78657 0.03229 0.03241
4 0.25573 0.80417 0.04479 0.025
4 0.2237 0.20602 0.01302 0.03241
4 0.23672 0.24074 0.0151 0.04444
5 0.16406 0.16157 0.02187 0.0213
5 0.15313 0.11713 0.01979 0.0213
5 0.27526 0.43565 0.01823 0.04352
5 0.35781 0.55648 0.01875 0.05
5 0.29531 0.53009 0.01562 0.03611
5 0.18776 0.83796 0.03698 0.03148
6 0.7224 0.52546 0.03125 0.03056
6 0.8237 0.54954 0.03073 0.0287
6 0.81068 0.88102 0.05885 0.0787
5 0.75104 0.9537 0.04792 0.0463
5 0.8763 0.81204 0.03594 0.04074
5 0.91979 0.775 0.03333 0.04444
0 0.10339 0.95324 0.20365 0.12315
5 0.19375 0.05556 0.01562 0.02778
5 0.18125 0.10324 0.02708 0.02685
5 0.26224 0.11806 0.01615 0.03426
0 0.25182 0.20648 0.00885 0.02593
5 0.27734 0.17917 0.0151 0.03426
5 0.22005 0.28981 0.02031 0.05
7 0.19661 0.45 0.02969 0.02407
4 0.15417 0.20694 0.02187 0.03426
0 0.44635 0.66065 0.06667 0.09352
0 0.38698 0.66852 0.03021 0.03889
0 0.37552 0.92037 0.03125 0.05
4 0.41771 1.15 0.03333 0.08889
4 0.31745 1.37361 0.0526 0.03056
10 0.6151 1.07269 0.01458 0.025
2 0.61536 1.07315 0.01094 0.02037
1 0.2638 0.33472 0.00885 0.02315
5 0.26667 0.38981 0.02083 0.03889
