1 0.9125 0.33429 0.03929 0.05524
1 0.92286 0.21952 0.03143 0.05429
3 0.83286 0.08619 0.02 0.03143
1 0.78357 0.2781 0.02143 0.0381
1 0.73786 0.31143 0.01857 0.02667
1 0.71464 0.31952 0.01929 0.02
1 0.64357 0.36143 0.01714 0.01619
4 0.555 0.59381 0.06286 0.05048
4 0.71393 0.48476 0.09357 0.06476
4 0.73393 0.42143 0.095 0.06762
4 0.745 0.36714 0.08571 0.0619
4 0.81179 0.29667 0.09786 0.07905
4 0.705 0.35095 0.07 0.06
4 0.66321 0.40857 0.06214 0.05524
4 0.63429 0.38714 0.05714 0.04857
4 0.57857 0.41524 0.04571 0.0419
4 0.58393 0.47714 0.05643 0.04762
4 0.54964 0.45714 0.04357 0.0419
4 0.54857 0.5281 0.05286 0.04667
4 0.49893 0.5381 0.04214 0.0381
4 0.46 0.55048 0.03286 0.03429
4 0.51786 0.49762 0.03857 0.03333
4 0.5325 0.43762 0.03357 0.03524
4 0.49571 0.4581 0.03143 0.03238
4 0.47929 0.48762 0.03 0.03238
4 0.4325 0.52762 0.02643 0.02286
4 0.46714 0.4719 0.02429 0.02952
4 0.43429 0.4581 0.01857 0.02286
4 0.495 0.4219 0.02429 0.02667
4 0.68071 0.28714 0.05429 0.0619
4 0.72679 0.08333 0.02929 0.04095
4 0.70786 0.10048 0.02714 0.03333
4 0.69143 0.11667 0.03 0.03714
4 0.67179 0.1381 0.02643 0.03429
4 0.59714 0.21429 0.02 0.03429
4 0.58643 0.22571 0.02143 0.02857
4 0.54893 0.2681 0.01357 0.02
4 0.53107 0.31333 0.01786 0.02857
4 0.52107 0.31905 0.01786 0.02667
4 0.50107 0.34 0.01929 0.02857
5 0.53536 0.2781 0.01357 0.02095
4 0.36429 0.45095 0.01143 0.01238
