2 0.12682 0.49722 0.11198 0.31296
2 0.24193 0.37407 0.08177 0.28519
2 0.26927 0.3162 0.06354 0.25278
2 0.21536 0.30972 0.05469 0.225
2 0.15651 0.30787 0.06823 0.25463
2 0.08776 0.34769 0.07031 0.26019
2 0.05078 0.47222 0.10156 0.28333
2 0.02969 0.33148 0.05312 0.20926
2 0.57969 0.29444 0.07292 0.23519
2 0.64531 0.32407 0.09271 0.23148
2 0.6513 0.20741 0.05469 0.20185
2 0.59271 0.20972 0.06042 0.225
2 0.54844 0.21574 0.04167 0.20926
2 0.51797 0.25139 0.05573 0.23796
2 0.42161 0.20417 0.05365 0.19537
2 0.36146 0.21157 0.05833 0.18981
2 0.32396 0.18333 0.04583 0.18148
2 0.31016 0.16157 0.04427 0.17315
2 0.34531 0.14398 0.03333 0.18981
2 0.38125 0.1463 0.03542 0.16667
2 0.42161 0.13843 0.0401 0.18241
2 0.46146 0.15463 0.03125 0.19259
2 0.70833 0.26111 0.04167 0.26296
2 0.69792 0.32917 0.0625 0.18426
