4 0.20964 0.65185 0.03385 0.03704
4 0.28594 0.58796 0.02604 0.03519
4 0.25339 0.58194 0.0276 0.03611
4 0.31745 0.48704 0.01302 0.02963
4 0.29375 0.39769 0.0125 0.02315
4 0.31276 0.44259 0.01198 0.02593
4 0.25833 0.3287 0.00937 0.01667
5 0.27526 0.33935 0.01302 0.0213
1 0.21979 0.50972 0.00417 0.01574
1 0.22396 0.50972 0.00521 0.01574
1 0.23125 0.47407 0.00521 0.01667
4 0.34271 0.3713 0.01146 0.01852
4 0.35182 0.37407 0.01302 0.01667
4 0.42708 0.34028 0.00937 0.01574
4 0.41302 0.27454 0.01146 0.01389
4 0.34375 0.21204 0.01042 0.00926
4 0.35885 0.20926 0.00937 0.01111
4 0.31875 0.21065 0.01146 0.01019
4 0.32917 0.21481 0.01042 0.00926
4 0.44688 0.31713 0.01667 0.01204
4 0.44635 0.3125 0.01667 0.01389
4 0.42188 0.35509 0.01042 0.01389
4 0.41797 0.26713 0.01094 0.01759
4 0.42396 0.26667 0.01042 0.01481
4 0.42995 0.26343 0.0099 0.01759
4 0.43177 0.25833 0.01042 0.01481
4 0.43646 0.2537 0.01042 0.01667
4 0.40911 0.25833 0.01302 0.01667
4 0.41563 0.24954 0.0125 0.01759
4 0.42266 0.24769 0.01198 0.01574
4 0.43776 0.24954 0.01406 0.01389
4 0.41745 0.23889 0.0099 0.00926
4 0.42214 0.23843 0.0099 0.01389
4 0.30547 0.23519 0.00677 0.01481
4 0.31094 0.23472 0.00729 0.01389
4 0.31536 0.23241 0.00885 0.01667
4 0.32083 0.23148 0.00937 0.01667
4 0.32578 0.23148 0.00781 0.01111
4 0.33203 0.23102 0.00781 0.01019
4 0.33672 0.23102 0.00781 0.01204
4 0.34323 0.22315 0.01042 0.01111
4 0.30625 0.22685 0.00833 0.01296
4 0.3112 0.22824 0.00677 0.01389
4 0.31667 0.22593 0.00833 0.01296
4 0.32708 0.22639 0.00833 0.01389
4 0.33229 0.22407 0.00729 0.01111
4 0.35 0.20741 0.00833 0.01111
6 0.29766 0.21296 0.02552 0.02593
6 0.33464 0.2037 0.01615 0.01852
6 0.38255 0.19954 0.04948 0.01759
9 0.38177 0.20046 0.02813 0.02315
9 0.29609 0.36713 0.01094 0.03241
4 0.62995 0.15278 0.00677 0.00926
4 0.64531 0.16898 0.00625 0.01019
4 0.65521 0.17963 0.00729 0.01111
4 0.66823 0.19676 0.00729 0.01389
4 0.6737 0.18889 0.00781 0.01111
4 0.65938 0.28194 0.00937 0.01574
4 0.67474 0.20648 0.00781 0.01481
4 0.68516 0.22685 0.00781 0.01667
4 0.69271 0.21944 0.00833 0.01481
4 0.69271 0.25139 0.00937 0.01389
4 0.6737 0.26898 0.00885 0.01574
4 0.70052 0.32731 0.01042 0.01574
4 0.67214 0.35185 0.01198 0.01852
4 0.65156 0.36898 0.0125 0.0213
4 0.7026 0.43241 0.01458 0.02778
4 0.58255 0.3375 0.0151 0.01759
4 0.58984 0.12315 0.00677 0.00926
4 0.56667 0.11065 0.00729 0.00648
4 0.52865 0.10231 0.00521 0.00648
4 0.54219 0.1037 0.00521 0.00741
4 0.55521 0.11019 0.00521 0.00741
4 0.5612 0.10417 0.00573 0.01019
5 0.61641 0.13657 0.00781 0.01204
6 0.70964 0.26111 0.01406 0.03148
6 0.50938 0.09259 0.01146 0.01667
9 0.71432 0.29259 0.01198 0.02593
4 0.70547 0.51389 0.0151 0.03889
4 0.70156 0.62963 0.02187 0.05185
4 0.6487 0.71111 0.0224 0.03519
10 0.66406 0.38565 0.00625 0.01389
2 0.6638 0.38426 0.00469 0.01296
0 0.43177 0.0412 0.03542 0.03981
10 0.42891 0.58102 0.01094 0.02315
2 0.42839 0.57963 0.00677 0.01667
4 0.51562 0.13472 0.00417 0.00833
5 0.45104 0.30278 0.01667 0.01667
4 0.46068 0.3 0.0151 0.02037
2 0.0901 0.6338 0.00833 0.01574
