4 0.62734 1.29907 0.08802 0.16481
4 0.60938 1.0625 0.05521 0.13611
4 0.70677 0.9875 0.05729 0.10648
4 0.67188 0.87778 0.05729 0.09074
4 0.56823 0.91944 0.04583 0.10926
4 0.52708 0.74861 0.03333 0.0713
4 0.50677 0.67917 0.03021 0.06759
4 0.4888 0.62963 0.02969 0.05556
4 0.47083 0.58009 0.02917 0.04907
4 0.51198 0.46157 0.03125 0.03241
4 0.53542 0.3037 0.03229 0.02407
4 0.48906 0.29769 0.02604 0.0213
5 0.44115 0.28519 0.03021 0.02593
5 0.40469 0.2787 0.02917 0.02407
4 0.37214 0.29213 0.02865 0.01944
1 0.36693 0.27315 0.00365 0.02037
1 0.5138 0.20139 0.0026 0.01389
1 0.51849 0.20093 0.0026 0.01296
4 0.4 0.16065 0.0125 0.01204
4 0.59557 0.20278 0.02031 0.01481
8 0.60651 0.18611 0.0099 0.01481
4 0.62891 0.21343 0.01927 0.01574
4 0.65521 0.1713 0.01146 0.01296
5 0.67031 0.19722 0.01458 0.01852
4 0.39193 0.67778 0.02969 0.05556
4 0.58307 0.65741 0.03594 0.05185
4 0.56068 0.60463 0.03281 0.0463
1 0.53724 0.55046 0.00469 0.03241
4 0.64661 0.34954 0.02656 0.02315
4 0.10339 0.34028 0.02552 0.0213
4 0.13854 0.325 0.02813 0.02593
4 0.19115 0.3037 0.02813 0.02222
4 0.23672 0.29074 0.02969 0.02222
4 0.27057 0.25417 0.01406 0.01759
4 0.26693 0.24074 0.01094 0.01667
6 0.26536 0.16157 0.01198 0.01574
1 0.27109 0.27593 0.0026 0.02037
4 0.3237 0.29444 0.02135 0.01852
