4 0.51536 0.81204 0.15573 0.13333
4 0.46536 0.65046 0.12031 0.10833
4 0.26797 0.48519 0.04323 0.07593
4 0.39375 0.45 0.03542 0.06481
4 0.45859 0.57685 0.10677 0.07963
4 0.45859 0.51481 0.08281 0.06852
5 0.44141 0.47917 0.07135 0.06389
4 0.45182 0.4588 0.08281 0.06759
5 0.40521 0.40139 0.02708 0.05833
4 0.10078 0.61898 0.08698 0.10278
4 0.18984 0.4713 0.04948 0.07407
1 0.17292 0.41852 0.00937 0.0463
1 0.19479 0.40787 0.00833 0.03611
1 0.11875 0.38056 0.01042 0.03704
1 0.10859 0.39398 0.01094 0.04352
4 0.2599 0.3787 0.03438 0.05556
5 0.28698 0.35324 0.03125 0.04907
4 0.26979 0.30324 0.03125 0.03611
4 0.24948 0.29676 0.03333 0.03611
4 0.15078 0.26944 0.03281 0.03889
4 0.25495 0.33241 0.04427 0.03333
4 0.1526 0.31806 0.03646 0.03056
4 0.23385 0.29352 0.03125 0.03333
4 0.21849 0.28981 0.03594 0.03148
4 0.20104 0.28843 0.03229 0.03241
4 0.18464 0.28333 0.02969 0.02778
4 0.35781 0.31389 0.02917 0.03704
4 0.35833 0.35926 0.02917 0.04444
4 0.39167 0.29583 0.02604 0.03056
4 0.39401 0.32546 0.0349 0.03426
4 0.40078 0.34213 0.02865 0.03056
4 0.42214 0.31991 0.02552 0.03241
4 0.4349 0.31019 0.02292 0.02778
4 0.41406 0.28333 0.025 0.02778
4 0.43438 0.27269 0.02083 0.02315
4 0.45 0.26528 0.02083 0.025
4 0.47005 0.27639 0.01823 0.02685
4 0.46745 0.25741 0.01927 0.02037
4 0.59844 0.36296 0.02708 0.03889
4 0.56745 0.35833 0.0276 0.03889
4 0.60052 0.3213 0.02187 0.04074
4 0.57812 0.31852 0.02708 0.03519
4 0.5763 0.28194 0.03802 0.03241
0 0.53516 0.23796 0.0224 0.02593
0 0.54167 0.19444 0.01146 0.02222
0 0.51146 0.24861 0.01771 0.0213
5 0.50234 0.23009 0.01198 0.0213
4 0.54974 0.21944 0.01094 0.01667
4 0.17031 0.91343 0.08542 0.11574
4 0.03333 0.74954 0.06667 0.175
