4 0.0724 0.35231 0.01458 0.0287
4 0.02187 0.20741 0.0125 0.02037
4 0.18646 0.3375 0.01562 0.02315
4 0.03411 0.05509 0.00677 0.01019
4 0.07448 0.05185 0.00729 0.00926
4 0.07656 0.06528 0.00625 0.01019
4 0.08411 0.06389 0.00885 0.00926
5 0.06823 0.06435 0.00729 0.01389
6 0.07786 0.0787 0.01927 0.01667
4 0.06615 0.05324 0.00625 0.00833
4 0.08776 0.05417 0.01198 0.01019
4 0.14036 0.04306 0.01094 0.00833
5 0.15234 0.03796 0.00885 0.00741
4 0.15781 0.0412 0.01146 0.00833
4 0.13073 0.05324 0.00937 0.00833
4 0.12266 0.0463 0.00781 0.00926
4 0.10312 0.05 0.01146 0.01111
5 0.18828 0.12778 0.01406 0.01296
5 0.18438 0.12315 0.01146 0.01296
4 0.17917 0.11991 0.01146 0.01389
4 0.175 0.11481 0.0125 0.01296
4 0.16901 0.10648 0.01198 0.01296
4 0.16354 0.10231 0.01146 0.01204
4 0.1599 0.09769 0.01146 0.01019
4 0.15781 0.09352 0.01146 0.01296
4 0.19974 0.14306 0.01406 0.01204
1 0.11771 0.01713 0.00208 0.00833
1 0.02057 0.0375 0.0026 0.00833
1 0.03177 0.04444 0.00208 0.00926
1 0.05234 0.08426 0.0026 0.01111
1 0.25521 0.14583 0.00208 0.01019
1 0.2526 0.14722 0.00208 0.00926
1 0.30312 0.21019 0.00208 0.01111
1 0.29974 0.20556 0.0026 0.01296
1 0.30312 0.20509 0.00208 0.01019
1 0.31068 0.19769 0.0026 0.01019
4 0.22995 0.15046 0.01198 0.01204
4 0.23464 0.15648 0.01198 0.01111
6 0.24609 0.16065 0.02135 0.01944
4 0.2526 0.17731 0.01562 0.01204
4 0.25833 0.18287 0.01562 0.01204
4 0.26719 0.19491 0.01354 0.01204
4 0.22344 0.17037 0.01562 0.01296
4 0.2276 0.17454 0.01562 0.01204
4 0.23438 0.18287 0.01667 0.01389
4 0.24089 0.19259 0.0151 0.01296
4 0.24766 0.20093 0.01406 0.01481
4 0.25339 0.20648 0.0151 0.01481
4 0.25911 0.21204 0.01615 0.01481
4 0.26224 0.21481 0.01615 0.01481
4 0.27214 0.22639 0.01719 0.01389
4 0.27943 0.23796 0.01615 0.01481
4 0.28516 0.24352 0.0151 0.01481
4 0.29193 0.24954 0.01406 0.01389
4 0.29635 0.25602 0.01562 0.01759
4 0.3026 0.26157 0.01562 0.01759
4 0.30755 0.26991 0.01719 0.01944
4 0.31302 0.27731 0.01771 0.0213
4 0.31797 0.28194 0.01615 0.01759
4 0.33151 0.2912 0.01927 0.02315
4 0.34323 0.30787 0.01771 0.01759
4 0.33594 0.30139 0.01979 0.01759
4 0.34948 0.31435 0.01771 0.01759
4 0.35495 0.32269 0.0151 0.01759
4 0.36823 0.33843 0.01771 0.0213
4 0.3763 0.34769 0.01719 0.0213
4 0.38307 0.35556 0.01719 0.02037
4 0.39896 0.37546 0.01771 0.01944
4 0.35521 0.28935 0.01979 0.01759
4 0.37292 0.30787 0.01771 0.01759
4 0.38255 0.31898 0.01927 0.01944
4 0.38984 0.32685 0.01719 0.02037
5 0.41458 0.34722 0.01667 0.02037
4 0.42865 0.36389 0.01979 0.02222
4 0.43672 0.37454 0.01927 0.01944
4 0.44974 0.38704 0.02344 0.02222
4 0.47083 0.41065 0.01979 0.02315
4 0.48411 0.42454 0.01927 0.02315
4 0.50443 0.44907 0.02135 0.02407
4 0.5224 0.47778 0.02292 0.02593
4 0.53203 0.48843 0.02031 0.02315
4 0.55 0.49861 0.02292 0.02685
4 0.56276 0.5213 0.02135 0.02778
4 0.57656 0.53796 0.02187 0.02778
4 0.61354 0.57639 0.02083 0.03241
4 0.64766 0.52731 0.02969 0.03426
4 0.65469 0.51065 0.03021 0.03796
4 0.6612 0.49398 0.02865 0.03426
4 0.67135 0.48796 0.02813 0.03519
4 0.68854 0.47824 0.02917 0.03611
4 0.70208 0.46991 0.02813 0.03981
4 0.69818 0.5125 0.01823 0.03056
4 0.71875 0.5838 0.02083 0.03981
1 0.63516 0.45463 0.00469 0.01667
1 0.6349 0.44769 0.00417 0.01574
1 0.7138 0.56019 0.00677 0.01852
10 0.60391 0.45093 0.00885 0.01667
10 0.53333 0.41528 0.00625 0.01204
10 0.49349 0.39259 0.00677 0.01296
1 0.48594 0.39306 0.00417 0.01389
1 0.4875 0.39583 0.00313 0.01204
4 0.41615 0.30509 0.01667 0.01759
4 0.40104 0.29074 0.01562 0.01852
5 0.32135 0.21389 0.01146 0.01667
5 0.32266 0.25 0.01823 0.02037
5 0.30469 0.23009 0.01562 0.01759
4 0.29245 0.21759 0.0151 0.01481
7 0.29323 0.20231 0.00937 0.01019
2 0.18333 0.35648 0.00417 0.00926
10 0.18359 0.35972 0.00573 0.01204
6 0.20026 0.65602 0.03177 0.08241
2 0.12995 0.62222 0.00677 0.01852
2 0.25365 0.45231 0.00417 0.01389
10 0.25365 0.45556 0.00729 0.01481
10 0.13047 0.62778 0.00677 0.02407
6 0.39453 0.62639 0.04427 0.06574
1 0.43984 0.65324 0.00573 0.0213
1 0.3151 0.51759 0.00625 0.02222
1 0.31224 0.5287 0.00573 0.02037
3 0.30729 0.51806 0.00729 0.01574
8 0.64766 0.60463 0.02656 0.04815
