2 0.1151 0.20509 0.00313 0.00833
10 0.11563 0.21019 0.01042 0.00741
4 0.46823 0.22407 0.0125 0.02593
4 0.45885 0.14537 0.01042 0.02222
4 0.52344 0.02685 0.00729 0.01296
5 0.51458 0.00833 0.00625 0.01296
2 0.43099 0.17037 0.00365 0.00926
2 0.42422 0.21528 0.00365 0.01204
2 0.55677 0.15278 0.00313 0.01296
2 0.55156 0.28287 0.00417 0.01574
2 0.57083 0.29306 0.00417 0.01389
2 0.58672 0.36111 0.00469 0.01481
1 0.5474 0.08287 0.00313 0.01574
10 0.43099 0.17963 0.00365 0.01111
10 0.42422 0.22315 0.00469 0.01296
10 0.55156 0.29259 0.00417 0.01481
10 0.57135 0.30185 0.00417 0.01481
10 0.58646 0.37083 0.00417 0.01389
2 0.3776 0.45787 0.00625 0.01759
10 0.37839 0.46944 0.00781 0.02407
2 0.60052 0.52593 0.00521 0.01852
10 0.60026 0.53611 0.00573 0.02222
4 0.84115 0.49259 0.03854 0.03148
4 0.83646 0.42454 0.03438 0.0287
4 0.83464 0.4088 0.03594 0.0287
6 0.75703 0.21111 0.04635 0.02963
10 0.55677 0.1588 0.00417 0.01019
