2 0.23828 0.93148 0.00573 0.01667
8 0.24193 0.92778 0.01302 0.04074
10 0.22552 0.83056 0.00625 0.02407
1 0.24193 0.72824 0.00469 0.01389
1 0.2513 0.66898 0.00365 0.01389
10 0.25911 0.68796 0.01615 0.01111
10 0.26146 0.67269 0.01354 0.01204
10 0.25807 0.46667 0.01406 0.00926
10 0.26198 0.45324 0.01146 0.01019
10 0.26589 0.425 0.0099 0.01852
10 0.24688 0.58657 0.0125 0.00648
10 0.24818 0.57963 0.01094 0.00741
10 0.24844 0.54676 0.00937 0.00833
10 0.52604 0.94398 0.01458 0.01944
10 0.51797 0.93472 0.01094 0.01759
10 0.51432 0.91574 0.01302 0.02778
10 0.50885 0.89861 0.01042 0.03056
1 0.52474 0.88657 0.00573 0.01019
8 0.47214 0.74259 0.0099 0.03148
2 0.45781 0.63981 0.00521 0.01111
2 0.41484 0.67593 0.00573 0.01111
10 0.41406 0.67824 0.01458 0.01389
10 0.45729 0.64352 0.00625 0.02778
10 0.43281 0.59537 0.01354 0.01111
10 0.42526 0.54444 0.01406 0.01296
10 0.4224 0.51991 0.0125 0.01204
10 0.42344 0.51065 0.01042 0.01019
10 0.42188 0.49676 0.01146 0.01019
10 0.41797 0.48148 0.01094 0.01111
10 0.43594 0.48102 0.0125 0.01204
10 0.41693 0.46667 0.01198 0.00926
10 0.41745 0.45648 0.01198 0.00926
10 0.41354 0.42639 0.00937 0.01019
10 0.40651 0.36111 0.01198 0.01111
10 0.40781 0.37083 0.0125 0.01019
10 0.39766 0.22917 0.00885 0.01204
10 0.39323 0.2213 0.00937 0.00926
10 0.39167 0.19537 0.00937 0.01111
10 0.39193 0.13009 0.00781 0.01019
10 0.38333 0.1125 0.00937 0.00833
10 0.38151 0.09491 0.00885 0.01019
10 0.38099 0.08889 0.00885 0.00741
10 0.37943 0.06806 0.00781 0.00833
10 0.36302 0.17361 0.00521 0.01574
10 0.31198 0.03148 0.00313 0.01481
10 0.27656 0.21528 0.01042 0.01019
10 0.25391 0.19398 0.00365 0.01204
10 0.24323 0.19722 0.00313 0.01481
10 0.2388 0.19537 0.00469 0.01296
10 0.24766 0.19583 0.00469 0.01759
10 0.23464 0.19769 0.00469 0.01574
10 0.23047 0.19722 0.00365 0.01481
10 0.22656 0.19676 0.00417 0.01574
10 0.24531 0.28194 0.00937 0.01944
10 0.33125 0.29537 0.00417 0.01852
10 0.35469 0.2963 0.00313 0.01667
10 0.28802 0.37546 0.00729 0.01944
10 0.30677 0.42222 0.00521 0.02222
10 0.33984 0.49352 0.00573 0.02593
2 0.33958 0.48981 0.00417 0.01111
2 0.33984 0.48657 0.00365 0.01019
2 0.30729 0.42083 0.00417 0.01019
2 0.28776 0.3713 0.00365 0.01111
2 0.33151 0.29398 0.0026 0.00648
2 0.35443 0.29398 0.00365 0.00648
2 0.24531 0.27963 0.00521 0.00926
2 0.27656 0.21343 0.00521 0.00833
2 0.36328 0.16944 0.00365 0.00926
2 0.31198 0.02685 0.00313 0.00926
1 0.40833 0.14722 0.00417 0.01852
1 0.28906 0.17454 0.00313 0.01389
1 0.2625 0.16667 0.00313 0.01296
4 0.32031 0.00833 0.00729 0.01667
8 0.30339 0.03611 0.00677 0.02778
5 0.31693 0.06065 0.00885 0.02685
5 0.31745 0.11481 0.0099 0.02778
1 0.42214 0.42315 0.00365 0.01296
8 0.45781 0.46991 0.00833 0.03241
8 0.39922 0.41157 0.00885 0.0287
8 0.40781 0.5412 0.00729 0.03056
1 0.41979 0.56944 0.00417 0.00926
4 0.40208 0.48611 0.01458 0.04815
4 0.56797 0.03472 0.02135 0.01944
6 0.62891 0.0338 0.02344 0.01944
4 0.63906 0.06759 0.02083 0.01667
4 0.64479 0.08287 0.02083 0.01759
4 0.57578 0.06667 0.02135 0.01852
