4 0.48036 0.39238 0.045 0.04
4 0.41464 0.44571 0.05071 0.04571
4 0.37286 0.35524 0.04 0.03238
4 0.62464 0.31095 0.03071 0.02762
4 0.64179 0.25667 0.02786 0.0219
4 0.65357 0.22905 0.02857 0.0181
4 0.3025 0.38286 0.05929 0.02667
4 0.61607 0.34429 0.03786 0.03143
4 0.43607 0.31381 0.03357 0.0219
4 0.41821 0.31095 0.03071 0.02762
4 0.40071 0.30905 0.02571 0.02571
4 0.35857 0.3481 0.03714 0.02762
4 0.34 0.34619 0.03714 0.02762
4 0.32214 0.34333 0.03714 0.02762
4 0.68893 0.26 0.02214 0.02095
4 0.70607 0.24143 0.01929 0.0181
5 0.17786 0.39333 0.05 0.0419
1 0.64286 0.56238 0.01143 0.03143
1 0.25286 0.42333 0.00857 0.02571
1 0.24821 0.4281 0.00929 0.02571
2 0.82607 0.64048 0.025 0.03524
2 0.84393 0.64857 0.02071 0.02857
1 0.63929 0.54905 0.01143 0.03143
4 0.72 0.9519 0.16857 0.09619
2 0.67607 0.67619 0.01786 0.03619
2 0.74536 0.77619 0.02071 0.0419
2 0.73821 0.75381 0.02214 0.04476
2 0.23107 0.43476 0.01071 0.0219
1 0.61214 0.2281 0.00429 0.01429
4 0.32393 0.36905 0.03929 0.02571
0 0.46786 0.29333 0.01714 0.01905
0 0.48429 0.28476 0.01286 0.01714
0 0.50071 0.27714 0.01286 0.01524
0 0.53571 0.25571 0.01571 0.01238
2 0.75464 0.29571 0.00786 0.01429
10 0.75429 0.30143 0.00857 0.01619
10 0.23321 0.44095 0.02071 0.02286
10 0.67464 0.67905 0.03214 0.03238
3 0.74071 0.78714 0.04429 0.03333
3 0.73643 0.76333 0.04286 0.04476
3 0.97143 0.84857 0.05714 0.04
2 0.98643 0.84857 0.02714 0.03619
4 0.62429 0.21571 0.01857 0.01619
1 0.51429 0.30143 0.00571 0.0181
4 0.71107 0.21429 0.04214 0.02667
0 0.78036 0.19429 0.06786 0.06286
4 0.71536 0.25762 0.01786 0.0181
0 0.25429 0.54238 0.02 0.04476
0 0.24786 0.48619 0.01857 0.03905
