4 0.47422 0.83611 0.11615 0.11481
4 0.47917 0.74398 0.10521 0.09907
4 0.3487 0.61806 0.0526 0.10833
4 0.27865 0.88611 0.08542 0.17222
4 0.06953 0.75139 0.10469 0.16759
4 0.16745 0.57269 0.0651 0.10278
4 0.06276 0.55139 0.08177 0.11019
4 0.09167 0.59213 0.07917 0.11204
4 0.36797 0.50833 0.03802 0.08704
4 0.38698 0.42731 0.03229 0.06944
4 0.40964 0.36667 0.0276 0.04259
4 0.29193 0.43704 0.0401 0.06111
4 0.14193 0.44954 0.05677 0.08056
4 0.17292 0.46898 0.05312 0.0787
9 0.24141 0.40278 0.10156 0.18519
2 0.37188 0.75139 0.02187 0.06204
10 0.37292 0.7537 0.01667 0.08333
3 0.47995 0.54907 0.02656 0.02222
10 0.47734 0.53796 0.02969 0.03148
4 0.48802 0.49491 0.07917 0.05648
1 0.45312 0.42407 0.01042 0.04259
1 0.42682 0.42731 0.01094 0.03796
1 0.43255 0.4287 0.00885 0.03704
1 0.48073 0.38889 0.00937 0.03704
1 0.52448 0.4037 0.00937 0.03889
4 0.425 0.29352 0.02813 0.0537
4 0.43151 0.27407 0.01823 0.03519
4 0.43203 0.2338 0.01823 0.03241
4 0.45391 0.23889 0.01719 0.03148
4 0.47161 0.30787 0.02031 0.04352
4 0.50911 0.33102 0.04323 0.03981
4 0.51172 0.31759 0.0474 0.02963
4 0.50938 0.30648 0.04688 0.03333
4 0.49089 0.28889 0.03906 0.03148
4 0.48203 0.27778 0.03698 0.02407
4 0.48906 0.26296 0.0375 0.02778
2 0.4513 0.27546 0.00573 0.0213
10 0.45234 0.28009 0.00781 0.02315
2 0.46823 0.16667 0.00417 0.01667
2 0.48385 0.14583 0.00417 0.01389
2 0.49635 0.14861 0.00417 0.01204
2 0.52318 0.11065 0.0026 0.01019
2 0.52474 0.09213 0.0026 0.00833
2 0.54635 0.0662 0.00208 0.00463
3 0.46771 0.17037 0.00521 0.01481
3 0.48333 0.15 0.00313 0.01111
3 0.49583 0.15231 0.00313 0.01019
3 0.525 0.09537 0.00208 0.00741
3 0.54609 0.06852 0.00156 0.00556
1 0.54948 0.05926 0.00208 0.00741
1 0.54635 0.06157 0.00208 0.00648
1 0.54479 0.06389 0.00208 0.00741
1 0.54115 0.075 0.00208 0.00741
1 0.54323 0.075 0.00208 0.00926
1 0.50703 0.14167 0.00365 0.01667
1 0.52812 0.09769 0.00313 0.01019
1 0.53464 0.0963 0.0026 0.01111
1 0.53333 0.09259 0.00313 0.00926
1 0.53958 0.08565 0.00208 0.01019
3 0.52318 0.11343 0.0026 0.00833
4 0.51641 0.09861 0.0099 0.01389
1 0.47187 0.14074 0.00313 0.01111
4 0.51615 0.1662 0.02708 0.01944
4 0.51849 0.15972 0.02448 0.01944
4 0.51849 0.15556 0.02344 0.01852
4 0.52135 0.15324 0.02292 0.01759
4 0.52135 0.15093 0.02083 0.01852
4 0.52396 0.14769 0.02083 0.01759
4 0.52552 0.14167 0.02292 0.02037
5 0.53802 0.13333 0.03125 0.02593
0 0.54427 0.09769 0.01979 0.03981
0 0.55443 0.06481 0.00573 0.02037
4 0.30833 0.26065 0.02604 0.03611
1 0.34609 0.18333 0.00469 0.01481
10 0.34635 0.18796 0.00625 0.01481
1 0.36745 0.13981 0.00365 0.01481
1 0.33776 0.16204 0.00365 0.01481
1 0.12578 0.38565 0.01094 0.03611
1 0.1224 0.37963 0.0125 0.03889
1 0.1349 0.375 0.01146 0.03889
4 0.01875 0.41019 0.0375 0.0537
4 0.03307 0.38843 0.06302 0.05278
4 0.05521 0.36852 0.06146 0.0463
4 0.075 0.34861 0.05521 0.04352
4 0.02813 0.34491 0.05521 0.04907
4 0.14219 0.29444 0.04583 0.03704
4 0.18958 0.28472 0.03229 0.04537
4 0.1888 0.24769 0.0401 0.03796
4 0.2 0.23889 0.04063 0.03889
4 0.20677 0.23056 0.04271 0.03519
4 0.21302 0.2213 0.04167 0.03333
4 0.22734 0.21852 0.03177 0.02407
4 0.23568 0.2088 0.02865 0.02685
4 0.25911 0.21806 0.02344 0.03056
4 0.25026 0.19259 0.0276 0.02593
4 0.26042 0.18843 0.02917 0.0287
4 0.29922 0.1787 0.01823 0.02407
4 0.31719 0.14676 0.025 0.025
4 0.34557 0.14722 0.01719 0.02037
0 0.34036 0.12824 0.02135 0.01574
2 0.37109 0.12593 0.00365 0.01111
10 0.37083 0.13241 0.00729 0.00926
4 0.38281 0.1213 0.01354 0.01667
1 0.38672 0.13935 0.0026 0.01759
1 0.38906 0.1375 0.00313 0.01574
