4 0.50651 0.63333 0.02969 0.06481
4 0.41641 0.29213 0.01406 0.03426
4 0.54063 0.45694 0.02604 0.06204
4 0.50313 0.33843 0.02292 0.03981
1 0.2487 0.29537 0.0026 0.01296
1 0.24583 0.29444 0.00313 0.01481
4 0.33333 0.525 0.01979 0.07037
4 0.32396 0.36157 0.01771 0.04907
4 0.3138 0.22407 0.01198 0.03704
4 0.35807 0.20694 0.01198 0.03241
1 0.32708 0.20231 0.00313 0.01759
1 0.32109 0.14769 0.00365 0.01759
1 0.3125 0.20324 0.00313 0.01204
1 0.3125 0.1375 0.00417 0.01759
1 0.30677 0.00602 0.00208 0.01204
1 0.30365 0.00648 0.00313 0.01296
2 0.32083 0.11065 0.00208 0.00648
5 0.4151 0.05 0.00937 0.01667
10 0.32135 0.11435 0.00417 0.01759
4 0.43203 0.10509 0.01094 0.0213
4 0.43984 0.13056 0.01094 0.02037
4 0.45599 0.18287 0.0151 0.0287
4 0.49635 0.16389 0.01562 0.02593
4 0.68125 0.90741 0.05729 0.12593
4 0.62604 0.73843 0.04375 0.10278
10 0.3875 0.89769 0.01562 0.0787
4 0.35599 0.81991 0.01823 0.09537
2 0.38802 0.88194 0.00937 0.03241
