4 0.08214 0.94 0.11286 0.08762
4 0.11143 0.75429 0.06286 0.10286
4 0.65714 0.44571 0.04286 0.08381
4 0.82893 0.33333 0.04643 0.06476
4 0.89571 0.38857 0.04571 0.06476
1 0.89071 0.47143 0.01286 0.03429
1 0.51179 0.84381 0.01071 0.02667
4 0.60786 0.85857 0.04714 0.1419
4 0.56786 0.56143 0.03571 0.08286
4 0.51607 0.08524 0.02214 0.04095
4 0.56357 0.4419 0.03429 0.08381
4 0.55214 0.36143 0.03 0.07524
4 0.53143 0.31 0.05 0.05048
4 0.84536 0.1881 0.03643 0.05619
4 0.97643 0.42714 0.04714 0.06952
0 0.98179 0.92667 0.035 0.06857
1 0.09036 0.85762 0.02357 0.02
5 0.11679 0.64143 0.05214 0.09429
5 0.17 0.42524 0.04857 0.07714
5 0.18071 0.32333 0.03 0.05619
4 0.27036 0.04333 0.02357 0.03524
4 0.275 0.01333 0.01286 0.02667
5 0.42571 0.12 0.05143 0.04571
4 0.28643 0.12905 0.05286 0.0219
4 0.64571 0.02476 0.02714 0.03048
9 0.7725 0.02333 0.05071 0.04667
4 0.61393 0.01286 0.015 0.02571
1 0.78071 0.18905 0.00714 0.02
1 0.17857 0.22 0.01429 0.02476
1 0.15607 0.25714 0.01071 0.02286
1 0.47357 0.09952 0.01 0.0219
10 0.09536 0.40429 0.01643 0.02381
10 0.26821 0.07143 0.01786 0.01524
10 0.23893 0.19714 0.00929 0.02857
3 0.21893 0.29714 0.01071 0.03429
1 0.21964 0.26619 0.00786 0.0181
1 0.18107 0.25286 0.01071 0.0219
1 0.20143 0.25048 0.01143 0.02667
1 0.18643 0.26857 0.01286 0.02857
10 0.25929 0.34952 0.01286 0.02667
4 0.145 0.53381 0.04714 0.08095
2 0.1775 0.46714 0.01214 0.01429
5 0.5325 0.18095 0.02643 0.05905
4 0.52964 0.14 0.02357 0.04571
4 0.51536 0.03762 0.01786 0.04095
2 0.53643 0.04095 0.00571 0.01333
2 0.7425 0.15619 0.00929 0.01905
2 0.61321 0.44143 0.01214 0.0181
3 0.74036 0.16333 0.00929 0.0219
3 0.53714 0.0481 0.00714 0.0181
10 0.61143 0.44571 0.01 0.02857
3 0.93036 0.41667 0.01214 0.02762
3 0.92857 0.3919 0.00857 0.03524
4 0.97607 0.33429 0.03643 0.06286
