1 0.13255 0.7162 0.00365 0.01574
1 0.08646 0.57824 0.00208 0.00833
1 0.08854 0.57917 0.00208 0.00833
1 0.0987 0.57593 0.00156 0.00926
1 0.09714 0.57593 0.00156 0.00926
1 0.09531 0.57639 0.00208 0.01019
1 0.10339 0.58241 0.00156 0.00741
2 0.10547 0.59954 0.00156 0.00463
3 0.10521 0.60231 0.00208 0.00648
4 0.00547 0.53287 0.00365 0.00463
4 0.03906 0.5463 0.00313 0.00556
4 0.04479 0.54444 0.00313 0.00556
4 0.04505 0.54028 0.00365 0.00463
4 0.0474 0.54769 0.00417 0.00463
4 0.05625 0.54537 0.00313 0.0037
4 0.06198 0.54583 0.00313 0.00463
4 0.0625 0.55185 0.00417 0.00556
4 0.05286 0.5537 0.00365 0.00556
4 0.05026 0.57963 0.00573 0.00741
4 0.06458 0.56852 0.00417 0.00556
4 0.06823 0.57269 0.00521 0.00648
6 0.09036 0.55509 0.01094 0.01019
6 0.09505 0.55556 0.01094 0.00926
4 0.10156 0.54444 0.00833 0.00556
4 0.00443 0.61574 0.00885 0.01111
4 0.05964 0.61204 0.00677 0.00926
4 0.06953 0.60417 0.00677 0.00833
4 0.10729 0.95972 0.05937 0.0213
4 0.2487 0.93981 0.05156 0.05185
2 0.32031 0.85694 0.00729 0.01944
1 0.43906 0.90787 0.00729 0.03426
3 0.31927 0.8662 0.0125 0.0213
4 0.35339 0.8963 0.04115 0.04259
4 0.37917 0.83843 0.03333 0.03611
4 0.3724 0.81944 0.03438 0.03333
4 0.41042 0.81759 0.03125 0.03519
4 0.4599 0.81806 0.02917 0.03426
4 0.44714 0.79306 0.0276 0.03241
6 0.48151 0.76157 0.02969 0.04537
3 0.48333 0.86991 0.01042 0.02315
3 0.4875 0.8662 0.01042 0.02315
3 0.49219 0.86343 0.01042 0.02315
3 0.4974 0.85972 0.01042 0.02315
3 0.50208 0.85602 0.01042 0.02315
3 0.50573 0.85324 0.01042 0.02315
3 0.51406 0.84676 0.01042 0.02315
3 0.5151 0.83843 0.01042 0.02315
3 0.52865 0.82731 0.01042 0.02315
3 0.53802 0.82361 0.01042 0.02315
3 0.54635 0.81343 0.01042 0.02315
3 0.55052 0.81157 0.01042 0.02315
3 0.55573 0.8088 0.01042 0.02315
3 0.55885 0.80417 0.01042 0.02315
3 0.56406 0.79954 0.01042 0.02315
3 0.56667 0.79769 0.01042 0.02315
3 0.56875 0.79213 0.01042 0.02315
4 0.50938 0.75324 0.02396 0.0287
4 0.53125 0.77546 0.02396 0.025
8 0.62135 0.80694 0.02187 0.0287
8 0.62187 0.74769 0.01667 0.02315
1 0.63333 0.73009 0.00417 0.01944
4 0.56589 0.74954 0.02031 0.025
4 0.53385 0.73796 0.02292 0.02778
4 0.55599 0.725 0.01927 0.02407
1 0.52448 0.6963 0.00313 0.01852
1 0.55729 0.68148 0.00417 0.01852
4 0.56484 0.70417 0.01615 0.01944
4 0.57943 0.69167 0.01615 0.01481
4 0.57552 0.71157 0.01875 0.0213
4 0.64193 0.72917 0.00365 0.01759
4 0.66146 0.70741 0.00417 0.01667
4 0.59115 0.69907 0.01667 0.02037
4 0.6263 0.69907 0.01719 0.01852
5 0.60417 0.6912 0.01354 0.01944
4 0.6151 0.68657 0.0125 0.01574
4 0.60833 0.67917 0.01458 0.01389
4 0.61719 0.67222 0.01458 0.01481
4 0.62734 0.68056 0.01406 0.01667
1 0.71458 0.65972 0.00313 0.01389
10 0.69531 0.7162 0.01354 0.01389
1 0.69453 0.70741 0.0026 0.01296
1 0.69063 0.70602 0.00417 0.01574
4 0.64167 0.66991 0.01562 0.01574
4 0.63828 0.66065 0.01719 0.01574
4 0.65391 0.66296 0.0151 0.01296
5 0.65599 0.65278 0.01094 0.01296
4 0.66302 0.64213 0.01042 0.01019
4 0.67474 0.64954 0.01198 0.01204
4 0.68568 0.64167 0.01094 0.01111
4 0.67474 0.63704 0.01094 0.01111
1 0.67422 0.62731 0.00156 0.01019
1 0.6776 0.63009 0.00104 0.01204
1 0.67969 0.63102 0.00208 0.01019
4 0.66536 0.62361 0.01302 0.01204
4 0.65938 0.62731 0.01146 0.01204
4 0.66563 0.61759 0.01354 0.01296
6 0.68411 0.61435 0.01615 0.01204
4 0.67865 0.60185 0.00833 0.00926
6 0.69323 0.60833 0.01667 0.01296
4 0.70026 0.60833 0.01302 0.00926
6 0.69661 0.60417 0.01615 0.01204
4 0.6849 0.63333 0.01042 0.01296
4 0.69505 0.63657 0.01094 0.01204
5 0.69323 0.62593 0.01042 0.01481
4 0.70234 0.63241 0.01198 0.01111
5 0.71484 0.62176 0.0151 0.01389
4 0.63125 0.64306 0.01667 0.01204
4 0.60651 0.63981 0.01198 0.00926
4 0.59583 0.63611 0.01146 0.00926
4 0.58698 0.63287 0.0125 0.01204
4 0.57396 0.63148 0.01146 0.01111
4 0.55937 0.64213 0.01875 0.01389
4 0.54141 0.63519 0.01615 0.01296
4 0.54479 0.62639 0.0125 0.01019
4 0.53385 0.62037 0.01042 0.00926
4 0.51875 0.63009 0.01458 0.01204
4 0.49661 0.62222 0.01406 0.01111
4 0.45 0.60741 0.01146 0.00926
4 0.3401 0.57546 0.00937 0.00648
4 0.33021 0.57222 0.00729 0.00556
4 0.32266 0.57037 0.00781 0.00556
