4 0.51464 0.22843 0.01214 0.03553
4 0.55857 0.31409 0.02429 0.03426
4 0.4225 0.21066 0.01357 0.03299
9 0.52536 0.29505 0.01929 0.05711
5 0.56643 0.67259 0.02571 0.07614
6 0.48214 0.02855 0.01286 0.04188
5 0.5075 0.17195 0.01357 0.03173
1 0.34964 0.59074 0.00643 0.02411
1 0.34214 0.56536 0.00714 0.02919
1 0.33536 0.56345 0.00643 0.03046
1 0.35321 0.58185 0.00643 0.02919
1 0.67286 0.84201 0.00714 0.02665
1 0.655 0.82868 0.00571 0.03299
1 0.66036 0.83312 0.00786 0.02157
1 0.59643 0.40926 0.00714 0.02157
1 0.60643 0.36929 0.00571 0.01777
1 0.60536 0.38515 0.00643 0.01904
1 0.60857 0.38769 0.00571 0.0165
1 0.61464 0.37056 0.005 0.02538
1 0.61857 0.37056 0.00571 0.0203
1 0.62464 0.16053 0.005 0.01904
1 0.62857 0.20051 0.00429 0.01777
4 0.60464 0.09454 0.025 0.02157
4 0.60679 0.0901 0.02214 0.01777
1 0.62071 0.12881 0.00571 0.01904
1 0.64107 0.19036 0.00357 0.01777
1 0.61464 0.11041 0.00357 0.01777
0 0.39714 0.06536 0.04286 0.0368
0 0.51214 0.04061 0.01571 0.0533
