4 0.09714 0.73843 0.07031 0.18796
6 0.04349 0.90741 0.08594 0.12963
4 0.21432 0.92546 0.0599 0.09352
4 0.23203 0.75231 0.06198 0.20463
4 0.13203 0.57222 0.0724 0.14074
4 0.25156 0.57454 0.04688 0.14167
4 0.54245 0.91435 0.1276 0.11574
1 0.54505 0.80093 0.02344 0.0463
5 0.51615 0.75787 0.08958 0.11019
2 0.61901 0.67778 0.0224 0.03333
3 0.61693 0.68565 0.01615 0.05833
10 0.65339 0.52269 0.03177 0.03981
10 0.67266 0.57407 0.03594 0.0463
10 0.68281 0.62083 0.0375 0.04167
3 0.68594 0.64815 0.03646 0.04444
3 0.7026 0.51296 0.02917 0.03333
4 0.5763 0.32222 0.07344 0.05926
4 0.57292 0.2838 0.06875 0.05833
4 0.54323 0.18056 0.05417 0.05741
4 0.55547 0.14769 0.05469 0.04907
1 0.5526 0.08102 0.00833 0.03241
1 0.56172 0.08611 0.01094 0.03519
5 0.56875 0.12685 0.06146 0.05556
4 0.5362 0.02685 0.03906 0.05185
1 0.49948 0.175 0.01042 0.03889
4 0.62344 0.05185 0.03021 0.03333
4 0.46224 0.01389 0.04427 0.02778
4 0.42031 0.14306 0.02708 0.05463
4 0.42865 0.20787 0.02604 0.06019
4 0.43438 0.27269 0.03021 0.0787
4 0.53646 0.56528 0.04896 0.15278
1 0.54766 0.4912 0.01302 0.04352
1 0.55781 0.47454 0.0125 0.04167
2 0.58958 0.52546 0.0125 0.03796
4 0.26198 0.43194 0.04063 0.1213
10 0.1513 0.45741 0.02031 0.04815
1 0.22448 0.30787 0.01042 0.04167
4 0.27604 0.31667 0.03229 0.08519
5 0.19948 0.41343 0.05208 0.15093
4 0.18021 0.32407 0.0375 0.09259
4 0.28307 0.23889 0.03073 0.07593
4 0.29531 0.11991 0.02708 0.06019
4 0.19271 0.24769 0.03438 0.08056
1 0.31068 0.04722 0.00781 0.03333
6 0.38099 0.03194 0.06302 0.06389
10 0.13151 0.26481 0.01302 0.03889
10 0.1487 0.22824 0.01823 0.04167
10 0.14792 0.15324 0.01562 0.03426
10 0.15182 0.1412 0.02031 0.025
4 0.17422 0.09167 0.05365 0.04815
5 0.15313 0.06574 0.05521 0.06111
1 0.13594 0.02407 0.01146 0.03148
1 0.21563 0.02963 0.00937 0.03148
4 0.21823 0.01944 0.03958 0.03889
1 0.09167 0.28287 0.01562 0.03981
1 0.09453 0.2787 0.01615 0.03704
10 0.00755 0.69491 0.0151 0.05093
