1 0.414 0.68667 0.03 0.10133
1 0.7735 0.76133 0.05 0.11867
4 0.48725 0.63567 0.1095 0.218
1 0.64475 0.44167 0.0215 0.07
1 0.6285 0.43867 0.015 0.06
10 0.69125 0.43433 0.0495 0.054
4 0.6495 0.36 0.059 0.08133
2 0.56475 0.387 0.0195 0.04067
7 0.4535 0.41167 0.043 0.07667
2 0.4605 0.385 0.023 0.03667
1 0.34 0.36033 0.03 0.06467
6 0.314 0.35267 0.095 0.11467
6 0.58225 0.255 0.1015 0.07133
1 0.526 0.251 0.01 0.04067
4 0.5425 0.21967 0.037 0.04867
4 0.49325 0.24233 0.0435 0.05133
6 0.44725 0.18267 0.0385 0.052
6 0.603 0.17933 0.07 0.04133
4 0.59775 0.168 0.0515 0.032
3 0.49375 0.15667 0.0085 0.02533
2 0.494 0.14733 0.008 0.02533
10 0.4855 0.15333 0.015 0.02267
2 0.48575 0.144 0.0105 0.024
2 0.49075 0.13433 0.0095 0.01933
5 0.47675 0.127 0.0215 0.03667
6 0.46375 0.108 0.0545 0.04667
1 0.52025 0.129 0.0085 0.02733
4 0.5035 0.08933 0.02 0.028
10 0.5165 0.10567 0.009 0.02067
2 0.51725 0.10233 0.0075 0.02467
6 0.5565 0.12 0.026 0.03867
6 0.60475 0.07567 0.0275 0.054
4 0.50575 0.076 0.0345 0.02
4 0.52225 0.059 0.0125 0.018
4 0.5285 0.05433 0.012 0.01533
4 0.52975 0.048 0.0125 0.01467
0 0.54775 0.02367 0.0295 0.03267
