4 0.70286 0.11019 0.00365 0.00556
4 0.72422 0.11528 0.00677 0.01204
4 0.70234 0.17083 0.00677 0.01019
4 0.68073 0.275 0.01146 0.02407
4 0.70312 0.2588 0.01354 0.0213
4 0.72161 0.23981 0.01302 0.02407
4 0.71667 0.2588 0.01354 0.0213
4 0.69844 0.28194 0.0125 0.02685
4 0.68177 0.30231 0.01458 0.025
2 0.72318 0.28102 0.00573 0.01019
10 0.72266 0.28611 0.01302 0.01667
9 0.68984 0.3213 0.07552 0.09815
5 0.64557 0.41713 0.03073 0.03611
4 0.6013 0.48519 0.02656 0.02963
4 0.5776 0.475 0.02083 0.02593
4 0.56146 0.50185 0.01979 0.02593
4 0.55208 0.50046 0.01771 0.0213
4 0.53464 0.51806 0.01615 0.0213
4 0.51068 0.55648 0.01615 0.02222
6 0.50078 0.53194 0.01302 0.01759
4 0.49766 0.54352 0.01094 0.01852
9 0.43672 0.62454 0.02031 0.02685
4 0.47161 0.55926 0.00885 0.01296
4 0.4625 0.6 0.01042 0.01296
4 0.45599 0.58611 0.00781 0.01296
4 0.44948 0.59769 0.00937 0.01204
4 0.43854 0.6037 0.00833 0.01296
4 0.44505 0.59398 0.00677 0.01019
4 0.43854 0.58704 0.00729 0.01111
9 0.42839 0.60694 0.0151 0.02315
4 0.42969 0.61667 0.00625 0.01111
8 0.34115 0.82176 0.00729 0.01389
8 0.40807 0.83472 0.02031 0.03241
8 0.4026 0.82824 0.0125 0.025
8 0.39922 0.8213 0.01615 0.03148
4 0.34193 0.94861 0.02031 0.04722
4 0.28437 0.95972 0.01875 0.025
4 0.27396 0.95926 0.01458 0.02593
4 0.30625 0.93657 0.01979 0.03796
4 0.35313 0.9037 0.01562 0.03704
4 0.35313 0.87593 0.0125 0.02037
4 0.32969 0.90093 0.02187 0.04074
4 0.32552 0.88611 0.01354 0.03148
4 0.30469 0.90139 0.01562 0.03056
4 0.31094 0.88102 0.01458 0.0213
4 0.3138 0.86944 0.01615 0.02407
4 0.30781 0.86389 0.01146 0.02407
9 0.30052 0.84352 0.01771 0.04074
4 0.30599 0.82731 0.00781 0.01019
6 0.33177 0.78519 0.01146 0.01852
9 0.31823 0.79213 0.0125 0.01759
9 0.31927 0.78426 0.01771 0.03148
4 0.31068 0.8 0.00781 0.01481
4 0.29896 0.80833 0.00521 0.00741
