1 0.9 0.35033 0.007 0.02467
1 0.90325 0.346 0.0075 0.02933
1 0.91075 0.35 0.0105 0.03067
1 0.91375 0.35133 0.0095 0.024
1 0.91575 0.31533 0.0105 0.03067
1 0.92675 0.33433 0.0115 0.03
1 0.937 0.35633 0.013 0.034
1 0.94525 0.33333 0.0125 0.02533
2 0.94225 0.328 0.0095 0.02133
10 0.943 0.338 0.024 0.02133
2 0.96875 0.358 0.0115 0.024
10 0.9655 0.364 0.015 0.02667
2 0.96825 0.34733 0.0115 0.024
10 0.96675 0.35133 0.0155 0.02
1 0.982 0.364 0.013 0.03333
1 0.9905 0.37467 0.019 0.036
10 0.99375 0.38333 0.0125 0.02933
1 0.99075 0.34933 0.0185 0.036
1 0.9745 0.41533 0.017 0.04267
2 0.97775 0.42367 0.0125 0.02333
1 0.983 0.43733 0.017 0.04
1 0.99175 0.45933 0.0165 0.05467
1 0.97225 0.471 0.0245 0.05133
1 0.97625 0.479 0.0275 0.05933
1 0.99175 0.403 0.0135 0.03267
1 0.9585 0.54633 0.022 0.062
1 0.9295 0.54333 0.02 0.048
1 0.9235 0.47833 0.022 0.06067
2 0.9105 0.39233 0.018 0.03133
3 0.90975 0.40133 0.0185 0.02933
1 0.89625 0.51067 0.0245 0.05733
1 0.875 0.50667 0.023 0.06133
1 0.7605 0.42933 0.016 0.04133
1 0.7665 0.42967 0.009 0.03667
1 0.78825 0.44667 0.0175 0.05067
1 0.74525 0.438 0.0145 0.05467
2 0.74675 0.47967 0.0215 0.04733
2 0.744 0.478 0.008 0.02267
1 0.7065 0.48933 0.023 0.052
1 0.722 0.506 0.011 0.03733
1 0.71375 0.46267 0.0165 0.04533
10 0.8135 0.43167 0.017 0.038
10 0.8145 0.40233 0.02 0.03
3 0.835 0.41167 0.024 0.02867
3 0.86475 0.36633 0.0225 0.02733
1 0.99125 0.53833 0.0175 0.06333
2 0.97375 0.64867 0.0425 0.052
1 0.91125 0.638 0.0345 0.07333
4 0.796 0.53567 0.088 0.08467
4 0.571 0.65467 0.153 0.18933
1 0.649 0.65033 0.03 0.074
1 0.68275 0.66267 0.0175 0.05733
1 0.7685 0.653 0.028 0.09133
1 0.79425 0.712 0.0415 0.08267
3 0.7845 0.73133 0.028 0.08133
2 0.84925 0.706 0.0355 0.06667
1 0.8795 0.768 0.028 0.076
1 0.91475 0.78267 0.0385 0.08533
1 0.703 0.83533 0.032 0.09333
1 0.693 0.88167 0.044 0.118
1 0.729 0.87667 0.032 0.10267
1 0.68725 0.92167 0.0365 0.07533
1 0.797 0.97733 0.045 0.04533
2 0.50325 0.962 0.0485 0.076
10 0.501 0.97033 0.061 0.05933
1 0.0535 0.894 0.061 0.10133
10 0.074 0.9 0.05 0.10933
1 0.13675 0.90967 0.0615 0.13
2 0.1175 0.893 0.023 0.058
4 0.3205 0.97267 0.176 0.05467
2 0.37425 0.788 0.0365 0.09067
10 0.37425 0.805 0.0315 0.10867
1 0.19125 0.703 0.0265 0.09
1 0.21325 0.691 0.0265 0.07667
1 0.2515 0.68333 0.027 0.07733
3 0.26475 0.693 0.0275 0.08867
2 0.267 0.70867 0.035 0.04267
1 0.35825 0.70133 0.0425 0.084
10 0.345 0.706 0.064 0.06267
1 0.4435 0.63367 0.021 0.07667
10 0.44325 0.62567 0.0525 0.062
10 0.4535 0.59767 0.033 0.062
1 0.41825 0.589 0.0175 0.066
7 0.52525 0.54433 0.0605 0.062
3 0.7725 0.42933 0.016 0.02667
10 0.9585 0.317 0.025 0.022
7 0.973 0.31433 0.029 0.026
1 0.9965 0.29333 0.007 0.02667
10 0.87175 0.79567 0.0435 0.08067
