6 0.33828 0.71065 0.01406 0.03611
4 0.35 0.65463 0.00937 0.03148
5 0.38333 0.6912 0.01042 0.03796
6 0.39896 0.7125 0.01354 0.03241
9 0.41172 0.69213 0.01823 0.07315
4 0.38932 0.56157 0.00885 0.03241
4 0.3474 0.57731 0.00833 0.02685
4 0.33724 0.57917 0.00781 0.02685
5 0.34687 0.52315 0.00729 0.02593
4 0.34375 0.47407 0.00729 0.02222
6 0.33464 0.48148 0.01198 0.05
4 0.33411 0.425 0.00677 0.01852
4 0.34375 0.44028 0.00729 0.01944
4 0.34297 0.41574 0.00677 0.01852
5 0.33385 0.39676 0.00729 0.0213
5 0.34193 0.3912 0.00781 0.01944
10 0.33516 0.3787 0.00365 0.00926
4 0.33333 0.3662 0.00625 0.01759
4 0.34193 0.36435 0.00573 0.01759
4 0.33229 0.34676 0.00625 0.01759
4 0.34063 0.34259 0.00625 0.01667
4 0.31641 0.31898 0.00573 0.01389
4 0.32448 0.32407 0.00625 0.01667
4 0.33229 0.3287 0.00625 0.01481
4 0.34036 0.31713 0.00677 0.01574
4 0.33229 0.30972 0.00625 0.01574
4 0.325 0.29907 0.00625 0.01481
4 0.31667 0.3 0.00625 0.01667
4 0.33151 0.2912 0.00573 0.01574
4 0.3474 0.29861 0.00625 0.01574
10 0.33932 0.29444 0.00365 0.00741
2 0.33958 0.29259 0.00313 0.00556
4 0.22865 0.23935 0.01146 0.01019
4 0.22812 0.22731 0.01146 0.01019
4 0.24479 0.22639 0.01042 0.01019
4 0.2474 0.2375 0.0125 0.01204
4 0.26458 0.22593 0.01146 0.00926
4 0.26458 0.23796 0.0125 0.00926
4 0.28411 0.24213 0.01094 0.01019
4 0.28203 0.23657 0.01198 0.00833
9 0.28646 0.2287 0.01667 0.01481
4 0.29922 0.23611 0.0099 0.00926
4 0.29974 0.22454 0.01094 0.01019
4 0.31224 0.22917 0.01094 0.01019
4 0.31901 0.24074 0.01198 0.01296
4 0.33437 0.22315 0.01146 0.00926
4 0.39948 0.25463 0.01146 0.01111
4 0.4138 0.2537 0.01198 0.01111
9 0.40911 0.24167 0.03073 0.02222
6 0.43594 0.2412 0.01354 0.01759
9 0.4237 0.23056 0.02969 0.01852
6 0.39505 0.23704 0.01719 0.01852
1 0.4125 0.54398 0.00208 0.00833
1 0.40365 0.49259 0.00313 0.01111
