6 0.93107 0.47208 0.125 0.24873
4 0.83571 0.42766 0.05571 0.10406
4 0.83429 0.09708 0.04286 0.06726
4 0.96393 0.04569 0.04357 0.06345
5 0.97893 0.46954 0.04214 0.11421
1 0.47821 0.6802 0.01071 0.03553
1 0.42607 0.64404 0.01071 0.03173
1 0.70821 0.90546 0.01071 0.0368
2 0.53929 0.95939 0.01 0.02792
2 0.53429 0.9264 0.01143 0.0203
2 0.55929 0.91117 0.01286 0.02284
2 0.5475 0.9264 0.015 0.03046
2 0.55357 0.95622 0.01143 0.02157
0 0.68821 0.97018 0.03071 0.05711
1 0.49179 0.63325 0.01214 0.02538
1 0.49429 0.6231 0.01143 0.0203
1 0.57036 0.63198 0.00786 0.02792
1 0.58893 0.68274 0.00929 0.03046
1 0.58821 0.63261 0.01071 0.03934
1 0.59893 0.6269 0.00929 0.02792
1 0.575 0.59391 0.01 0.02538
1 0.58321 0.58756 0.01071 0.03553
1 0.5925 0.59137 0.00929 0.03807
1 0.60107 0.59391 0.01071 0.02538
1 0.60429 0.6066 0.01143 0.03299
1 0.43857 0.25888 0.00571 0.02538
1 0.44679 0.25254 0.00643 0.02792
1 0.44857 0.32614 0.01286 0.0203
1 0.45 0.34074 0.00857 0.02411
1 0.43857 0.24937 0.00714 0.01904
1 0.43179 0.26079 0.00643 0.0165
1 0.46143 0.20241 0.00714 0.02919
1 0.63214 0.18401 0.01 0.03046
1 0.45286 0.02538 0.00714 0.02538
1 0.42679 0.03236 0.00643 0.02157
1 0.52964 0.00888 0.00643 0.01777
1 0.585 0.07868 0.00429 0.01777
1 0.57607 0.0552 0.00643 0.02665
0 0.53464 0.04759 0.01357 0.02665
2 0.70679 0.90165 0.00643 0.02157
1 0.49429 0.3052 0.00857 0.03173
1 0.47679 0.15038 0.00643 0.02411
0 0.60536 0.44162 0.025 0.03299
