4 0.89275 0.16883 0.01931 0.02412
5 0.71268 0.49072 0.02453 0.04638
4 0.56133 0.47032 0.03288 0.04453
4 0.53366 0.46568 0.03288 0.04638
4 0.51331 0.45408 0.03497 0.04731
4 0.45068 0.41883 0.03288 0.0436
1 0.4118 0.41002 0.00626 0.02226
4 0.38257 0.57792 0.02714 0.03525
4 0.47782 0.67115 0.04645 0.05473
4 0.52009 0.7231 0.04228 0.06957
1 0.13231 0.81076 0.01096 0.02226
1 0.12891 0.81679 0.00731 0.01391
10 0.05689 0.64703 0.01775 0.02505
4 0.01722 0.58256 0.03445 0.04824
4 0.03784 0.96011 0.07568 0.07607
4 0.02584 0.13636 0.02871 0.02597
4 0.18528 0.05751 0.02088 0.0167
4 0.20955 0.04824 0.02349 0.02226
4 0.23773 0.03479 0.02035 0.01948
11 0.262 0.01809 0.02714 0.03432
