5 0.55775 0.80667 0.1625 0.12
5 0.51025 0.719 0.1755 0.12333
5 0.63325 0.64933 0.0705 0.18533
5 0.4685 0.62267 0.182 0.124
2 0.7025 0.59433 0.03 0.054
3 0.7005 0.617 0.031 0.06467
5 0.559 0.51667 0.105 0.096
4 0.4425 0.44467 0.126 0.07333
5 0.66375 0.309 0.0595 0.08333
4 0.841 0.48167 0.132 0.07933
4 0.806 0.38267 0.119 0.072
5 0.5705 0.41333 0.091 0.12533
4 0.488 0.392 0.121 0.064
5 0.52675 0.34033 0.0915 0.07
7 0.339 0.73933 0.095 0.09333
10 0.86175 0.53667 0.0555 0.056
7 0.86 0.43833 0.088 0.04733
3 0.73625 0.31367 0.0375 0.038
10 0.2905 0.57333 0.05 0.048
10 0.42075 0.51833 0.0495 0.05133
3 0.383 0.39467 0.039 0.04267
3 0.3575 0.40067 0.045 0.03867
2 0.44375 0.324 0.0195 0.03333
10 0.4585 0.34467 0.016 0.04
2 0.4095 0.32333 0.015 0.03067
1 0.46725 0.27833 0.0185 0.04467
1 0.42125 0.232 0.0155 0.04667
1 0.4875 0.24967 0.012 0.046
1 0.4775 0.24367 0.012 0.042
1 0.4685 0.259 0.011 0.02733
1 0.36825 0.22833 0.0145 0.03133
1 0.357 0.25367 0.013 0.04067
2 0.35775 0.24333 0.0095 0.01733
2 0.3335 0.232 0.012 0.036
1 0.69825 0.24033 0.0185 0.04467
1 0.7215 0.28067 0.013 0.044
1 0.74375 0.246 0.0155 0.04
1 0.73625 0.22967 0.0185 0.04067
1 0.77825 0.28833 0.0195 0.04467
1 0.77325 0.283 0.0185 0.04333
