5 0.18411 0.83426 0.08594 0.27222
4 0.26328 0.73935 0.05365 0.18796
4 0.30391 0.43704 0.03906 0.11852
4 0.36354 0.48519 0.0375 0.09815
4 0.41875 0.68611 0.05104 0.16296
4 0.40729 0.53333 0.04063 0.11852
4 0.40755 0.41528 0.03698 0.08426
4 0.44401 0.88333 0.06094 0.17778
5 0.38151 0.91481 0.05573 0.11481
4 0.03333 0.85046 0.06667 0.21389
4 0.2224 0.41343 0.04583 0.10278
4 0.23464 0.33519 0.0349 0.06111
4 0.31719 0.24491 0.02708 0.06389
4 0.30417 0.1588 0.02292 0.04722
4 0.29193 0.08843 0.01719 0.03796
10 0.2612 0.32037 0.01198 0.03704
4 0.28229 0.14259 0.02708 0.04074
5 0.2724 0.17361 0.02396 0.05463
5 0.39948 0.32917 0.02708 0.06574
4 0.39557 0.27222 0.02865 0.05741
1 0.36745 0.29444 0.0099 0.04259
10 0.35313 0.12917 0.00833 0.025
2 0.35391 0.12407 0.00781 0.02037
2 0.35365 0.125 0.00521 0.01667
4 0.30104 0.0537 0.02187 0.02593
4 0.25677 0.03796 0.01667 0.03148
5 0.27474 0.03333 0.01406 0.03889
4 0.31172 0.01713 0.02865 0.02315
4 0.3112 0.02778 0.02656 0.02037
4 0.30964 0.03657 0.02656 0.025
4 0.39349 0.11944 0.02865 0.03148
5 0.37891 0.10648 0.03281 0.04259
4 0.3763 0.06991 0.02969 0.02685
5 0.3737 0.0537 0.02656 0.02222
4 0.37292 0.0375 0.02708 0.01944
4 0.37214 0.0287 0.02448 0.01852
1 0.41146 0.07315 0.00521 0.02593
4 0.37422 0.00787 0.02552 0.01574
10 0.6 0.7662 0.03854 0.07315
10 0.5724 0.64954 0.02917 0.06204
5 0.53672 0.5463 0.05156 0.12963
1 0.58281 0.32685 0.01146 0.03889
10 0.51172 0.35139 0.01198 0.04352
4 0.47865 0.28611 0.03125 0.06481
1 0.52057 0.23333 0.00781 0.03333
10 0.47266 0.23843 0.02656 0.05278
1 0.5362 0.1787 0.01094 0.02963
1 0.53385 0.1125 0.00833 0.03056
1 0.46615 0.07917 0.00521 0.025
1 0.47266 0.06852 0.00573 0.02778
5 0.45234 0.09398 0.01823 0.04167
3 0.51276 0.11019 0.01094 0.01667
4 0.43281 0.09306 0.01771 0.03241
4 0.42865 0.06713 0.01667 0.0287
4 0.42422 0.03472 0.0151 0.02315
1 0.43255 0.00602 0.00365 0.01204
10 0.33802 0.8088 0.01875 0.07685
2 0.33828 0.79491 0.01823 0.03426
5 0.24141 0.0125 0.01927 0.02315
4 0.2849 0.01574 0.01354 0.03148
11 0.27161 0.09722 0.01615 0.02222
4 0.17813 0.06667 0.03125 0.03148
11 0.11302 0.24815 0.02187 0.02963
10 0.07839 0.2963 0.01927 0.03519
4 0.13333 0.49815 0.03854 0.08704
10 0.09688 0.58704 0.04167 0.05185
10 0.06745 0.58889 0.02656 0.05926
10 0.0112 0.49722 0.0224 0.05
