4 0.5625 0.48 0.07643 0.05333
4 0.34393 0.43429 0.05786 0.05524
4 0.31071 0.35857 0.05286 0.05619
4 0.255 0.36952 0.04286 0.04571
4 0.18857 0.3481 0.04 0.04857
4 0.15071 0.36095 0.03714 0.04571
4 0.15929 0.3081 0.03714 0.04476
4 0.13071 0.32143 0.03571 0.04667
4 0.17107 0.2581 0.035 0.04
4 0.13964 0.26857 0.035 0.04
4 0.11036 0.2281 0.02786 0.03143
4 0.10571 0.28143 0.03571 0.05048
4 0.08607 0.25095 0.025 0.03905
4 0.07357 0.22667 0.02714 0.03048
4 0.08036 0.18048 0.02786 0.03714
4 0.02357 0.13857 0.03 0.04476
4 0.88 0.43524 0.07857 0.0381
4 0.84464 0.39619 0.07643 0.03619
4 0.9325 0.39429 0.07786 0.03238
10 0.06321 0.37095 0.015 0.0181
10 0.06679 0.40952 0.015 0.02476
10 0.04357 0.45476 0.01571 0.02571
10 0.37929 0.57762 0.03 0.02571
10 0.28357 0.80095 0.04143 0.02857
2 0.27679 0.7981 0.02357 0.03048
2 0.37571 0.57095 0.01143 0.02571
2 0.34214 0.58381 0.01571 0.02286
2 0.14357 0.45619 0.01286 0.02095
2 0.04036 0.44571 0.01643 0.02095
2 0.0625 0.40238 0.01214 0.02
2 0.06143 0.36524 0.01143 0.0181
2 0.10179 0.36381 0.01214 0.02095
3 0.10321 0.36905 0.01643 0.02381
3 0.14679 0.46286 0.01929 0.02095
3 0.34429 0.59 0.02714 0.02571
3 0.54679 0.64857 0.035 0.02095
2 0.54429 0.64 0.01571 0.03238
2 0.67357 0.34429 0.01143 0.02952
10 0.67429 0.34952 0.02714 0.01714
9 0.83071 0.55571 0.22143 0.11905
