4 0.51714 0.86104 0.06 0.04442
4 0.65679 0.76904 0.02214 0.09898
4 0.70786 0.6618 0.04714 0.09518
4 0.71179 0.4099 0.025 0.09391
4 0.61036 0.72272 0.05214 0.03934
4 0.60393 0.65102 0.06643 0.04822
4 0.61143 0.59645 0.05 0.03807
4 0.60857 0.52982 0.05571 0.03934
4 0.61071 0.47398 0.05571 0.03934
4 0.61071 0.41117 0.05429 0.03807
4 0.615 0.35977 0.05143 0.04188
4 0.6075 0.30901 0.05071 0.04188
4 0.52536 0.21954 0.055 0.0533
4 0.6075 0.08629 0.05786 0.04822
4 0.60393 0.03363 0.05786 0.04188
5 0.71714 0.15228 0.02286 0.09391
5 0.61464 0.26015 0.05214 0.03807
5 0.25036 0.08185 0.02786 0.10025
6 0.60679 0.20431 0.07071 0.05838
4 0.52286 0.38959 0.06143 0.05076
4 0.52786 0.45939 0.05571 0.04569
4 0.52679 0.52982 0.05786 0.03934
4 0.52571 0.6599 0.05571 0.04569
5 0.52393 0.71701 0.04643 0.03807
9 0.40821 0.61929 0.03929 0.25127
4 0.23607 0.84264 0.02357 0.09898
4 0.23929 0.72652 0.02429 0.09518
4 0.2425 0.60533 0.02643 0.09898
4 0.2475 0.46891 0.025 0.09264
4 0.245 0.33629 0.02 0.09645
6 0.24357 0.21129 0.03429 0.12056
4 0.23393 0.96447 0.02786 0.06853
10 0.4575 0.12373 0.01071 0.05203
2 0.45786 0.1231 0.01143 0.02538
1 0.68714 0.09898 0.01143 0.02284
1 0.72214 0.59454 0.01143 0.0165
1 0.74893 0.57234 0.01071 0.01523
1 0.65929 0.17766 0.00857 0.01777
1 0.53357 0.95305 0.01 0.02792
1 0.73036 0.87373 0.00929 0.01904
1 0.75571 0.60596 0.00714 0.0165
