4 0.2715 0.87533 0.224 0.24667
2 0.40175 0.957 0.0465 0.08467
10 0.40175 0.95067 0.0425 0.09867
1 0.02725 0.848 0.0535 0.09067
10 0.029 0.84967 0.057 0.07133
2 0.081 0.87267 0.054 0.07733
10 0.08825 0.908 0.0795 0.12933
1 0.03625 0.76067 0.0265 0.05467
1 0.05375 0.743 0.0415 0.07667
1 0.13225 0.71467 0.0355 0.08533
10 0.12975 0.71267 0.0785 0.06267
10 0.1385 0.664 0.045 0.05867
8 0.2115 0.58133 0.09 0.05867
1 0.5375 0.90733 0.026 0.12667
1 0.5345 0.83533 0.02 0.06267
1 0.53725 0.78633 0.0315 0.10333
1 0.4925 0.77333 0.025 0.088
1 0.4435 0.77067 0.023 0.09067
1 0.59525 0.73033 0.0165 0.066
1 0.598 0.66133 0.018 0.06667
1 0.5725 0.654 0.02 0.06
1 0.502 0.63867 0.029 0.07333
1 0.54025 0.61267 0.0155 0.06933
1 0.35075 0.66167 0.0205 0.07267
1 0.366 0.66733 0.024 0.05733
4 0.28525 0.67733 0.1555 0.22667
3 0.5685 0.683 0.036 0.05667
3 0.49525 0.66167 0.0165 0.07667
10 0.549 0.63033 0.028 0.078
2 0.62025 0.534 0.0225 0.04133
1 0.537 0.527 0.018 0.07
1 0.60025 0.48667 0.0145 0.05467
1 0.5405 0.478 0.014 0.04933
1 0.5255 0.478 0.015 0.05733
4 0.4825 0.486 0.066 0.072
0 0.3045 0.259 0.091 0.05533
0 0.104 0.30567 0.185 0.11
1 0.4015 0.466 0.017 0.05067
1 0.418 0.46967 0.009 0.03267
1 0.4355 0.451 0.018 0.038
2 0.4315 0.45 0.008 0.01867
1 0.407 0.44133 0.01 0.04133
1 0.451 0.44333 0.014 0.04667
1 0.44325 0.41667 0.0105 0.04
1 0.447 0.40867 0.012 0.04667
1 0.4485 0.401 0.006 0.02467
1 0.442 0.40267 0.007 0.03333
1 0.4215 0.4 0.008 0.036
1 0.5855 0.43033 0.007 0.03667
1 0.6005 0.429 0.009 0.04467
1 0.61475 0.41967 0.0175 0.04467
3 0.61675 0.42433 0.0135 0.038
1 0.65125 0.41367 0.0105 0.042
1 0.6735 0.41433 0.008 0.042
10 0.64625 0.39367 0.0175 0.03
10 0.65825 0.392 0.0225 0.02667
5 0.6875 0.405 0.086 0.05533
1 0.739 0.40467 0.006 0.032
1 0.75175 0.40667 0.0135 0.03467
1 0.7535 0.38667 0.012 0.04
1 0.77 0.38733 0.018 0.04133
10 0.48225 0.39467 0.0125 0.03333
10 0.49925 0.37467 0.0145 0.028
10 0.48175 0.371 0.0125 0.026
3 0.5145 0.33133 0.02 0.02133
1 0.56625 0.37533 0.0115 0.04133
1 0.58525 0.36467 0.0105 0.04
1 0.62575 0.38 0.0075 0.036
1 0.604 0.375 0.008 0.03533
2 0.59875 0.361 0.0055 0.01667
1 0.602 0.353 0.008 0.02467
1 0.611 0.36767 0.007 0.038
1 0.61025 0.35767 0.0085 0.03267
2 0.61825 0.35533 0.0125 0.01733
2 0.61925 0.349 0.0105 0.01933
2 0.62225 0.33967 0.0115 0.01267
1 0.6315 0.364 0.013 0.02533
1 0.64275 0.344 0.0075 0.02533
1 0.61975 0.33233 0.0055 0.02067
2 0.63025 0.333 0.0085 0.01933
1 0.6245 0.327 0.006 0.01667
1 0.621 0.32533 0.005 0.02133
2 0.62525 0.323 0.0055 0.018
2 0.63125 0.323 0.0055 0.018
1 0.61075 0.319 0.0055 0.02733
1 0.62575 0.31267 0.0045 0.02267
1 0.6315 0.315 0.006 0.026
1 0.6055 0.31433 0.004 0.01533
1 0.599 0.30967 0.007 0.02733
1 0.5795 0.322 0.007 0.02933
1 0.5355 0.31567 0.005 0.01933
1 0.54025 0.311 0.0055 0.02467
1 0.5645 0.296 0.009 0.02667
1 0.62575 0.26667 0.0045 0.01867
1 0.602 0.26933 0.004 0.012
1 0.60725 0.265 0.0055 0.01933
1 0.63775 0.27 0.0065 0.02133
0 0.6625 0.203 0.033 0.02867
0 0.6525 0.235 0.009 0.02333
0 0.6485 0.27 0.014 0.02533
1 0.52225 0.30833 0.0065 0.02333
2 0.546 0.312 0.008 0.02133
2 0.58925 0.32 0.0075 0.02267
3 0.5905 0.326 0.009 0.02267
10 0.62225 0.308 0.0105 0.01733
3 0.616 0.306 0.005 0.02267
3 0.4485 0.39533 0.018 0.016
1 0.5505 0.28367 0.006 0.022
10 0.567 0.301 0.009 0.018
10 0.57975 0.306 0.0085 0.012
10 0.58575 0.30133 0.0075 0.01733
10 0.606 0.30133 0.008 0.01867
10 0.63525 0.299 0.0095 0.02067
2 0.5795 0.30033 0.006 0.01667
2 0.58725 0.29533 0.0065 0.01867
1 0.5775 0.294 0.007 0.02
1 0.60425 0.295 0.0095 0.02333
1 0.634 0.29633 0.004 0.022
1 0.64225 0.303 0.0065 0.02067
1 0.6445 0.252 0.004 0.01067
10 0.5765 0.28067 0.016 0.01467
8 0.5875 0.27567 0.011 0.018
1 0.5785 0.27033 0.005 0.01533
1 0.584 0.26733 0.006 0.016
1 0.58325 0.263 0.0055 0.01667
3 0.606 0.256 0.008 0.01067
2 0.60525 0.24967 0.0045 0.01133
1 0.61525 0.238 0.0035 0.012
1 0.62325 0.23933 0.0035 0.01333
1 0.62775 0.24 0.0035 0.016
1 0.63625 0.23167 0.0035 0.014
2 0.632 0.22867 0.004 0.00933
10 0.63175 0.23233 0.0045 0.00733
4 0.61875 0.24533 0.0165 0.016
4 0.64 0.23933 0.012 0.016
4 0.61925 0.225 0.0215 0.01267
4 0.6395 0.21833 0.011 0.01267
5 0.66425 0.24533 0.0115 0.02
4 0.668 0.233 0.01 0.01133
4 0.67075 0.22933 0.0105 0.012
4 0.66875 0.22433 0.0115 0.01
