4 0.0474 0.51944 0.02604 0.02037
4 0.2862 0.41343 0.01927 0.01759
4 0.32656 0.33704 0.02083 0.02222
4 0.28359 0.34213 0.02031 0.01759
4 0.28281 0.31111 0.02187 0.01852
4 0.28151 0.2713 0.0224 0.02037
4 0.28125 0.22037 0.01875 0.02037
4 0.3224 0.21898 0.02187 0.0213
4 0.32266 0.16713 0.01823 0.01759
4 0.32057 0.12963 0.02031 0.02037
4 0.27656 0.13009 0.01875 0.0213
5 0.28958 0.54537 0.01771 0.02037
4 0.33672 0.90509 0.0224 0.0213
6 0.42422 0.44815 0.01615 0.08333
10 0.40365 0.48056 0.00417 0.01481
4 0.53646 0.37407 0.01146 0.03519
10 0.54844 0.33843 0.00521 0.01759
1 0.66302 0.45972 0.00625 0.01019
1 0.6526 0.2912 0.00625 0.01019
1 0.69792 0.48704 0.00625 0.00926
1 0.69531 0.50139 0.00833 0.01204
1 0.67943 0.28056 0.00781 0.01296
1 0.71276 0.48935 0.00469 0.00833
1 0.71745 0.49074 0.00677 0.01296
