4 0.42865 0.79352 0.04063 0.13148
4 0.36693 0.50324 0.03385 0.13056
4 0.27526 0.43889 0.03385 0.12037
4 0.32917 0.45185 0.03021 0.11481
4 0.33333 0.27407 0.03021 0.11852
4 0.38229 0.32222 0.03229 0.12593
4 0.42708 0.28056 0.02917 0.13148
4 0.38932 0.12593 0.02969 0.11111
5 0.34818 0.11898 0.02656 0.11574
4 0.49609 0.93704 0.05156 0.07037
2 0.20339 0.49352 0.00885 0.01852
2 0.22839 0.53009 0.0099 0.0213
2 0.20755 0.53472 0.01823 0.0213
2 0.19141 0.78796 0.0151 0.01852
2 0.16615 0.78981 0.01562 0.02963
1 0.11719 0.66574 0.02292 0.01481
10 0.20599 0.49537 0.0151 0.04259
10 0.22995 0.53148 0.0099 0.0463
10 0.20599 0.54954 0.00885 0.02315
10 0.19271 0.78704 0.01458 0.05185
10 0.17109 0.78565 0.01823 0.05833
2 0.24948 0.7213 0.01146 0.02778
10 0.25443 0.7213 0.01823 0.0463
0 0.16875 0.72269 0.02292 0.04907
0 0.19193 0.69676 0.0151 0.04537
4 0.40651 0.55694 0.0276 0.13796
0 0.22682 0.28657 0.01094 0.04352
10 0.11797 0.53611 0.02344 0.04259
0 0.11797 0.48519 0.02448 0.04259
0 0.70859 0.75556 0.04115 0.04074
0 0.71328 0.86528 0.03177 0.03981
