4 0.29609 0.40648 0.02865 0.0463
4 0.36953 0.3963 0.03594 0.0537
4 0.4013 0.3875 0.03594 0.05463
4 0.47109 0.37824 0.02969 0.05648
4 0.58568 0.39815 0.03594 0.05185
4 0.53047 0.39398 0.04115 0.03981
4 0.64687 0.37639 0.04479 0.03241
4 0.69922 0.37269 0.04427 0.03611
4 0.68099 0.17731 0.01927 0.04352
4 0.67031 0.11389 0.02396 0.04074
4 0.65755 0.08287 0.01823 0.03981
6 0.64922 0.03519 0.0224 0.06481
5 0.70339 0.27083 0.02135 0.05463
5 0.43802 0.38009 0.03958 0.06204
5 0.26068 0.40231 0.03594 0.05463
4 0.23307 0.4125 0.03594 0.06019
4 0.19167 0.42778 0.03542 0.05741
1 0.17682 0.49722 0.0099 0.02407
1 0.44115 0.43241 0.00729 0.02037
1 0.46276 0.43611 0.00469 0.02222
1 0.4474 0.42176 0.00729 0.0213
