5 0.04286 0.03333 0.03 0.02286
4 0.01321 0.11857 0.02643 0.02381
4 0.22071 0.18095 0.03571 0.02286
4 0.3325 0.19571 0.03214 0.02
4 0.34571 0.24476 0.03286 0.02286
6 0.17964 0.42048 0.025 0.0581
4 0.21429 0.48857 0.01571 0.0419
1 0.26964 0.42524 0.00643 0.00857
6 0.02321 0.57476 0.02643 0.0581
4 0.11607 0.5781 0.01643 0.04
5 0.18464 0.58905 0.01786 0.04095
4 0.205 0.58952 0.01714 0.04
4 0.23571 0.59429 0.01571 0.0419
10 0.30786 0.69429 0.01286 0.00952
1 0.30429 0.68762 0.00429 0.00762
1 0.39679 0.43286 0.005 0.00476
2 0.42321 0.47905 0.00786 0.00571
3 0.42786 0.47571 0.01143 0.00476
6 0.32429 0.50524 0.02143 0.05619
4 0.36286 0.51 0.01571 0.04286
5 0.33786 0.61762 0.01429 0.03524
5 0.35536 0.62048 0.01357 0.03333
5 0.41607 0.52048 0.015 0.05048
5 0.45107 0.52762 0.015 0.04381
4 0.43286 0.52429 0.01286 0.03905
4 0.52 0.48 0.01571 0.04
4 0.48 0.53429 0.01429 0.0419
4 0.49786 0.53571 0.01429 0.04286
4 0.55607 0.48048 0.015 0.04286
4 0.53214 0.53714 0.01286 0.04381
4 0.58357 0.55 0.01429 0.04476
5 0.55179 0.54381 0.01357 0.03619
5 0.70714 0.44857 0.03429 0.02857
6 0.76179 0.45143 0.04643 0.02286
6 0.73929 0.50619 0.04143 0.02571
6 0.73571 0.57143 0.02286 0.05524
4 0.6975 0.56619 0.01357 0.03905
4 0.63036 0.55476 0.01357 0.03905
5 0.64679 0.55857 0.01357 0.03714
4 0.76929 0.13952 0.03 0.0219
4 0.66 0.30619 0.03 0.0181
4 0.70571 0.31619 0.03 0.01905
4 0.77071 0.32381 0.03 0.01905
4 0.80714 0.28857 0.02857 0.01905
5 0.75786 0.26333 0.03143 0.0219
5 0.81286 0.33429 0.02714 0.01714
1 0.49571 0.07667 0.00286 0.00857
5 0.4875 0.15952 0.03214 0.02381
4 0.29071 0.97476 0.01143 0.03524
4 0.43607 0.98857 0.015 0.02286
4 0.47464 0.99048 0.01643 0.01905
4 0.91571 0.98143 0.01857 0.03714
1 0.52393 0.7019 0.005 0.00762
4 0.37143 0.62286 0.01429 0.0419
4 0.38929 0.62571 0.01429 0.04381
4 0.40786 0.62714 0.01429 0.04286
5 0.425 0.63143 0.01286 0.03238
5 0.44143 0.63429 0.01429 0.04
5 0.48929 0.63952 0.01429 0.04095
6 0.47036 0.63905 0.01357 0.03619
5 0.55893 0.64952 0.01357 0.0381
5 0.62143 0.66143 0.01429 0.03714
5 0.70679 0.67286 0.01357 0.03143
5 0.78179 0.69667 0.01643 0.03524
5 0.65571 0.66619 0.01571 0.04476
4 0.63929 0.66381 0.01571 0.0419
1 0.73643 0.64095 0.00571 0.00571
1 0.82607 0.65524 0.00786 0.00571
6 0.80786 0.58619 0.02286 0.0581
8 0.8275 0.62619 0.02357 0.01238
1 0.84571 0.64381 0.00857 0.00571
1 0.85893 0.65 0.00786 0.00476
6 0.91893 0.16905 0.04643 0.03143
1 0.85286 0.16762 0.00857 0.00952
1 0.97107 0.22143 0.00786 0.00667
1 0.92 0.25714 0.00571 0.00571
4 0.59357 0.65048 0.01857 0.04762
1 0.87679 0.45476 0.00929 0.00857
7 0.84393 0.34381 0.03071 0.01905
5 0.87821 0.33286 0.02643 0.0219
6 0.86714 0.39 0.02 0.0581
0 0.92821 0.36048 0.05929 0.05238
