9 0.49679 0.76904 0.055 0.20812
5 0.55679 0.50063 0.04357 0.04188
5 0.17679 0.01904 0.01071 0.01523
4 0.23929 0.01142 0.01 0.01523
4 0.30214 0.01079 0.00857 0.01396
9 0.35536 0.01586 0.01214 0.02919
4 0.32107 0.02728 0.01214 0.01396
9 0.1675 0.0552 0.02786 0.05457
4 0.19464 0.00444 0.00643 0.00888
5 0.205 0.02728 0.00714 0.01142
4 0.24464 0.03617 0.01071 0.0165
5 0.11929 0.0882 0.01429 0.0165
5 0.13357 0.10216 0.01286 0.01904
5 0.10857 0.11802 0.01429 0.01777
4 0.09536 0.15102 0.01786 0.01777
4 0.14357 0.11358 0.01143 0.0165
4 0.15964 0.10787 0.01071 0.01523
5 0.13 0.15926 0.01571 0.02157
4 0.1725 0.12437 0.01214 0.01523
4 0.19786 0.10089 0.01 0.01904
4 0.23679 0.07487 0.00929 0.01777
5 0.00857 0.28744 0.01714 0.02665
4 0.02036 0.28997 0.01929 0.02157
4 0.0375 0.28934 0.02071 0.02538
4 0.05357 0.29695 0.02 0.02284
4 0.00929 0.43718 0.01857 0.03934
4 0.115 0.23287 0.01714 0.02919
4 0.12536 0.27728 0.01643 0.02665
1 0.11464 0.20051 0.00643 0.01777
5 0.10607 0.27919 0.01786 0.03553
9 0.0825 0.5 0.02786 0.11675
9 0.2225 0.15673 0.02214 0.06726
9 0.18571 0.41624 0.03143 0.10914
9 0.16071 0.54124 0.04714 0.13325
9 0.11857 0.80266 0.06 0.19162
1 0.02429 0.86358 0.01286 0.02157
1 0.04714 0.85596 0.00714 0.02157
1 0.04929 0.84264 0.00857 0.0203
2 0.0525 0.82614 0.00643 0.01523
2 0.05857 0.8236 0.00571 0.01269
2 0.06 0.79251 0.00571 0.0165
2 0.06321 0.80076 0.00643 0.01777
1 0.0625 0.77792 0.00786 0.01523
1 0.06893 0.77855 0.00643 0.01904
1 0.07286 0.76079 0.00714 0.0165
2 0.06786 0.74937 0.00857 0.01142
2 0.06679 0.75698 0.00643 0.01142
1 0.075 0.73668 0.00857 0.02665
1 0.07607 0.74302 0.00786 0.02665
1 0.07821 0.72779 0.00643 0.02157
1 0.08071 0.71891 0.00714 0.02665
1 0.08321 0.70812 0.00643 0.02792
1 0.08821 0.69416 0.00643 0.01269
1 0.09036 0.67766 0.00929 0.01777
1 0.09286 0.67322 0.00857 0.0165
5 0.64321 0.73477 0.055 0.0533
5 0.68071 0.82297 0.05714 0.05711
5 0.69143 0.86929 0.06 0.05838
5 0.70964 0.91624 0.06214 0.06345
5 0.54357 0.46764 0.04143 0.0368
5 0.51357 0.37817 0.03857 0.03553
4 0.53393 0.4448 0.03643 0.03173
4 0.52429 0.41244 0.03714 0.03046
5 0.51036 0.36294 0.03643 0.03046
5 0.49679 0.3236 0.035 0.03299
5 0.47929 0.28236 0.03286 0.02919
4 0.48964 0.30838 0.03071 0.02538
4 0.48357 0.29695 0.03143 0.02284
5 0.47321 0.25888 0.03214 0.03046
5 0.45214 0.23287 0.01714 0.03173
5 0.44071 0.20305 0.01571 0.03046
5 0.42464 0.15546 0.01643 0.02665
5 0.41786 0.13642 0.01429 0.02665
4 0.43429 0.18338 0.01429 0.02157
5 0.50571 0.20305 0.02429 0.03046
4 0.49679 0.18591 0.02786 0.02411
5 0.49607 0.16688 0.02929 0.02665
5 0.48929 0.15673 0.02714 0.02919
1 0.44321 0.08312 0.00643 0.02157
4 0.43964 0.03807 0.02786 0.02792
4 0.47107 0.10723 0.02929 0.02665
4 0.47179 0.12881 0.025 0.02411
5 0.47964 0.13896 0.02643 0.02411
5 0.48964 0.15799 0.02929 0.02665
5 0.51393 0.07297 0.01929 0.02665
5 0.51321 0.11231 0.02214 0.02919
5 0.52857 0.1066 0.02286 0.03807
4 0.54821 0.06853 0.02071 0.02284
5 0.56286 0.06155 0.02143 0.03173
5 0.57857 0.05711 0.02429 0.02792
4 0.59393 0.05647 0.01786 0.02665
4 0.61429 0.01079 0.02 0.01904
5 0.61071 0.0514 0.02143 0.02919
5 0.62464 0.04759 0.02357 0.02665
5 0.63714 0.04442 0.02714 0.02792
5 0.65286 0.03807 0.02429 0.03807
5 0.67214 0.03299 0.02143 0.03553
5 0.73036 0.01396 0.02786 0.02792
5 0.7475 0.01586 0.01929 0.02919
0 0.76357 0.01079 0.00857 0.01396
0 0.77821 0.00761 0.00929 0.01015
5 0.71643 0.01713 0.02 0.02919
5 0.70214 0.02538 0.02 0.03046
4 0.68571 0.02728 0.02286 0.03426
1 0.24607 0.42069 0.005 0.0165
1 0.24179 0.43464 0.00357 0.0165
1 0.22929 0.52411 0.00571 0.0203
4 0.36321 0.10152 0.00929 0.01777
4 0.36536 0.11802 0.00929 0.01777
4 0.35143 0.12056 0.01 0.0203
4 0.37357 0.13959 0.01143 0.0203
4 0.36143 0.15546 0.01 0.01904
4 0.37893 0.1618 0.01071 0.02157
4 0.37036 0.18782 0.01357 0.02284
4 0.38679 0.19416 0.01357 0.02284
4 0.37571 0.21701 0.01429 0.02284
4 0.38929 0.27348 0.01429 0.02665
9 0.40786 0.33629 0.02286 0.05838
4 0.42679 0.41942 0.01929 0.0368
5 0.44607 0.41751 0.01786 0.03553
5 0.51321 0.15419 0.01929 0.02919
5 0.515 0.19036 0.01857 0.03299
5 0.54929 0.10914 0.01714 0.02284
5 0.5625 0.10216 0.02357 0.02919
5 0.57357 0.09772 0.02143 0.02792
5 0.54536 0.14594 0.02357 0.03046
5 0.5625 0.13959 0.02357 0.03553
5 0.57286 0.13388 0.02857 0.03173
5 0.58821 0.13515 0.02214 0.02919
5 0.6075 0.13008 0.025 0.02919
5 0.59 0.09772 0.02 0.03046
5 0.61 0.09391 0.02143 0.02792
5 0.6225 0.0901 0.02214 0.03046
5 0.63786 0.08439 0.02286 0.03173
5 0.63464 0.11739 0.025 0.02919
5 0.64857 0.11739 0.02429 0.02919
5 0.65179 0.07805 0.025 0.03426
5 0.67036 0.07551 0.02214 0.02665
4 0.67893 0.10723 0.02643 0.02665
4 0.69393 0.10025 0.02643 0.03299
4 0.68536 0.0698 0.01786 0.02284
5 0.69893 0.06536 0.01929 0.0368
5 0.71071 0.09391 0.02 0.03299
4 0.72714 0.09327 0.01714 0.0368
5 0.73857 0.0901 0.02286 0.02792
4 0.71107 0.06345 0.01929 0.03046
5 0.725 0.05584 0.02286 0.03046
5 0.76464 0.07995 0.02071 0.03046
5 0.78036 0.07868 0.01929 0.02792
5 0.78964 0.07805 0.02071 0.02665
5 0.79964 0.03997 0.02071 0.02665
4 0.74214 0.05266 0.02 0.02665
4 0.75679 0.05076 0.02214 0.02792
4 0.76714 0.04442 0.02143 0.03046
