4 0.04643 0.28429 0.06429 0.05238
4 0.09357 0.32667 0.06571 0.05524
4 0.14964 0.37762 0.075 0.06952
4 0.22857 0.38619 0.06 0.07714
4 0.41393 0.40286 0.11214 0.07048
4 0.53143 0.3619 0.09429 0.06476
4 0.43107 0.50095 0.14357 0.08762
4 0.42607 0.56238 0.13357 0.0981
4 0.43857 0.63857 0.18 0.11524
4 0.51571 0.73905 0.16857 0.18476
4 0.62393 0.82714 0.15357 0.20286
4 0.5525 0.44238 0.11357 0.08286
4 0.65607 0.38524 0.09214 0.06381
4 0.63393 0.31571 0.08929 0.0581
4 0.82714 0.23571 0.06714 0.04286
4 0.8275 0.32524 0.06357 0.03143
