5 0.57821 0.7151 0.02357 0.0901
4 0.59107 0.49683 0.01929 0.05964
4 0.55786 0.35787 0.01714 0.0533
4 0.56143 0.08756 0.01143 0.03299
9 0.14786 0.88832 0.09857 0.07868
4 0.44107 0.98096 0.03071 0.03553
4 0.01893 0.90546 0.03786 0.05203
4 0.46357 0.0165 0.01143 0.02284
4 0.55643 0.01079 0.01 0.02157
1 0.38714 0.39213 0.00571 0.02538
1 0.38143 0.39086 0.00571 0.03046
1 0.4 0.27475 0.00429 0.02157
1 0.40143 0.26269 0.00429 0.0203
1 0.68893 0.75952 0.00786 0.03173
1 0.75464 0.64848 0.00786 0.03046
1 0.6875 0.57995 0.00643 0.0203
1 0.67429 0.60977 0.00571 0.02919
1 0.67893 0.61104 0.00357 0.02157
1 0.6825 0.60279 0.00643 0.03046
1 0.655 0.45876 0.00571 0.02411
1 0.64929 0.45749 0.00571 0.01904
1 0.64536 0.45114 0.00786 0.02411
5 0.61036 0.13325 0.02643 0.03553
11 0.52893 0.28744 0.01929 0.07741
