1 0.43964 0.57614 0.01643 0.06345
1 0.55321 0.54061 0.01357 0.0533
1 0.665 0.47779 0.01429 0.05711
1 0.6175 0.40609 0.01357 0.05076
1 0.57786 0.30838 0.01286 0.05584
1 0.62821 0.28871 0.01071 0.04949
1 0.29107 0.45812 0.01929 0.05076
1 0.23536 0.46066 0.01357 0.03046
1 0.19321 0.50381 0.01071 0.03299
1 0.09714 0.66624 0.02 0.04315
1 0.06929 0.66561 0.01714 0.0368
1 0.03 0.74746 0.02714 0.06091
1 0.02571 0.70241 0.02 0.0368
1 0.14607 0.51967 0.01786 0.0368
1 0.08714 0.54886 0.02143 0.05457
1 0.08214 0.49873 0.02 0.0533
1 0.18179 0.55647 0.015 0.03934
1 0.23857 0.52602 0.01143 0.03426
1 0.31929 0.32741 0.01714 0.0533
1 0.14036 0.4118 0.02071 0.05203
1 0.12607 0.41561 0.02071 0.05203
1 0.11464 0.4302 0.02071 0.06599
1 0.06571 0.4981 0.02429 0.06726
1 0.2225 0.30393 0.01643 0.04949
1 0.20643 0.32931 0.01286 0.05457
1 0.18286 0.34962 0.02 0.05964
1 0.31 0.31091 0.00857 0.03046
1 0.28107 0.3585 0.01214 0.03173
1 0.27857 0.4118 0.01143 0.03934
1 0.2975 0.42513 0.01786 0.05838
1 0.24643 0.37817 0.02429 0.03807
1 0.27107 0.34898 0.01357 0.03046
