4 0.27813 0.57315 0.02083 0.08333
4 0.31745 0.43657 0.02135 0.08241
4 0.32891 0.27685 0.01823 0.06667
4 0.35651 0.26481 0.01719 0.06296
4 0.36146 0.125 0.01562 0.05926
4 0.33906 0.11019 0.01771 0.05556
4 0.31224 0.08009 0.01823 0.05463
4 0.27917 0.13148 0.01875 0.05741
4 0.55703 0.18426 0.04219 0.03519
4 0.5599 0.14074 0.04167 0.03148
5 0.6276 0.51574 0.05104 0.0537
4 0.56276 0.03102 0.03906 0.03426
5 0.28568 0.40185 0.01927 0.06852
6 0.29505 0.29259 0.01719 0.06667
6 0.35703 0.59954 0.0401 0.25833
6 0.31172 0.63056 0.03906 0.1963
