4 0.50625 0.12833 0.0235 0.01267
4 0.551 0.11033 0.02 0.01133
4 0.47175 0.109 0.0225 0.01267
4 0.4495 0.10467 0.019 0.01067
6 0.46125 0.097 0.0235 0.01667
6 0.47275 0.092 0.0225 0.02
5 0.48225 0.07567 0.0115 0.01267
5 0.5055 0.07833 0.019 0.014
4 0.49075 0.082 0.0115 0.01067
4 0.50575 0.09433 0.0115 0.01267
4 0.52075 0.09167 0.0085 0.01133
4 0.51375 0.086 0.0095 0.00933
4 0.5205 0.08033 0.009 0.00733
4 0.5255 0.07033 0.017 0.01
5 0.53275 0.079 0.0095 0.01133
1 0.54525 0.06867 0.0095 0.00933
4 0.546 0.097 0.019 0.01133
6 0.5685 0.092 0.019 0.02
6 0.582 0.09233 0.015 0.01933
5 0.5545 0.084 0.016 0.01067
4 0.5685 0.077 0.009 0.01
4 0.57825 0.07667 0.0085 0.00933
4 0.5905 0.07833 0.013 0.01
4 0.59875 0.07833 0.0085 0.00867
4 0.5335 0.06433 0.013 0.00867
4 0.5305 0.06767 0.014 0.00867
4 0.55225 0.08967 0.0165 0.01
4 0.5355 0.064 0.01 0.008
0 0.57775 0.039 0.0705 0.04467
1 0.64475 0.112 0.0045 0.012
7 0.6265 0.11433 0.013 0.00867
3 0.6165 0.10633 0.008 0.00733
1 0.518 0.10767 0.004 0.01267
2 0.55525 0.17267 0.0055 0.00933
10 0.5555 0.176 0.006 0.01333
4 0.53475 0.255 0.0175 0.022
4 0.45625 0.138 0.0215 0.012
4 0.39725 0.13833 0.0175 0.01133
4 0.389 0.13633 0.018 0.01133
4 0.46825 0.15033 0.0255 0.01667
4 0.394 0.16367 0.015 0.01533
1 0.46675 0.24733 0.0055 0.01733
4 0.414 0.357 0.025 0.03667
4 0.516 0.32433 0.023 0.02733
4 0.49275 0.392 0.0255 0.03333
4 0.20325 0.09467 0.0195 0.01067
4 0.22325 0.09433 0.0145 0.01133
4 0.2155 0.11367 0.018 0.01133
4 0.241 0.104 0.021 0.01067
4 0.2525 0.09733 0.02 0.01067
5 0.2745 0.097 0.017 0.01267
6 0.3115 0.08767 0.024 0.02067
4 0.365 0.10167 0.02 0.01
4 0.44225 0.19133 0.0315 0.01867
4 0.4505 0.18433 0.029 0.018
4 0.24225 0.94833 0.0795 0.10333
