10 0.26321 0.91238 0.02786 0.08762
10 0.29214 0.54095 0.03143 0.09333
4 0.0275 0.45333 0.055 0.06095
4 0.03786 0.1381 0.05 0.11238
4 0.69143 0.04143 0.04429 0.08286
10 0.73607 0.06 0.03071 0.03238
10 0.75286 0.04286 0.02571 0.02476
10 0.75714 0.02238 0.03429 0.02571
10 0.67071 0.28952 0.01714 0.04571
4 0.62714 0.33714 0.08429 0.09714
10 0.73893 0.28667 0.03643 0.02667
10 0.73643 0.27143 0.03429 0.03048
10 0.77393 0.28 0.03643 0.03048
10 0.77536 0.30333 0.03786 0.02571
10 0.78071 0.32381 0.04 0.02286
10 0.74714 0.33762 0.04 0.02762
10 0.75571 0.36143 0.04286 0.02762
10 0.77429 0.3819 0.04 0.02667
10 0.75893 0.40667 0.03357 0.03238
10 0.77357 0.41857 0.03857 0.0219
10 0.77 0.43714 0.03857 0.02476
10 0.80143 0.43429 0.03429 0.03429
3 0.79357 0.41048 0.03429 0.02667
10 0.82143 0.4181 0.01571 0.04952
10 0.83821 0.41143 0.025 0.04571
1 0.80536 0.31905 0.01643 0.03619
4 0.64214 0.42857 0.08571 0.10286
5 0.65464 0.50238 0.085 0.11905
3 0.63607 0.59333 0.02929 0.0381
10 0.64714 0.62429 0.03857 0.02571
10 0.6675 0.63524 0.04929 0.02476
10 0.68964 0.60524 0.04643 0.02381
2 0.775 0.50905 0.01286 0.0219
2 0.76536 0.52048 0.01214 0.02
2 0.77357 0.53905 0.01286 0.01905
2 0.78786 0.54524 0.01429 0.0181
2 0.80429 0.53952 0.01714 0.02
2 0.78929 0.50476 0.01429 0.02095
2 0.80714 0.51619 0.01857 0.02286
2 0.84679 0.51333 0.01643 0.02095
2 0.855 0.5419 0.02143 0.02286
1 0.73679 0.58952 0.01643 0.02095
1 0.73071 0.61095 0.01857 0.03143
1 0.74821 0.64714 0.01929 0.02571
2 0.85214 0.58429 0.01143 0.02952
2 0.82643 0.60857 0.02286 0.01905
1 0.83071 0.62952 0.02143 0.02286
2 0.69571 0.75524 0.02143 0.01905
10 0.885 0.60571 0.03714 0.02286
2 0.89036 0.7319 0.01643 0.0181
2 0.89714 0.75048 0.01714 0.01905
2 0.92464 0.72238 0.02071 0.02
2 0.92964 0.74524 0.02071 0.02
2 0.95643 0.82714 0.02 0.0219
2 0.965 0.85476 0.02143 0.0219
2 0.92821 0.84476 0.015 0.02095
2 0.93357 0.86762 0.01429 0.01905
2 0.885 0.87905 0.01429 0.02476
2 0.85714 0.8781 0.01714 0.01905
1 0.84714 0.8981 0.02571 0.02095
2 0.89321 0.93714 0.02214 0.01905
2 0.91643 0.95238 0.02 0.02857
1 0.92607 0.98143 0.02071 0.02952
2 0.88179 0.95667 0.02071 0.03143
