4 0.10339 0.77037 0.1224 0.10556
4 0.16276 0.70278 0.1349 0.11852
5 0.19844 0.62824 0.14375 0.11944
4 0.21536 0.60185 0.09844 0.09259
4 0.23854 0.58148 0.09479 0.07778
4 0.24896 0.55231 0.08125 0.06019
4 0.27708 0.53056 0.07396 0.06296
5 0.28385 0.49722 0.06667 0.05556
4 0.30729 0.47778 0.05833 0.0537
4 0.31354 0.46528 0.05 0.03426
4 0.32161 0.45278 0.05365 0.04259
4 0.41901 0.43935 0.03385 0.04537
4 0.3849 0.41806 0.025 0.03981
1 0.4776 0.38426 0.00833 0.02963
4 0.39349 0.33241 0.00781 0.01481
4 0.39583 0.33056 0.01042 0.01296
4 0.40286 0.31759 0.01406 0.01296
4 0.45104 0.33194 0.01979 0.01759
4 0.45651 0.31852 0.01823 0.01667
1 0.47786 0.37269 0.00573 0.0213
2 0.48438 0.38241 0.00625 0.02037
2 0.4125 0.43704 0.01042 0.02963
10 0.70651 0.61759 0.02135 0.05741
10 0.59453 0.61667 0.02135 0.05926
10 0.61719 0.61435 0.02187 0.05463
3 0.62943 0.61528 0.02135 0.04722
5 0.05469 0.8625 0.10938 0.18796
