1 0.048 0.96233 0.003 0.01
1 0.069 0.94067 0.004 0.012
1 0.087 0.93467 0.004 0.012
5 0.07925 0.91433 0.0235 0.02067
4 0.12375 0.92767 0.0165 0.02333
4 0.118 0.84933 0.022 0.01333
4 0.12225 0.83867 0.0215 0.01067
2 0.15 0.926 0.003 0.008
10 0.15 0.92833 0.003 0.00867
10 0.15825 0.902 0.0065 0.01067
2 0.157 0.90033 0.003 0.00867
4 0.174 0.90433 0.015 0.02067
4 0.1945 0.902 0.016 0.02133
4 0.1615 0.875 0.012 0.01933
4 0.18475 0.864 0.0145 0.02
4 0.198 0.863 0.013 0.018
4 0.2145 0.85167 0.011 0.018
4 0.20775 0.825 0.0105 0.01933
4 0.19275 0.79833 0.0125 0.01667
4 0.15725 0.79 0.0215 0.012
4 0.16325 0.78 0.0205 0.01067
4 0.1675 0.76767 0.019 0.01
1 0.31225 0.74133 0.0025 0.008
4 0.3275 0.734 0.01 0.012
4 0.3325 0.71533 0.008 0.01067
4 0.308 0.71167 0.009 0.01133
4 0.2605 0.72733 0.01 0.01333
4 0.20075 0.72433 0.0175 0.00867
4 0.2345 0.63233 0.015 0.00867
9 0.2635 0.69267 0.015 0.032
9 0.244 0.69633 0.016 0.026
4 0.2555 0.686 0.007 0.012
2 0.2755 0.65633 0.003 0.00467
10 0.27575 0.658 0.0035 0.00533
4 0.33275 0.65167 0.0085 0.01
4 0.28525 0.626 0.0075 0.008
9 0.30675 0.587 0.0095 0.01533
4 0.342 0.61367 0.006 0.00733
4 0.33575 0.604 0.0055 0.008
4 0.34675 0.601 0.0085 0.00867
4 0.34325 0.59333 0.0065 0.008
4 0.3565 0.57833 0.007 0.00867
0 0.34575 0.524 0.0045 0.00667
0 0.34025 0.53333 0.0105 0.00933
4 0.38625 0.50667 0.0065 0.008
0 0.444 0.49 0.018 0.008
