10 0.12375 0.79567 0.0235 0.022
3 0.3945 0.77233 0.007 0.026
10 0.361 0.76433 0.016 0.02067
3 0.352 0.76067 0.015 0.02533
1 0.4835 0.744 0.006 0.03067
1 0.55325 0.74233 0.0085 0.03133
1 0.43925 0.67 0.0055 0.02
1 0.5175 0.67233 0.004 0.01667
1 0.51225 0.671 0.0055 0.018
4 0.6095 0.658 0.02 0.02133
4 0.64275 0.635 0.0215 0.018
4 0.588 0.62667 0.016 0.01867
4 0.626 0.61467 0.025 0.01467
4 0.662 0.612 0.028 0.01733
5 0.70775 0.631 0.0255 0.01933
4 0.71075 0.611 0.0275 0.01667
4 0.4395 0.637 0.016 0.01933
4 0.401 0.67667 0.048 0.03467
4 0.3315 0.65667 0.035 0.02133
5 0.3415 0.65 0.027 0.02133
4 0.34575 0.64333 0.0355 0.02
4 0.369 0.63267 0.029 0.01733
4 0.3875 0.62067 0.029 0.01333
4 0.46625 0.61367 0.0235 0.014
4 0.292 0.63333 0.027 0.016
4 0.31475 0.62 0.0255 0.01467
5 0.35175 0.61867 0.0265 0.01733
6 0.32475 0.596 0.0305 0.02133
6 0.31525 0.576 0.0275 0.01733
4 0.3285 0.576 0.02 0.00933
4 0.33625 0.574 0.0195 0.01067
4 0.36475 0.58 0.0185 0.01067
0 0.311 0.54267 0.047 0.03467
4 0.38525 0.56767 0.0145 0.00867
5 0.4185 0.567 0.017 0.01133
4 0.42825 0.56667 0.0125 0.008
4 0.4375 0.56467 0.014 0.008
4 0.43225 0.554 0.0075 0.008
4 0.5265 0.608 0.023 0.012
4 0.50425 0.60233 0.0215 0.01267
1 0.4735 0.596 0.004 0.01067
4 0.497 0.59667 0.01 0.01067
4 0.49525 0.59067 0.0085 0.00933
4 0.49425 0.585 0.0085 0.00867
5 0.49625 0.57767 0.0085 0.01267
4 0.4565 0.55333 0.015 0.008
4 0.4475 0.54933 0.012 0.00533
4 0.45025 0.55 0.0115 0.00533
4 0.4535 0.55167 0.012 0.00733
3 0.05625 0.782 0.0255 0.02267
