1 0.05104 0.925 0.0125 0.02037
1 0.30625 0.87083 0.00729 0.01389
1 0.3862 0.77685 0.00677 0.01852
1 0.49505 0.6338 0.00573 0.01574
1 0.50286 0.61296 0.00573 0.01481
1 0.38906 0.21713 0.00417 0.01389
1 0.45026 0.48241 0.00469 0.01667
1 0.4375 0.93333 0.00833 0.02037
10 0.25495 0.9537 0.01927 0.01296
10 0.48464 0.69259 0.00781 0.02593
10 0.53281 0.79352 0.0125 0.03333
10 0.57109 0.96111 0.01823 0.01852
10 0.43229 0.82917 0.00625 0.0287
10 0.44714 0.58194 0.00573 0.02315
10 0.46484 0.58009 0.01094 0.01944
10 0.47005 0.59583 0.01094 0.01944
10 0.42422 0.45324 0.00573 0.01759
10 0.41979 0.39769 0.00521 0.01759
10 0.41484 0.36806 0.00573 0.01574
10 0.42474 0.35278 0.00573 0.01481
10 0.42422 0.33565 0.00885 0.01389
10 0.42214 0.32824 0.00677 0.01389
10 0.41849 0.31019 0.00677 0.01111
10 0.41745 0.30231 0.00781 0.01019
3 0.44661 0.77037 0.00573 0.02407
3 0.46094 0.91667 0.01354 0.00926
3 0.45234 0.82037 0.00573 0.02593
3 0.44219 0.49167 0.00313 0.01667
3 0.42031 0.21204 0.00833 0.01111
10 0.41615 0.9213 0.01146 0.03333
2 0.25599 0.95417 0.0099 0.01204
2 0.4612 0.91204 0.00677 0.01667
2 0.43281 0.82731 0.00625 0.01759
2 0.45234 0.82083 0.00573 0.01389
2 0.57135 0.96019 0.00833 0.01852
2 0.44714 0.76852 0.00469 0.01667
2 0.48464 0.68981 0.00677 0.01667
2 0.44688 0.58056 0.00521 0.01667
2 0.41953 0.39583 0.00365 0.01204
2 0.425 0.45185 0.00521 0.01111
2 0.41563 0.36389 0.00521 0.00926
4 0.40859 0.68241 0.01927 0.05741
4 0.47708 0.64028 0.01979 0.05093
4 0.56406 0.4287 0.02083 0.03889
4 0.4013 0.21481 0.0099 0.02222
4 0.36016 0.21806 0.00885 0.025
4 0.39271 0.17454 0.00937 0.0213
4 0.39687 0.19537 0.01042 0.02222
4 0.36042 0.19769 0.01042 0.02315
4 0.35781 0.18056 0.00833 0.01667
4 0.34323 0.05833 0.00729 0.01667
4 0.39219 0.49907 0.01458 0.04444
7 0.50026 0.76343 0.01094 0.03426
7 0.38568 0.44259 0.01094 0.02593
7 0.3849 0.40694 0.01042 0.025
7 0.41354 0.27963 0.00833 0.02407
4 0.36797 0.2787 0.00885 0.02778
5 0.43125 0.22546 0.02083 0.0213
5 0.37422 0.33704 0.0099 0.03519
5 0.37005 0.30602 0.00885 0.03241
5 0.35469 0.15833 0.00937 0.02593
5 0.35286 0.13565 0.01094 0.02685
5 0.34401 0.03565 0.01094 0.01389
4 0.37214 0.0588 0.00677 0.01574
4 0.35677 0.04815 0.00729 0.01481
6 0.36328 0.24769 0.01094 0.02685
6 0.40026 0.56204 0.02448 0.09259
6 0.3474 0.08102 0.00833 0.01944
6 0.34844 0.0963 0.00833 0.01667
