9 0.41357 0.62754 0.12286 0.06726
9 0.38536 0.72652 0.12786 0.0901
9 0.36607 0.52728 0.11786 0.0698
9 0.36964 0.46129 0.11643 0.07995
9 0.36893 0.38959 0.11643 0.08122
9 0.37536 0.31916 0.11643 0.07995
9 0.38321 0.25444 0.10929 0.07487
6 0.39357 0.19289 0.10286 0.06599
6 0.46143 0.23096 0.02857 0.15736
6 0.4525 0.49492 0.03643 0.18274
6 0.49964 0.51142 0.03643 0.19797
6 0.54143 0.48287 0.03571 0.19924
6 0.62214 0.63198 0.04714 0.21066
6 0.60857 0.38452 0.04143 0.24619
6 0.56429 0.2297 0.03714 0.16244
6 0.53 0.24112 0.03143 0.1599
6 0.49679 0.27919 0.035 0.25888
9 0.66143 0.51777 0.05286 0.22843
6 0.36536 0.92195 0.13786 0.0901
9 0.3575 0.82551 0.13214 0.07741
4 0.57464 0.64086 0.02357 0.10152
1 0.57786 0.70241 0.01 0.02665
1 0.56107 0.69924 0.01643 0.03046
1 0.55929 0.65799 0.01 0.02665
11 0.48357 0.94353 0.09286 0.07487
