4 0.44141 0.66019 0.07969 0.17593
4 0.30234 0.77778 0.07552 0.24074
4 0.49661 0.8662 0.10469 0.21204
1 0.04479 0.88519 0.03438 0.09074
4 0.21641 0.68472 0.06094 0.21389
4 0.22344 0.50509 0.05104 0.15093
4 0.29427 0.45463 0.04896 0.12593
4 0.28047 0.35139 0.04323 0.08796
4 0.09453 0.35741 0.1026 0.08148
4 0.12682 0.26343 0.07031 0.05833
4 0.17266 0.19861 0.03385 0.06944
4 0.38594 0.3375 0.05521 0.08981
4 0.42474 0.27361 0.07656 0.05833
4 0.40234 0.21806 0.06615 0.05278
5 0.23073 0.3625 0.04271 0.125
5 0.28464 0.27361 0.05156 0.06759
1 0.30052 0.27315 0.01354 0.05185
4 0.23568 0.25556 0.0401 0.09444
4 0.24271 0.19352 0.02813 0.07037
5 0.27318 0.19028 0.03177 0.07315
4 0.24089 0.14537 0.02552 0.04815
4 0.27135 0.11157 0.02292 0.04907
4 0.38464 0.1963 0.07031 0.05741
4 0.37656 0.15972 0.06354 0.05093
4 0.37682 0.13426 0.05781 0.04074
4 0.3362 0.10972 0.0349 0.05093
4 0.18333 0.12315 0.02917 0.05741
4 0.19401 0.08935 0.02344 0.04167
4 0.19948 0.05694 0.025 0.04722
4 0.24453 0.0537 0.02135 0.04259
4 0.27109 0.06111 0.02031 0.04074
4 0.20208 0.0338 0.025 0.03056
4 0.20234 0.01343 0.02135 0.02685
4 0.2474 0.01389 0.01771 0.02778
4 0.26979 0.01991 0.01875 0.03426
4 0.34193 0.02315 0.04115 0.03704
