1 0.60807 0.39676 0.02865 0.06204
1 0.62865 0.37685 0.02292 0.05
1 0.52318 0.32176 0.01823 0.03241
1 0.48411 0.22407 0.00677 0.01481
3 0.46042 0.22963 0.00625 0.00926
3 0.45964 0.22731 0.00677 0.01019
3 0.45781 0.22454 0.00729 0.01019
3 0.45677 0.22454 0.00729 0.00833
1 0.45859 0.21759 0.00469 0.00741
8 0.44557 0.2213 0.00365 0.00741
2 0.44479 0.21944 0.00208 0.0037
10 0.17656 0.78056 0.01458 0.03333
2 0.17474 0.77824 0.00885 0.02315
4 0.32917 0.76389 0.05729 0.13333
6 0.14609 0.93981 0.05052 0.06481
4 0.14349 0.90417 0.04948 0.10833
4 0.2125 0.7912 0.04479 0.10648
4 0.30234 0.66528 0.03698 0.08241
4 0.24141 0.63704 0.02135 0.0463
4 0.29766 0.56065 0.01927 0.04167
4 0.30182 0.52222 0.0151 0.02963
1 0.35182 0.37963 0.00469 0.00926
4 0.34479 0.39583 0.01146 0.01574
4 0.37682 0.40602 0.0151 0.0287
4 0.41432 0.35139 0.01406 0.02685
4 0.39844 0.36343 0.01146 0.02315
8 0.37995 0.32685 0.00469 0.00926
4 0.38333 0.31481 0.00417 0.00741
4 0.42812 0.28843 0.00729 0.01389
4 0.41068 0.31204 0.00885 0.01667
4 0.39922 0.32731 0.00885 0.01759
4 0.42109 0.28889 0.00677 0.01481
4 0.41797 0.28472 0.00573 0.01204
4 0.40547 0.30463 0.00677 0.01296
4 0.41172 0.28241 0.00469 0.00741
4 0.40443 0.26991 0.00469 0.00648
4 0.39818 0.28102 0.00365 0.00278
4 0.41693 0.27083 0.00573 0.01019
4 0.43359 0.25046 0.00469 0.00833
4 0.42578 0.25926 0.00469 0.00926
4 0.42995 0.24907 0.00365 0.00741
4 0.43203 0.23981 0.00365 0.00741
4 0.4224 0.25324 0.00313 0.00648
4 0.41927 0.25185 0.00417 0.00556
4 0.42682 0.24352 0.00365 0.00741
4 0.42344 0.24491 0.00313 0.00648
4 0.42526 0.24074 0.00365 0.00556
4 0.42839 0.23519 0.00365 0.00556
4 0.42865 0.23056 0.00417 0.0037
4 0.43359 0.22361 0.0026 0.00463
4 0.61276 0.02222 0.02552 0.03704
4 0.5612 0.1 0.02344 0.03519
4 0.60469 0.02917 0.01667 0.02685
4 0.60052 0.03472 0.01562 0.025
4 0.59505 0.0412 0.0151 0.025
4 0.58646 0.04676 0.01875 0.0287
4 0.58177 0.05139 0.0125 0.0213
5 0.57292 0.06065 0.01354 0.0287
4 0.56875 0.06667 0.01354 0.02407
1 0.55443 0.08565 0.00573 0.01019
4 0.5651 0.0662 0.01458 0.02685
4 0.55677 0.10185 0.01979 0.03519
4 0.55156 0.1037 0.01667 0.03148
4 0.54688 0.10833 0.01667 0.03148
4 0.54479 0.11111 0.01667 0.03148
4 0.54115 0.11296 0.01667 0.03148
4 0.53646 0.11574 0.01667 0.03148
4 0.5349 0.11852 0.01667 0.03148
4 0.53229 0.11759 0.01667 0.03148
4 0.52917 0.11944 0.01667 0.03148
4 0.52448 0.12639 0.01667 0.02685
4 0.5224 0.1287 0.01667 0.02778
