4 0.03594 0.43843 0.0375 0.06389
4 0.08646 0.36574 0.03229 0.05741
4 0.15417 0.33241 0.0375 0.05741
4 0.10938 0.26898 0.03229 0.05833
4 0.08516 0.20463 0.02969 0.05556
4 0.23203 0.46852 0.03906 0.06481
4 0.27448 0.5162 0.03854 0.06204
4 0.28828 0.5463 0.03906 0.06667
4 0.30391 0.62222 0.03906 0.07222
4 0.34271 0.6338 0.04375 0.04352
4 0.37057 0.67454 0.03906 0.07315
4 0.44766 0.57269 0.0349 0.06944
4 0.47214 0.60278 0.03698 0.07593
4 0.48906 0.6338 0.02917 0.06204
4 0.52083 0.66667 0.03438 0.07222
4 0.40651 0.51435 0.03385 0.0713
4 0.31406 0.47269 0.03542 0.06204
4 0.29974 0.40046 0.03698 0.05648
4 0.39453 0.34769 0.03594 0.05648
4 0.46927 0.40972 0.03542 0.06204
4 0.57188 0.53287 0.03333 0.06759
5 0.32682 0.3537 0.03698 0.06111
4 0.2987 0.31435 0.02969 0.05278
4 0.23099 0.22731 0.02969 0.04537
4 0.21797 0.19352 0.02656 0.03889
4 0.19062 0.17176 0.03125 0.04352
4 0.17005 0.16157 0.03073 0.04537
4 0.28906 0.16019 0.02917 0.04259
4 0.2224 0.08796 0.02917 0.04074
4 0.22109 0.04167 0.02865 0.03333
4 0.23359 0.02269 0.02969 0.03796
4 0.09297 0.08056 0.02448 0.04815
6 0.15208 0.1412 0.03646 0.06574
1 0.10755 0.13102 0.0099 0.0213
1 0.10208 0.13843 0.01146 0.02315
1 0.09193 0.1463 0.00781 0.02037
1 0.09271 0.13889 0.00833 0.02222
4 0.15078 0.01019 0.02656 0.02037
1 0.25911 0.20046 0.00469 0.01944
1 0.26953 0.21435 0.00677 0.01759
1 0.31406 0.27269 0.00729 0.01944
1 0.14766 0.39537 0.0099 0.01852
6 0.20833 0.43056 0.04792 0.07037
3 0.24036 0.42639 0.01719 0.01944
2 0.23359 0.40463 0.00677 0.01296
2 0.32578 0.19074 0.00677 0.01667
2 0.34401 0.21759 0.00573 0.01667
10 0.34505 0.22176 0.00885 0.01944
10 0.35547 0.20741 0.01406 0.02407
1 0.42422 0.45926 0.00677 0.01667
1 0.29036 0.58241 0.00573 0.01667
9 0.38359 0.59491 0.03594 0.06204
10 0.49141 0.44907 0.01094 0.02407
1 0.64193 0.69815 0.01198 0.01852
1 0.68542 0.66343 0.01458 0.0213
4 0.54557 0.69028 0.03698 0.07685
4 0.57292 0.70833 0.02917 0.04074
9 0.13125 0.675 0.09271 0.10741
1 0.06536 0.675 0.01406 0.01667
10 0.0638 0.6787 0.01302 0.02593
8 0.24948 0.1125 0.02813 0.04907
