2 0.01536 0.5125 0.00573 0.01944
2 0.02474 0.57778 0.00885 0.01481
3 0.02734 0.57731 0.0099 0.01759
2 0.04688 0.52315 0.00521 0.02037
2 0.04167 0.52824 0.00521 0.01759
2 0.03021 0.47963 0.00521 0.01296
1 0.00547 0.40972 0.00469 0.01574
1 0.01901 0.40046 0.00573 0.01574
2 0.05495 0.41806 0.00469 0.01759
2 0.04297 0.39074 0.00469 0.01667
2 0.04661 0.38843 0.00469 0.01389
2 0.0651 0.4125 0.00625 0.01204
2 0.07266 0.41111 0.00573 0.01481
2 0.07943 0.40972 0.00677 0.01389
2 0.07031 0.42731 0.00417 0.00648
3 0.07109 0.43009 0.00469 0.00833
2 0.01745 0.24306 0.00677 0.01204
1 0.06016 0.24583 0.00469 0.01389
1 0.19141 0.3162 0.00365 0.01759
1 0.16615 0.33889 0.00313 0.01481
1 0.18984 0.35694 0.00365 0.01759
1 0.1849 0.37639 0.00313 0.01574
1 0.19297 0.3963 0.00469 0.01667
1 0.18854 0.40509 0.00417 0.01574
1 0.1987 0.50046 0.00365 0.01944
3 0.18307 0.52083 0.00573 0.01944
1 0.05807 0.12454 0.0026 0.01204
2 0.0401 0.15648 0.00417 0.01111
1 0.06328 0.12176 0.00365 0.01389
1 0.07057 0.12176 0.00469 0.01389
1 0.07187 0.13102 0.00417 0.01389
1 0.07526 0.14028 0.00365 0.01204
1 0.07526 0.13102 0.00469 0.01019
1 0.08542 0.13472 0.00417 0.01389
1 0.08984 0.12546 0.00365 0.01204
1 0.10651 0.12083 0.00365 0.01204
1 0.10391 0.10509 0.0026 0.01204
1 0.11406 0.11157 0.00313 0.01389
1 0.11615 0.10093 0.00313 0.01481
1 0.12187 0.12407 0.00208 0.01111
1 0.15026 0.08657 0.00365 0.01389
1 0.14974 0.01852 0.00156 0.00926
4 0.18203 0.04537 0.01094 0.01852
4 0.19635 0.04028 0.00937 0.01759
5 0.20208 0.05926 0.01146 0.02222
5 0.22109 0.03009 0.01094 0.01759
5 0.23021 0.04769 0.01042 0.01944
1 0.28151 0.02685 0.0026 0.01296
1 0.28359 0.02593 0.0026 0.01481
1 0.32734 0.11667 0.0026 0.01481
5 0.27578 0.06759 0.01198 0.02593
4 0.30781 0.1625 0.01354 0.0287
4 0.33906 0.29259 0.01667 0.03704
5 0.36641 0.51759 0.01823 0.0537
6 0.45026 0.65972 0.03385 0.10833
6 0.42188 0.52546 0.03854 0.10278
1 0.47135 0.5625 0.00625 0.02315
1 0.46797 0.55185 0.00365 0.01667
1 0.43516 0.48565 0.00469 0.01944
