10 0.09115 0.2 0.00417 0.00926
1 0.11458 0.11481 0.00208 0.00926
1 0.13203 0.11389 0.0026 0.00926
1 0.12917 0.1088 0.00313 0.01019
1 0.11042 0.19167 0.00417 0.01296
1 0.13359 0.09907 0.00365 0.01111
1 0.11224 0.18472 0.00365 0.00833
4 0.15339 0.19167 0.01406 0.03333
5 0.15391 0.12315 0.0151 0.03519
5 0.18802 0.03889 0.01146 0.02407
5 0.18724 0.19537 0.01823 0.04444
5 0.1099 0.37454 0.01771 0.03981
4 0.32943 0.0125 0.02135 0.025
10 0.0888 0.46435 0.00677 0.02315
2 0.08776 0.46389 0.00677 0.01111
6 0.40651 0.66019 0.0526 0.12037
5 0.39427 0.50741 0.01458 0.05
4 0.38958 0.42824 0.0125 0.04722
4 0.37109 0.40046 0.00885 0.04352
4 0.37734 0.22963 0.01198 0.03148
5 0.36693 0.33889 0.01094 0.04444
5 0.38724 0.34815 0.01302 0.05926
5 0.38385 0.29167 0.01042 0.03889
4 0.36302 0.28657 0.01042 0.03981
4 0.54089 0.07269 0.01927 0.03056
4 0.4487 0.00741 0.00781 0.01481
4 0.35833 0.22269 0.0125 0.03981
4 0.35651 0.0287 0.01719 0.02593
4 0.3599 0.01204 0.01979 0.02407
