6 0.04619 0.36688 0.05793 0.06772
4 0.13779 0.38636 0.05637 0.04917
5 0.15605 0.39842 0.06159 0.05288
4 0.19076 0.41651 0.0548 0.04824
4 0.21608 0.43321 0.05846 0.05566
8 0.26409 0.44295 0.03653 0.0436
1 0.23408 0.44991 0.01305 0.03711
1 0.23878 0.4884 0.012 0.04731
7 0.19807 0.46243 0.03497 0.04731
7 0.24896 0.48655 0.04071 0.05288
7 0.30271 0.50742 0.03027 0.04638
1 0.30819 0.4949 0.01305 0.04917
4 0.21164 0.53247 0.06733 0.06122
4 0.0274 0.53247 0.05376 0.07236
5 0.12213 0.63636 0.09081 0.10575
10 0.16728 0.6846 0.02244 0.05009
1 0.11978 0.58859 0.01722 0.04731
2 0.11639 0.57282 0.01566 0.03432
10 0.18241 0.69249 0.01722 0.04917
10 0.19598 0.7115 0.03288 0.04638
7 0.22834 0.65121 0.06002 0.06679
1 0.31863 0.6846 0.01096 0.05751
1 0.38909 0.72774 0.01722 0.06957
1 0.42484 0.69898 0.01253 0.06957
1 0.43058 0.71985 0.00939 0.04453
2 0.45981 0.78293 0.0167 0.06122
2 0.47782 0.73887 0.01305 0.05102
2 0.48747 0.74675 0.01253 0.05009
1 0.52009 0.82004 0.01514 0.07792
10 0.48956 0.88265 0.02296 0.10482
1 0.59734 0.77968 0.01514 0.05473
10 0.56159 0.94852 0.04697 0.06586
8 0.79593 0.8859 0.07516 0.11132
7 0.82255 0.75603 0.04906 0.09462
2 0.83011 0.74814 0.0214 0.05102
7 0.97025 0.67208 0.04906 0.05844
7 0.90371 0.64471 0.04019 0.07607
2 0.85725 0.54499 0.012 0.02505
2 0.84786 0.53293 0.01305 0.03432
4 0.88283 0.56818 0.0548 0.06772
4 0.79489 0.46197 0.04175 0.05566
4 0.77766 0.42532 0.03653 0.0436
4 0.76148 0.38683 0.02818 0.04082
4 0.74322 0.35065 0.02714 0.02968
1 0.72103 0.61827 0.01409 0.05844
1 0.69807 0.56818 0.00992 0.03803
1 0.7239 0.54314 0.01044 0.04917
1 0.71816 0.53618 0.00939 0.04267
5 0.6785 0.4898 0.03236 0.07607
5 0.67119 0.43553 0.02714 0.05102
4 0.65866 0.38312 0.02401 0.05566
1 0.69181 0.41837 0.00678 0.02783
1 0.68606 0.41558 0.00783 0.03525
7 0.62448 0.50093 0.01931 0.03896
2 0.62996 0.60853 0.01879 0.04082
2 0.61326 0.61596 0.01357 0.03525
2 0.60047 0.62848 0.012 0.03432
10 0.57959 0.59601 0.02662 0.03803
7 0.62004 0.58349 0.04906 0.05937
7 0.51383 0.61596 0.0548 0.07792
7 0.5274 0.57607 0.04749 0.05566
8 0.5274 0.51948 0.03914 0.06122
4 0.58873 0.5116 0.05532 0.06957
7 0.44807 0.58117 0.03184 0.05288
2 0.43606 0.5654 0.01305 0.03247
2 0.42484 0.55983 0.01148 0.03618
2 0.41728 0.55705 0.00887 0.03247
1 0.40684 0.4666 0.01409 0.04453
7 0.38361 0.71104 0.06681 0.08998
7 0.66153 0.21011 0.00992 0.01577
4 0.60465 0.2013 0.01514 0.02597
4 0.64614 0.32607 0.01983 0.05102
7 0.31942 0.66095 0.05324 0.07699
7 0.45642 0.76067 0.0715 0.08534
8 0.71373 0.23469 0.01514 0.02412
7 0.90292 0.24675 0.02401 0.02041
10 0.90527 0.23377 0.0047 0.01113
10 0.91023 0.23609 0.00522 0.01206
6 0.95146 0.24258 0.02818 0.02134
5 0.98565 0.24675 0.02766 0.02783
