1 0.23177 0.90093 0.01771 0.03148
1 0.41302 0.42917 0.01146 0.04167
1 0.43125 0.39722 0.01042 0.03704
1 0.45859 0.43981 0.01198 0.03333
1 0.45052 0.67083 0.01354 0.04167
1 0.44844 0.6213 0.01458 0.03704
1 0.20182 0.45556 0.01823 0.04074
1 0.11536 0.61481 0.0151 0.03889
1 0.22448 0.37546 0.01458 0.03796
1 0.14427 0.26991 0.01146 0.03611
1 0.04557 0.38287 0.02031 0.04352
1 0.04193 0.23935 0.01406 0.03981
1 0.04193 0.88102 0.02552 0.03981
3 0.19375 0.26528 0.01354 0.0213
3 0.20599 0.29676 0.02344 0.03056
3 0.21042 0.30926 0.02604 0.02963
3 0.14427 0.38704 0.01354 0.03704
2 0.04141 0.50648 0.02448 0.04259
3 0.32188 0.40231 0.01875 0.03981
3 0.375 0.07639 0.01042 0.02315
3 0.38516 0.08333 0.0099 0.03148
