4 0.09948 0.06065 0.0375 0.09722
1 0.11589 0.11111 0.01302 0.0463
10 0.0849 0.13611 0.01562 0.02778
4 0.14609 0.07176 0.03281 0.10093
4 0.19271 0.05139 0.03542 0.10278
4 0.23984 0.05231 0.03073 0.10278
4 0.27786 0.04815 0.03073 0.0963
4 0.35286 0.02407 0.0776 0.04815
4 0.17422 0.26157 0.04427 0.10093
4 0.12839 0.29306 0.04219 0.1213
4 0.08073 0.30972 0.04167 0.12685
1 0.48594 0.07778 0.00937 0.04074
10 0.49688 0.11065 0.02396 0.0287
1 0.50026 0.1 0.0099 0.0537
2 0.4987 0.08796 0.00573 0.02593
4 0.52292 0.01759 0.0375 0.03519
4 0.58646 0.04444 0.07708 0.06481
4 0.6901 0.03657 0.075 0.07315
1 0.6724 0.08102 0.01458 0.05093
4 0.6112 0.23796 0.06823 0.10185
4 0.69193 0.19861 0.0724 0.0787
4 0.59323 0.3537 0.06354 0.14074
4 0.49375 0.76944 0.12292 0.13148
4 0.47786 0.64167 0.11406 0.11852
4 0.44167 0.54028 0.10833 0.10463
5 0.33542 0.63009 0.05312 0.16944
4 0.26979 0.65787 0.05312 0.19352
4 0.19193 0.6537 0.05365 0.19444
4 0.12526 0.78287 0.06198 0.2213
4 0.05104 0.87546 0.05937 0.18611
