1 0.23385 0.01019 0.00729 0.02037
1 0.22344 0.02593 0.00521 0.02407
2 0.2099 0.09074 0.00729 0.02963
1 0.24609 0.09213 0.00677 0.02315
1 0.27214 0.18009 0.00573 0.025
1 0.27813 0.18287 0.00625 0.0287
1 0.33411 0.26991 0.00677 0.025
2 0.32135 0.31296 0.00625 0.01667
1 0.26901 0.35231 0.00573 0.01944
1 0.26667 0.34491 0.00417 0.01019
10 0.22448 0.05741 0.0125 0.01667
10 0.21016 0.17361 0.00677 0.03056
3 0.2026 0.18241 0.00521 0.02222
3 0.25495 0.23981 0.00781 0.02778
0 0.26615 0.23657 0.00417 0.01204
0 0.26589 0.25185 0.00469 0.01481
8 0.24167 0.23704 0.01354 0.05556
8 0.22917 0.25139 0.01562 0.03796
3 0.22682 0.56759 0.01719 0.01111
10 0.22344 0.5338 0.02083 0.01204
10 0.23255 0.51157 0.01615 0.01389
10 0.20833 0.51806 0.01979 0.01759
10 0.29401 0.53287 0.00781 0.03611
3 0.29635 0.46389 0.00625 0.03333
2 0.29635 0.45741 0.00625 0.01667
1 0.27995 0.74259 0.00677 0.01296
1 0.18984 0.74537 0.00885 0.01296
10 0.27526 0.88148 0.01615 0.03148
2 0.27578 0.88009 0.00885 0.0213
4 0.18411 0.92639 0.06198 0.05093
4 0.25625 0.83889 0.05729 0.09259
5 0.36615 0.6463 0.025 0.07963
1 0.38542 0.66343 0.00729 0.01574
1 0.4151 0.69028 0.00521 0.01019
10 0.46094 0.61898 0.00833 0.03611
10 0.46901 0.60648 0.00781 0.02963
10 0.48073 0.61389 0.00625 0.03148
10 0.49922 0.59907 0.01615 0.02778
3 0.52656 0.64444 0.01354 0.01667
4 0.57188 0.68056 0.05104 0.07963
4 0.5474 0.91713 0.06042 0.05648
7 0.51771 0.78056 0.03958 0.03889
7 0.4888 0.84167 0.04219 0.03333
7 0.47005 0.76852 0.02969 0.03519
6 0.57917 0.83565 0.09167 0.06944
5 0.68984 0.89352 0.0724 0.05926
4 0.71146 0.68611 0.03542 0.09444
4 0.68437 0.69722 0.03438 0.09444
7 0.65703 0.69444 0.02865 0.06667
1 0.53359 0.75185 0.0099 0.01296
4 0.35599 0.53194 0.02344 0.08426
6 0.32578 0.48426 0.02552 0.11296
8 0.34089 0.34676 0.02656 0.05278
3 0.32083 0.32037 0.00521 0.02593
10 0.33542 0.00926 0.00313 0.01852
4 0.37578 0.02361 0.0401 0.03426
5 0.37839 0.04769 0.03802 0.04537
4 0.40391 0.06852 0.03906 0.03519
4 0.38542 0.12176 0.04167 0.03981
4 0.33542 0.06944 0.01667 0.0537
4 0.33542 0.12315 0.01875 0.05741
5 0.31875 0.20046 0.01875 0.06019
5 0.34635 0.275 0.01875 0.06852
5 0.29609 0.175 0.02031 0.08333
3 0.4487 0.02315 0.00677 0.01852
1 0.45 0.0662 0.00729 0.02315
1 0.43802 0.08704 0.00625 0.02222
10 0.43073 0.1162 0.00729 0.02315
2 0.43151 0.11296 0.00573 0.02407
2 0.43281 0.10741 0.00521 0.02222
1 0.42839 0.15556 0.00677 0.02593
10 0.46849 0.18426 0.01094 0.01111
10 0.4487 0.19861 0.00885 0.03056
10 0.41328 0.19583 0.00573 0.02685
10 0.39297 0.19954 0.0151 0.0287
3 0.43724 0.20602 0.00781 0.02315
1 0.3599 0.19352 0.00417 0.02222
1 0.36198 0.17963 0.00313 0.02222
10 0.38828 0.23519 0.00365 0.02407
10 0.3651 0.39491 0.00729 0.03241
3 0.36302 0.42963 0.01146 0.02593
3 0.36432 0.45648 0.00469 0.02963
1 0.37057 0.44954 0.00781 0.01944
1 0.38073 0.41435 0.00729 0.025
1 0.37812 0.34167 0.00521 0.02037
1 0.38854 0.31806 0.00729 0.01759
1 0.42292 0.27315 0.00521 0.02222
1 0.4276 0.29167 0.00417 0.02222
1 0.42109 0.30139 0.00573 0.01759
1 0.4487 0.30972 0.00677 0.0213
1 0.4625 0.41296 0.00729 0.01852
1 0.46901 0.43056 0.00677 0.02037
11 0.44896 0.39907 0.00729 0.02407
11 0.44141 0.42407 0.00573 0.02222
1 0.43906 0.46991 0.00625 0.01759
1 0.40026 0.42824 0.00573 0.0213
1 0.4125 0.43611 0.00521 0.01481
1 0.41198 0.4537 0.00625 0.01667
1 0.40495 0.46019 0.00573 0.01667
1 0.39401 0.48287 0.00573 0.01759
3 0.38828 0.52731 0.00781 0.0287
1 0.40208 0.52639 0.00729 0.01944
2 0.41901 0.59676 0.00885 0.01944
2 0.42552 0.57963 0.00937 0.01481
11 0.45911 0.57546 0.00781 0.02315
