4 0.54214 0.67762 0.07857 0.05429
4 0.37607 0.59048 0.03071 0.08381
4 0.57143 0.77333 0.07714 0.06286
4 0.57893 0.83952 0.09214 0.07524
4 0.59821 0.91286 0.10357 0.07714
4 0.50107 0.26619 0.015 0.02762
4 0.46071 0.33 0.03 0.03524
4 0.4675 0.23333 0.035 0.02095
4 0.1775 0.4519 0.035 0.05238
4 0.11536 0.46762 0.035 0.05143
4 0.15821 0.38048 0.03071 0.04286
4 0.15786 0.29762 0.03143 0.03333
4 0.22929 0.24333 0.02143 0.02762
4 0.25179 0.19952 0.01929 0.02
4 0.26357 0.17714 0.01571 0.02476
4 0.27929 0.14619 0.01714 0.0219
4 0.2925 0.12 0.01214 0.01714
4 0.2325 0.45048 0.02929 0.04571
4 0.52536 0.4881 0.06357 0.03905
4 0.53357 0.51429 0.06286 0.0381
5 0.22286 0.3481 0.02429 0.04286
5 0.50179 0.32429 0.02214 0.04667
5 0.35464 0.0381 0.00643 0.01143
4 0.36571 0.01048 0.00571 0.00762
4 0.37714 0.02667 0.00571 0.00952
4 0.3375 0.03905 0.00786 0.01143
4 0.34536 0.02571 0.00643 0.00762
4 0.34929 0.01857 0.00571 0.00857
0 0.35536 0.00571 0.01071 0.01143
5 0.29964 0.1081 0.01357 0.0181
4 0.36821 0.26048 0.01643 0.02381
4 0.42714 0.23238 0.02714 0.01905
4 0.51679 0.23333 0.02786 0.01905
4 0.36643 0.28381 0.01857 0.03048
4 0.36 0.30333 0.03 0.02762
4 0.355 0.32762 0.03 0.02857
4 0.35571 0.35762 0.03714 0.03143
4 0.33786 0.43286 0.03714 0.03143
4 0.32893 0.52381 0.05786 0.05333
4 0.31393 0.58476 0.05786 0.05333
4 0.30536 0.65429 0.05786 0.07429
4 0.28786 0.73714 0.06429 0.09714
4 0.28 0.8619 0.06571 0.11238
4 0.25 0.95619 0.05143 0.08762
1 0.35321 0.48333 0.00786 0.02571
1 0.36143 0.45429 0.01 0.02476
4 0.43321 0.26524 0.035 0.0219
4 0.43393 0.2819 0.04071 0.02286
4 0.42357 0.29714 0.03429 0.03048
4 0.43179 0.31 0.04071 0.03143
4 0.43286 0.32524 0.04571 0.02952
3 0.5925 0.63762 0.01357 0.03524
1 0.5075 0.81429 0.01357 0.03429
4 0.13429 0.29762 0.02857 0.02762
4 0.09643 0.29429 0.03286 0.03238
4 0.115 0.39333 0.03714 0.0381
4 0.09286 0.43667 0.06143 0.04857
4 0.06214 0.47238 0.06714 0.06095
4 0.03786 0.52714 0.07286 0.0619
4 0.025 0.6519 0.05 0.07333
4 0.0175 0.58429 0.035 0.05238
7 0.49357 0.23333 0.01 0.02095
