5 0.01276 0.18472 0.02552 0.02315
4 0.07865 0.02593 0.00833 0.01481
1 0.00781 0.52593 0.00417 0.01296
6 0.96172 0.69352 0.07135 0.11667
4 0.92839 0.38472 0.01927 0.03426
4 0.96328 0.36111 0.02344 0.02593
10 0.91797 0.30046 0.00573 0.01574
10 0.9237 0.30093 0.00677 0.01667
10 0.92943 0.29676 0.00781 0.01944
10 0.94115 0.28843 0.00937 0.01574
10 0.94818 0.28704 0.01094 0.01667
10 0.95625 0.28333 0.01146 0.01481
4 0.59193 0.0662 0.01615 0.01389
5 0.60651 0.08426 0.0151 0.02037
6 0.62214 0.05139 0.02865 0.03056
0 0.62005 0.12407 0.01198 0.01852
7 0.71536 0.26713 0.01406 0.01389
10 0.69453 0.26296 0.00885 0.01296
10 0.73099 0.28426 0.00781 0.01296
10 0.7474 0.31944 0.0125 0.01667
10 0.7487 0.29954 0.0099 0.01204
1 0.75182 0.30324 0.00573 0.01574
4 0.71823 0.30602 0.02604 0.02685
4 0.74062 0.35139 0.02604 0.025
8 0.79297 0.33333 0.01615 0.02222
10 0.78333 0.32917 0.01458 0.0213
7 0.76927 0.30833 0.01979 0.02407
7 0.79063 0.2875 0.01667 0.01759
5 0.68932 0.25278 0.0151 0.02222
10 0.8013 0.375 0.0099 0.01481
10 0.79844 0.36944 0.00937 0.01667
10 0.78333 0.35972 0.00937 0.01574
10 0.78932 0.36389 0.01198 0.01481
10 0.98568 0.34259 0.00573 0.01852
10 0.98047 0.3463 0.00781 0.01852
10 0.97292 0.34815 0.00729 0.02037
10 0.95781 0.33519 0.00625 0.02222
10 0.96302 0.33241 0.00625 0.02037
10 0.96641 0.32731 0.00781 0.01574
8 0.97266 0.32176 0.01927 0.0287
1 0.99427 0.28657 0.00625 0.01574
4 0.69323 0.43194 0.02813 0.03796
4 0.67656 0.39861 0.01458 0.03426
1 0.68854 0.32778 0.00625 0.02037
