1 0.24297 0.52639 0.00573 0.01944
5 0.24688 0.80463 0.02187 0.08333
1 0.33073 0.83194 0.00833 0.05093
4 0.26823 0.67963 0.02083 0.05741
1 0.35964 0.62963 0.00365 0.01667
10 0.39141 0.56389 0.00885 0.03704
10 0.40573 0.51574 0.00937 0.02407
10 0.42552 0.35648 0.00313 0.01111
10 0.42422 0.31481 0.0026 0.01111
10 0.33099 0.36481 0.00365 0.01296
10 0.33359 0.31065 0.0026 0.01389
10 0.41042 0.17685 0.00208 0.00741
10 0.41667 0.20648 0.00208 0.00741
10 0.42083 0.28241 0.00313 0.01111
4 0.29453 0.14491 0.01302 0.00833
4 0.30391 0.14028 0.01302 0.00833
4 0.3112 0.14815 0.01302 0.00926
1 0.31198 0.15556 0.00208 0.00741
1 0.2987 0.22593 0.00156 0.01111
1 0.29714 0.23472 0.00156 0.00463
1 0.28828 0.22778 0.00156 0.0037
1 0.31641 0.22454 0.00156 0.00648
4 0.30339 0.20324 0.01094 0.01204
1 0.30807 0.24306 0.00156 0.01019
1 0.30234 0.25833 0.0026 0.00926
4 0.3026 0.44167 0.0125 0.03148
4 0.3888 0.39815 0.01094 0.02222
4 0.30833 0.4037 0.01458 0.03519
4 0.31354 0.38102 0.01146 0.02315
4 0.31667 0.35833 0.01042 0.02407
4 0.32109 0.33102 0.00885 0.01944
4 0.32578 0.29583 0.00885 0.01759
4 0.32839 0.27963 0.00885 0.02037
4 0.33099 0.26528 0.00677 0.01574
4 0.33359 0.24537 0.00677 0.01481
4 0.33854 0.22269 0.00729 0.01759
4 0.32292 0.14583 0.0125 0.01019
4 0.35807 0.14722 0.0099 0.00926
4 0.39245 0.00139 0.0026 0.00278
4 0.39271 0.00833 0.00208 0.0037
4 0.38359 0.02685 0.0026 0.00556
4 0.38906 0.03472 0.00313 0.00463
4 0.38906 0.04074 0.00208 0.0037
4 0.39453 0.07269 0.00365 0.00463
5 0.37917 0.12546 0.00417 0.01019
4 0.35078 0.15556 0.01302 0.01111
4 0.38203 0.14583 0.01406 0.01019
4 0.37214 0.16574 0.00781 0.01111
4 0.36875 0.17778 0.00625 0.01111
4 0.38698 0.17454 0.00521 0.01204
4 0.38698 0.1912 0.00521 0.01204
4 0.3875 0.22639 0.00729 0.01204
4 0.37734 0.22593 0.00573 0.01296
6 0.34245 0.14352 0.01198 0.01296
1 0.37188 0.14491 0.00208 0.01019
4 0.33984 0.20509 0.00677 0.01204
1 0.34089 0.24815 0.00156 0.01111
4 0.38802 0.2662 0.00833 0.01389
4 0.37812 0.31157 0.00729 0.01759
4 0.39271 0.29676 0.00833 0.01759
4 0.43854 0.36435 0.00937 0.01759
4 0.44036 0.3838 0.00885 0.01759
4 0.44219 0.40556 0.00833 0.02222
4 0.43229 0.30926 0.00729 0.01852
4 0.43021 0.29028 0.00625 0.01574
4 0.42344 0.21481 0.00625 0.01111
4 0.42266 0.20139 0.00573 0.01204
5 0.425 0.2375 0.00625 0.01389
4 0.39818 0.21713 0.00677 0.01389
4 0.39687 0.18148 0.00521 0.01111
4 0.39766 0.16991 0.00469 0.01019
4 0.39661 0.15139 0.01302 0.01019
4 0.40182 0.14583 0.01302 0.01019
4 0.42969 0.14676 0.00729 0.01019
4 0.42135 0.16157 0.00937 0.00833
4 0.41146 0.01528 0.00417 0.00278
4 0.41354 0.02593 0.00625 0.0037
4 0.41224 0.02037 0.00469 0.00556
4 0.41068 0.00972 0.00469 0.00463
4 0.4138 0.03009 0.00573 0.00463
4 0.40547 0.03935 0.00365 0.00833
4 0.41406 0.03519 0.00625 0.0037
4 0.41563 0.03981 0.00625 0.0037
4 0.41589 0.04444 0.00573 0.00556
4 0.41667 0.04815 0.00521 0.00556
4 0.41901 0.05324 0.00573 0.00648
4 0.41901 0.05926 0.00573 0.00556
4 0.41901 0.06343 0.00573 0.00463
4 0.42057 0.06713 0.00781 0.00463
4 0.42109 0.07176 0.00781 0.00463
4 0.42135 0.07639 0.00729 0.00463
4 0.42161 0.08009 0.00677 0.00463
4 0.42214 0.08472 0.00677 0.00648
4 0.42552 0.09074 0.00833 0.00556
4 0.42708 0.09444 0.00729 0.00556
4 0.4276 0.09954 0.00729 0.00463
4 0.42812 0.10324 0.00625 0.00463
4 0.42734 0.10741 0.00677 0.00556
4 0.4276 0.11204 0.00625 0.00556
4 0.43203 0.12315 0.00885 0.00556
4 0.43177 0.12824 0.00937 0.00648
4 0.43542 0.13102 0.01146 0.00648
4 0.43464 0.13704 0.00781 0.00741
4 0.44375 0.13704 0.00417 0.00926
1 0.41563 0.02222 0.00104 0.0037
1 0.4263 0.06111 0.00156 0.00741
5 0.42943 0.07593 0.0026 0.00741
1 0.43776 0.11019 0.00156 0.00741
1 0.43568 0.11019 0.00156 0.00556
1 0.43307 0.11204 0.00156 0.0037
10 0.47448 0.92917 0.01042 0.04907
4 0.49844 0.93056 0.025 0.08333
4 0.48594 0.8 0.02292 0.07593
10 0.45937 0.75972 0.00729 0.0287
1 0.475 0.45926 0.00313 0.01667
1 0.47135 0.45833 0.00313 0.01481
4 0.46146 0.44259 0.00729 0.01852
4 0.50104 0.13935 0.00417 0.01019
5 0.51953 0.1412 0.00469 0.01019
4 0.45104 0.13519 0.00521 0.00926
4 0.46719 0.14861 0.00625 0.00833
4 0.45677 0.15787 0.00625 0.01019
4 0.46146 0.15185 0.00625 0.00926
4 0.50599 0.23704 0.01198 0.01481
1 0.52474 0.51435 0.00365 0.01389
4 0.59948 0.57361 0.02292 0.03981
4 0.61536 0.76204 0.0276 0.07407
4 0.63359 0.86574 0.02865 0.07407
2 0.41016 0.17454 0.00156 0.00463
4 0.40911 0.07731 0.00365 0.00463
4 0.41016 0.09259 0.00365 0.00741
4 0.4099 0.08426 0.00313 0.00556
2 0.41641 0.20463 0.0026 0.0037
2 0.42109 0.28009 0.0026 0.00463
2 0.42396 0.31343 0.00208 0.00833
2 0.42552 0.35417 0.00313 0.00648
2 0.33437 0.30694 0.00313 0.00648
2 0.33021 0.3625 0.00313 0.00648
2 0.40651 0.51111 0.00677 0.01481
2 0.39297 0.55602 0.00677 0.01574
2 0.45859 0.75278 0.00573 0.01296
2 0.47448 0.91481 0.00625 0.01667
