0 0.39661 0.05509 0.01302 0.025
0 0.39818 0.07361 0.01094 0.01204
0 0.40391 0.12176 0.02031 0.06574
0 0.36797 0.07037 0.01094 0.01481
0 0.3237 0.17315 0.00365 0.00926
4 0.27604 0.94769 0.02396 0.04907
10 0.26849 0.83194 0.00469 0.03426
2 0.26797 0.82917 0.00573 0.01204
2 0.26823 0.82407 0.00521 0.01481
1 0.25443 0.80648 0.00573 0.01852
1 0.25625 0.7912 0.00417 0.01759
1 0.31224 0.4213 0.0026 0.01111
1 0.32161 0.26991 0.00156 0.00648
2 0.33307 0.39259 0.00365 0.00926
0 0.33229 0.28333 0.00208 0.00926
10 0.33307 0.39769 0.00365 0.01019
4 0.34479 0.3838 0.00833 0.0213
4 0.33229 0.15972 0.00313 0.00648
4 0.33333 0.18935 0.00313 0.00833
1 0.32266 0.25046 0.00156 0.00648
6 0.32656 0.18472 0.00417 0.01204
6 0.30208 0.18333 0.00729 0.01667
9 0.24661 0.21574 0.05885 0.03704
9 0.18724 0.20741 0.03177 0.02222
4 0.28828 0.17685 0.00677 0.00556
4 0.275 0.16528 0.00521 0.00648
5 0.29219 0.1713 0.00833 0.00741
5 0.29323 0.16852 0.00625 0.00741
5 0.2724 0.15463 0.00625 0.00556
5 0.33307 0.1125 0.0026 0.00463
6 0.28698 0.15278 0.01562 0.00741
6 0.5112 0.27639 0.01302 0.01019
11 0.49688 0.23935 0.025 0.01944
11 0.49375 0.23241 0.02083 0.01667
4 0.45703 0.22963 0.01198 0.00741
4 0.46693 0.22593 0.00469 0.00926
4 0.48229 0.21389 0.00417 0.00741
4 0.48828 0.21343 0.00573 0.00833
0 0.42865 0.27917 0.00417 0.01019
11 0.28307 0.16481 0.00885 0.01481
11 0.3724 0.12778 0.00625 0.00926
