1 0.44505 0.78796 0.00469 0.02593
1 0.44115 0.78657 0.00313 0.02315
1 0.65807 0.92639 0.00885 0.03426
1 0.65807 0.88426 0.00885 0.03519
1 0.39245 0.66713 0.00469 0.01944
1 0.43568 0.61157 0.0026 0.01204
1 0.27396 0.68565 0.00417 0.01944
1 0.34766 0.59444 0.00156 0.00741
1 0.34583 0.59537 0.00208 0.00926
1 0.42109 0.56898 0.00156 0.00648
8 0.35339 0.65231 0.00365 0.01389
11 0.38411 0.61667 0.00677 0.01667
3 0.42552 0.75602 0.00937 0.01574
9 0.24349 0.88241 0.0349 0.07593
4 0.17734 0.87593 0.02135 0.0537
4 0.39844 0.75972 0.01354 0.0287
4 0.35729 0.68241 0.01146 0.02778
4 0.3388 0.65787 0.00885 0.01759
4 0.38125 0.6588 0.00833 0.01574
4 0.38359 0.64398 0.00781 0.01204
4 0.36198 0.65463 0.00937 0.01667
4 0.36328 0.61343 0.00573 0.01204
4 0.37318 0.61204 0.00677 0.01296
4 0.37578 0.59907 0.00469 0.00926
4 0.38724 0.59306 0.00573 0.00833
4 0.3763 0.58704 0.00469 0.00741
4 0.33177 0.62361 0.00729 0.01204
9 0.3362 0.57315 0.00573 0.01296
4 0.33464 0.56574 0.00469 0.00556
4 0.35156 0.57407 0.00625 0.00741
4 0.38542 0.56713 0.00521 0.00648
4 0.38307 0.56343 0.00365 0.00463
4 0.38359 0.56157 0.0026 0.00463
4 0.37344 0.56481 0.00833 0.00556
4 0.35339 0.56065 0.00677 0.00463
4 0.35599 0.55417 0.00677 0.00463
4 0.35677 0.55185 0.00625 0.00556
4 0.36484 0.55278 0.0026 0.00556
5 0.38438 0.55602 0.00313 0.00648
9 0.37656 0.55509 0.00313 0.00833
4 0.37682 0.55046 0.0026 0.00463
4 0.38359 0.55139 0.0026 0.00278
4 0.38255 0.54861 0.0026 0.00463
4 0.37708 0.54861 0.00313 0.00463
4 0.37812 0.5463 0.00208 0.0037
4 0.38125 0.54074 0.00208 0.0037
4 0.3763 0.5412 0.0026 0.00278
4 0.37135 0.54074 0.00208 0.0037
4 0.37318 0.53472 0.00156 0.00278
4 0.36146 0.54213 0.00625 0.00463
4 0.38229 0.5375 0.00208 0.00278
4 0.37734 0.53981 0.0026 0.0037
6 0.37708 0.53472 0.00313 0.00648
0 0.38099 0.52593 0.03802 0.01667
0 0.40156 0.54491 0.02917 0.01944
4 0.39974 0.58472 0.0099 0.00648
4 0.39922 0.58102 0.0099 0.00648
4 0.39922 0.57917 0.0099 0.00648
4 0.39818 0.57824 0.0099 0.00648
4 0.39766 0.57639 0.0099 0.00648
4 0.39714 0.57361 0.0099 0.00648
4 0.39661 0.57269 0.0099 0.00648
4 0.39714 0.56898 0.0099 0.00648
4 0.39609 0.56806 0.0099 0.00648
4 0.39609 0.56528 0.0099 0.00648
4 0.39505 0.56065 0.0099 0.00648
4 0.39453 0.56157 0.0099 0.00648
4 0.40391 0.56065 0.0099 0.00648
4 0.40313 0.56204 0.00833 0.00556
4 0.40521 0.56389 0.00833 0.00556
4 0.40599 0.56713 0.00781 0.00463
4 0.40651 0.56806 0.00781 0.00463
4 0.40703 0.57083 0.00781 0.00463
4 0.40703 0.56806 0.00781 0.00463
4 0.40807 0.57361 0.00781 0.00463
4 0.40859 0.57639 0.00781 0.00463
4 0.40964 0.57824 0.00781 0.00463
4 0.41068 0.58102 0.00781 0.00463
4 0.41276 0.5838 0.00781 0.00463
4 0.4112 0.58472 0.00781 0.00463
4 0.44089 0.58843 0.0099 0.00648
4 0.44062 0.58657 0.00833 0.00463
4 0.43776 0.58241 0.00781 0.00556
4 0.43828 0.5838 0.00781 0.00463
4 0.42917 0.58148 0.00833 0.00556
4 0.43724 0.58102 0.00885 0.00648
4 0.43411 0.57824 0.00885 0.00648
4 0.43307 0.57639 0.00885 0.00648
4 0.42891 0.57176 0.00885 0.00648
4 0.42682 0.5662 0.00885 0.00648
4 0.42786 0.56713 0.00885 0.00648
4 0.42422 0.56343 0.00885 0.00648
4 0.42474 0.56343 0.00885 0.00648
4 0.4237 0.5625 0.00885 0.00648
4 0.42266 0.56157 0.00885 0.00648
4 0.42109 0.5588 0.00885 0.00648
4 0.42109 0.64769 0.01823 0.01204
4 0.41901 0.64491 0.01823 0.01204
4 0.41979 0.6412 0.01771 0.01204
4 0.41823 0.6375 0.01771 0.01204
4 0.43411 0.63287 0.01823 0.01204
4 0.43255 0.62917 0.01823 0.01204
4 0.43151 0.62639 0.01823 0.01204
4 0.43047 0.62269 0.01823 0.01204
4 0.42995 0.61898 0.01823 0.01204
4 0.42708 0.61667 0.01562 0.01111
4 0.42578 0.61296 0.01406 0.01111
4 0.42526 0.61019 0.01406 0.01111
4 0.42292 0.60741 0.01354 0.00926
4 0.40833 0.61019 0.01354 0.00926
4 0.40703 0.61296 0.01302 0.00926
4 0.45807 0.60787 0.01198 0.01019
4 0.4612 0.61481 0.0151 0.00926
4 0.4737 0.62824 0.01302 0.00833
4 0.47526 0.63287 0.01302 0.00833
4 0.47891 0.63611 0.01615 0.01111
4 0.48047 0.64213 0.01302 0.00833
4 0.48594 0.64676 0.01875 0.01019
4 0.48906 0.65 0.01875 0.00926
4 0.49219 0.65509 0.01875 0.01019
4 0.49427 0.6625 0.01875 0.01019
4 0.50313 0.66667 0.02083 0.01111
4 0.50807 0.67407 0.02552 0.01667
4 0.51432 0.68426 0.02552 0.01667
4 0.51901 0.68889 0.02552 0.01667
4 0.5237 0.6963 0.02552 0.01667
4 0.52786 0.70278 0.02552 0.01667
4 0.46771 0.70833 0.02813 0.01852
4 0.46406 0.70046 0.02604 0.01574
4 0.4625 0.69398 0.02604 0.01574
4 0.45729 0.6875 0.02604 0.01574
4 0.45547 0.67917 0.02031 0.01574
4 0.45703 0.67269 0.02031 0.01574
4 0.45391 0.66991 0.01719 0.01389
4 0.46042 0.66343 0.01667 0.01389
4 0.49531 0.7412 0.03125 0.025
