7 0.28425 0.91633 0.0135 0.046
4 0.488 0.46933 0.021 0.01733
4 0.483 0.47833 0.025 0.01933
4 0.468 0.49933 0.029 0.01867
4 0.47175 0.48933 0.0305 0.01733
4 0.54625 0.97067 0.0325 0.05867
4 0.5605 0.91467 0.028 0.05733
4 0.58075 0.814 0.0225 0.04667
4 0.6685 0.927 0.025 0.06733
4 0.61325 0.67233 0.0205 0.04067
4 0.624 0.619 0.018 0.034
4 0.6305 0.589 0.018 0.03133
4 0.64625 0.515 0.0135 0.02333
4 0.65175 0.49367 0.0135 0.022
9 0.653 0.44433 0.02 0.05933
4 0.89725 0.84967 0.0275 0.04733
4 0.81925 0.81167 0.0215 0.042
4 0.7605 0.794 0.019 0.04133
5 0.59525 0.75167 0.0205 0.042
4 0.69925 0.64567 0.0175 0.03667
9 0.68575 0.54167 0.0265 0.07667
4 0.7085 0.47167 0.013 0.022
4 0.99075 0.77133 0.0185 0.04133
4 0.9615 0.75433 0.024 0.04067
4 0.936 0.74767 0.027 0.042
4 0.90875 0.77967 0.0275 0.04733
4 0.89825 0.711 0.0225 0.03533
4 0.9285 0.67267 0.043 0.02533
4 0.87 0.689 0.022 0.03667
4 0.8665 0.65533 0.019 0.03067
4 0.85725 0.607 0.0185 0.03
4 0.8525 0.57267 0.018 0.02533
4 0.84725 0.54733 0.0175 0.02533
4 0.84475 0.52533 0.0155 0.02267
4 0.80425 0.546 0.0155 0.02533
4 0.843 0.50467 0.015 0.02133
4 0.83925 0.48233 0.0145 0.01933
4 0.837 0.46467 0.013 0.01867
4 0.83375 0.448 0.0145 0.01867
4 0.83125 0.43167 0.0145 0.01533
4 0.828 0.41367 0.012 0.014
4 0.764 0.49833 0.012 0.018
4 0.7815 0.48267 0.013 0.01867
4 0.72275 0.40233 0.0105 0.018
4 0.76675 0.42633 0.0105 0.01667
4 0.782 0.41433 0.012 0.01667
4 0.73525 0.38 0.0095 0.01467
4 0.77525 0.37667 0.0115 0.01333
4 0.7915 0.384 0.01 0.01467
5 0.78925 0.33167 0.0095 0.01667
4 0.7415 0.35667 0.009 0.01467
4 0.72725 0.34533 0.0095 0.01333
4 0.7615 0.34133 0.009 0.01333
4 0.77375 0.32833 0.0105 0.014
4 0.7195 0.317 0.009 0.01267
4 0.7315 0.30533 0.009 0.01333
4 0.76175 0.29633 0.0085 0.01133
4 0.78425 0.29833 0.0085 0.01
4 0.7725 0.29067 0.008 0.01067
4 0.78475 0.282 0.0075 0.00933
4 0.82025 0.371 0.0115 0.014
4 0.8245 0.351 0.01 0.014
5 0.82425 0.34033 0.0095 0.014
4 0.82325 0.322 0.0095 0.01067
4 0.8215 0.31467 0.009 0.01067
4 0.81775 0.294 0.0085 0.00933
2 0.6015 0.82633 0.008 0.01533
6 0.6015 0.834 0.008 0.01867
2 0.88075 0.965 0.0115 0.01933
10 0.8795 0.97067 0.009 0.024
2 0.8935 0.935 0.01 0.01667
3 0.89325 0.941 0.0095 0.02333
2 0.881 0.89233 0.009 0.014
2 0.882 0.89833 0.009 0.014
10 0.8805 0.896 0.009 0.02533
4 0.69425 0.714 0.0185 0.03733
4 0.79175 0.73533 0.0195 0.04
4 0.723 0.72867 0.02 0.04
2 0.6235 0.76733 0.006 0.01467
10 0.62275 0.77233 0.0065 0.018
10 0.93275 0.64433 0.0145 0.01267
10 0.9265 0.63733 0.016 0.012
3 0.91225 0.633 0.0145 0.014
2 0.82175 0.45967 0.0045 0.01133
3 0.8215 0.462 0.005 0.012
2 0.8135 0.39 0.004 0.008
2 0.813 0.42533 0.004 0.00933
10 0.813 0.42867 0.005 0.01067
10 0.8135 0.39233 0.004 0.00867
4 0.76075 0.27267 0.0075 0.00933
4 0.7775 0.271 0.009 0.01
4 0.7365 0.26533 0.007 0.01067
4 0.748 0.267 0.007 0.01
4 0.72975 0.24733 0.0075 0.012
4 0.80725 0.25767 0.0085 0.01
4 0.76125 0.25133 0.0075 0.00933
4 0.77075 0.25033 0.0065 0.00867
4 0.78325 0.25033 0.0075 0.01
9 0.78225 0.22833 0.0095 0.02067
4 0.8005 0.244 0.006 0.00933
4 0.80275 0.25067 0.0075 0.00933
4 0.77225 0.24067 0.0065 0.00933
4 0.76225 0.22433 0.0065 0.00867
5 0.70575 0.251 0.0125 0.02333
4 0.696 0.294 0.009 0.012
4 0.699 0.283 0.008 0.01133
5 0.70175 0.26667 0.0075 0.01467
5 0.68725 0.31633 0.0095 0.01267
4 0.691 0.30933 0.009 0.012
4 0.683 0.32567 0.01 0.01267
4 0.67975 0.335 0.0085 0.01133
4 0.7705 0.231 0.008 0.00867
4 0.7705 0.225 0.006 0.00867
4 0.762 0.20167 0.006 0.00733
4 0.7795 0.20533 0.006 0.00667
4 0.77125 0.21067 0.0055 0.008
4 0.77125 0.20067 0.0055 0.00667
2 0.842 0.654 0.007 0.01333
10 0.84125 0.65667 0.0065 0.016
2 0.82725 0.50833 0.0045 0.01133
3 0.82725 0.51067 0.0035 0.01067
2 0.652 0.618 0.006 0.01333
10 0.65225 0.62167 0.0065 0.01533
2 0.6485 0.592 0.006 0.01467
10 0.64875 0.59733 0.0055 0.01467
2 0.65925 0.51667 0.0055 0.012
10 0.65925 0.52167 0.0055 0.01133
0 0.75925 0.109 0.0755 0.138
4 0.77075 0.26267 0.0075 0.01067
4 0.7825 0.26267 0.007 0.00933
4 0.76225 0.18667 0.0055 0.00667
4 0.769 0.19233 0.005 0.006
4 0.7705 0.18633 0.005 0.006
4 0.77825 0.19033 0.0055 0.00733
4 0.70975 0.23567 0.0075 0.01133
4 0.7115 0.22567 0.007 0.01133
5 0.713 0.217 0.006 0.00867
4 0.716 0.20733 0.005 0.008
2 0.809 0.37367 0.004 0.00867
1 0.81375 0.37467 0.0035 0.00933
