4 0.29143 0.01429 0.03571 0.02667
5 0.36607 0.01571 0.02357 0.03143
4 0.405 0.01286 0.02714 0.02571
4 0.45929 0.02381 0.03143 0.04762
4 0.3575 0.05143 0.03071 0.05333
4 0.26786 0.04238 0.06143 0.03905
4 0.22893 0.06905 0.065 0.04095
4 0.39714 0.0419 0.02571 0.04762
4 0.34464 0.09952 0.03214 0.04857
5 0.38929 0.08 0.03 0.06095
4 0.175 0.23762 0.07143 0.04857
4 0.11893 0.42476 0.07357 0.11238
10 0.14071 0.29905 0.02714 0.03619
4 0.29321 0.24095 0.02786 0.06857
4 0.335 0.24619 0.04571 0.07905
4 0.37857 0.23857 0.03286 0.08286
4 0.44643 0.25143 0.03143 0.08571
4 0.24821 0.37952 0.05357 0.0981
1 0.40464 0.22857 0.015 0.04381
1 0.36714 0.41476 0.01429 0.04667
4 0.35036 0.3519 0.04643 0.1019
4 0.31143 0.52762 0.06 0.13714
4 0.21071 0.52095 0.06 0.12571
6 0.15321 0.7219 0.10357 0.20762
5 0.27964 0.69143 0.065 0.14286
5 0.33571 0.78048 0.06571 0.19905
5 0.24786 0.89 0.08571 0.21238
5 0.11786 0.9419 0.08714 0.11429
6 0.515 0.40952 0.06714 0.22476
4 0.60571 0.18667 0.03429 0.06476
4 0.67 0.28238 0.02571 0.06
1 0.59607 0.01238 0.00929 0.02476
1 0.60786 0.01762 0.00714 0.03524
1 0.61821 0.02143 0.00786 0.03714
4 0.67107 0.06429 0.04929 0.0581
4 0.675 0.11381 0.03571 0.05238
4 0.69214 0.18048 0.03857 0.06571
4 0.70929 0.25762 0.05 0.07714
4 0.73321 0.33714 0.04929 0.08381
4 0.77 0.45429 0.05857 0.10286
4 0.8075 0.58762 0.07643 0.12571
4 0.85679 0.78048 0.10214 0.18952
4 0.91321 0.95667 0.09357 0.08286
