6 0.3925 0.31952 0.02071 0.05619
10 0.1775 0.98048 0.00786 0.03143
10 0.20821 0.89429 0.01214 0.02857
10 0.25536 0.68667 0.01643 0.01143
10 0.21893 0.68524 0.01643 0.01238
10 0.22143 0.64952 0.00857 0.01905
10 0.26143 0.67476 0.01714 0.01238
10 0.27679 0.7481 0.01643 0.0181
10 0.21571 0.70952 0.00714 0.02667
6 0.19607 0.8281 0.03071 0.07524
9 0.34821 0.71048 0.045 0.15619
4 0.28107 0.61238 0.03214 0.04381
5 0.3175 0.35476 0.01357 0.02762
4 0.29464 0.5519 0.02071 0.04286
10 0.36143 0.37476 0.00286 0.01619
10 0.28071 0.4119 0.00286 0.01238
2 0.36143 0.3719 0.00429 0.00857
2 0.28071 0.40857 0.00571 0.00762
1 0.28571 0.40381 0.00429 0.01143
6 0.45286 0.33286 0.01286 0.03143
4 0.39036 0.22905 0.01214 0.02571
0 0.32107 0.26429 0.05214 0.03905
10 0.24857 0.50762 0.01 0.01905
10 0.31464 0.21524 0.00929 0.00952
10 0.28929 0.3281 0.00714 0.01238
10 0.29071 0.3219 0.00857 0.00952
4 0.31357 0.09286 0.02143 0.01238
4 0.31571 0.07857 0.02 0.01238
4 0.31714 0.07048 0.01857 0.01143
4 0.32036 0.0619 0.01929 0.00952
4 0.32286 0.05667 0.01857 0.00857
4 0.32143 0.05048 0.01857 0.01143
10 0.38536 0.04857 0.00357 0.00762
2 0.385 0.04429 0.00286 0.00667
1 0.62143 0.10714 0.00286 0.01048
1 0.54393 0.15048 0.00214 0.01143
4 0.60964 0.02048 0.01786 0.01048
4 0.59714 0.05857 0.01 0.01619
5 0.63857 0.0781 0.01571 0.01143
5 0.80393 0.04619 0.01214 0.01048
6 0.80929 0.03095 0.07714 0.0219
6 0.81464 0.02333 0.07214 0.0219
6 0.81393 0.01619 0.07214 0.02095
6 0.815 0.00952 0.07429 0.01905
6 0.79893 0.0081 0.07214 0.01619
6 0.92643 0.79286 0.07143 0.05619
10 0.7125 0.8481 0.01643 0.01619
2 0.71357 0.84571 0.00571 0.00952
2 0.7075 0.84333 0.005 0.01238
4 0.30321 0.16476 0.02071 0.01524
1 0.30786 0.19905 0.00714 0.00952
