4 0.42107 0.36485 0.01357 0.02157
4 0.42214 0.56282 0.01714 0.03934
4 0.42929 0.64911 0.01857 0.04442
4 0.37357 0.86294 0.02714 0.06599
4 0.46071 0.36929 0.01286 0.02538
4 0.41321 0.40863 0.01357 0.02538
4 0.39929 0.46066 0.01429 0.02792
4 0.43143 0.32487 0.01143 0.0203
4 0.43929 0.29886 0.01143 0.01904
4 0.485 0.27157 0.01 0.01777
4 0.50821 0.20558 0.00786 0.01777
4 0.46214 0.20812 0.00857 0.01269
4 0.47607 0.19543 0.00786 0.01523
4 0.4775 0.16244 0.00643 0.01523
4 0.52607 0.16688 0.01214 0.0165
4 0.465 0.24048 0.00857 0.01904
4 0.46607 0.14277 0.00643 0.01396
4 0.47929 0.13071 0.00571 0.01269
4 0.44679 0.04822 0.00643 0.00761
4 0.44929 0.06409 0.00714 0.00888
4 0.42464 0.0184 0.00643 0.00635
5 0.40536 0.01459 0.00786 0.00888
5 0.51857 0.14975 0.00857 0.0203
5 0.48857 0.32297 0.01143 0.02665
5 0.435 0.49302 0.01429 0.04188
5 0.39429 0.6453 0.02429 0.05203
5 0.25571 0.96256 0.03429 0.07234
9 0.30571 0.75888 0.05857 0.16497
1 0.24321 0.79378 0.00786 0.02665
1 0.23857 0.79251 0.00571 0.02157
1 0.39107 0.40609 0.00357 0.01523
1 0.38536 0.40482 0.005 0.01523
1 0.38143 0.40673 0.00286 0.0165
1 0.38714 0.40292 0.00571 0.02157
9 0.3825 0.50761 0.02214 0.05584
