5 0.10643 0.50571 0.04286 0.02857
5 0.59464 0.96381 0.02929 0.07238
5 0.53321 0.01952 0.00786 0.01429
5 0.51643 0.16714 0.00857 0.02952
5 0.515 0.14952 0.01143 0.02286
5 0.51143 0.05333 0.00857 0.01905
5 0.51071 0.03762 0.01 0.02
4 0.58071 0.52048 0.04143 0.02571
4 0.4825 0.50381 0.04214 0.02667
4 0.20893 0.50762 0.04214 0.02667
4 0.01464 0.50429 0.02929 0.02381
4 0.55464 0.40286 0.01786 0.03619
4 0.59393 0.34381 0.015 0.02857
4 0.52321 0.35905 0.015 0.03048
4 0.52179 0.2619 0.01357 0.02476
4 0.51179 0.09333 0.00929 0.01905
4 0.51393 0.07857 0.00786 0.0219
4 0.5125 0.06905 0.00643 0.01429
4 0.56143 0.12381 0.01857 0.01714
4 0.55786 0.09476 0.01 0.01619
4 0.55536 0.08095 0.01071 0.01524
4 0.55286 0.0681 0.01143 0.01619
4 0.53464 0.04905 0.00786 0.02
1 0.70857 0.9681 0.00857 0.0181
1 0.71571 0.96238 0.00857 0.01619
1 0.72357 0.96619 0.00857 0.0181
1 0.27286 0.43619 0.00714 0.01524
1 0.34571 0.43238 0.00857 0.01905
1 0.53964 0.34333 0.005 0.0181
1 0.58929 0.2519 0.00571 0.01619
1 0.58607 0.21048 0.00214 0.01524
1 0.58857 0.21381 0.00429 0.00857
1 0.52464 0.11238 0.00357 0.01333
1 0.52857 0.11333 0.00429 0.01333
1 0.5425 0.12429 0.00357 0.01429
1 0.55964 0.15571 0.00357 0.01238
1 0.49214 0.61524 0.00714 0.01714
1 0.47607 0.54905 0.00643 0.01619
10 0.40536 0.48905 0.01643 0.01048
10 0.49393 0.47 0.01786 0.01238
10 0.50821 0.46571 0.01643 0.01143
10 0.53714 0.46286 0.01571 0.01143
10 0.56 0.35571 0.00571 0.0181
10 0.59643 0.3719 0.00571 0.01429
10 0.60429 0.40429 0.00857 0.0219
10 0.63107 0.42143 0.00929 0.02
10 0.6475 0.48333 0.015 0.01429
10 0.54143 0.44429 0.00714 0.0219
10 0.54 0.20095 0.00571 0.01333
10 0.55536 0.17571 0.00357 0.01048
10 0.57 0.17238 0.01 0.01143
10 0.56607 0.15524 0.00786 0.01143
10 0.56929 0.18286 0.00571 0.01333
10 0.54964 0.14524 0.005 0.00857
10 0.55393 0.1381 0.00357 0.01143
10 0.55107 0.15571 0.005 0.01048
10 0.5325 0.15095 0.00357 0.01048
7 0.52143 0.21095 0.01 0.02
7 0.52 0.2319 0.01 0.02
7 0.56464 0.13619 0.00786 0.01905
10 0.58786 0.31238 0.01286 0.01333
10 0.59071 0.32048 0.01429 0.01238
3 0.17786 0.46476 0.01571 0.01143
3 0.25964 0.47048 0.015 0.00952
3 0.27321 0.46333 0.01643 0.00857
3 0.55714 0.45048 0.01286 0.01143
3 0.57964 0.09381 0.00929 0.00857
0 0.58536 0.18238 0.01357 0.02381
10 0.52393 0.44714 0.00786 0.02381
10 0.62571 0.63238 0.00857 0.02286
2 0.17571 0.46048 0.00857 0.01238
2 0.2575 0.46619 0.00786 0.01429
2 0.27179 0.45952 0.00643 0.01238
2 0.49429 0.46714 0.00571 0.01238
2 0.50357 0.46143 0.00429 0.01238
2 0.50929 0.46429 0.00714 0.01619
2 0.53821 0.46238 0.00643 0.01048
2 0.55679 0.44571 0.005 0.01143
2 0.56 0.35143 0.00429 0.00952
2 0.59643 0.36619 0.00429 0.01048
2 0.54179 0.44048 0.005 0.01619
2 0.54 0.19524 0.00429 0.00952
2 0.53321 0.14667 0.00357 0.00762
4 0.51536 0.13286 0.00929 0.02
6 0.5125 0.11333 0.00929 0.02095
5 0.58857 0.10524 0.02143 0.01429
3 0.45786 0.47667 0.01571 0.01048
2 0.45929 0.47524 0.00714 0.01333
4 0.86679 0.46714 0.04214 0.0219
7 0.78679 0.44619 0.02071 0.0181
8 0.80393 0.4419 0.02071 0.01905
10 0.89643 0.4581 0.01429 0.01524
10 0.90786 0.44 0.01571 0.01524
10 0.85964 0.44714 0.01214 0.01238
10 0.96571 0.44571 0.01571 0.01143
