1 0.59766 0.93426 0.01302 0.0537
1 0.60078 0.92639 0.0099 0.04907
10 0.58125 0.80463 0.00833 0.03148
10 0.57344 0.80417 0.01667 0.0287
10 0.53776 0.78148 0.01823 0.02593
10 0.53333 0.82685 0.00937 0.02778
10 0.51979 0.825 0.00521 0.03148
10 0.62318 0.80231 0.00885 0.025
4 0.57474 0.89676 0.03802 0.06574
10 0.72344 0.68796 0.01146 0.01852
1 0.33359 0.8412 0.00677 0.03981
1 0.16484 0.81944 0.00677 0.03519
1 0.15859 0.81944 0.00677 0.03704
3 0.11458 0.7912 0.01458 0.0287
1 0.08906 0.675 0.00417 0.02222
1 0.10781 0.60694 0.00313 0.01574
1 0.11172 0.60694 0.0026 0.01389
1 0.11589 0.59954 0.0026 0.01389
1 0.11849 0.60139 0.00156 0.00833
1 0.12083 0.59907 0.00208 0.01296
1 0.06302 0.58889 0.00313 0.01296
1 0.05651 0.58611 0.00365 0.01481
1 0.0388 0.53056 0.00156 0.00741
1 0.03724 0.53102 0.00156 0.00463
1 0.03255 0.52731 0.00156 0.00648
1 0.03125 0.52778 0.00104 0.00556
4 0.20781 0.72685 0.03958 0.02963
4 0.23411 0.66389 0.0276 0.02037
4 0.22708 0.66157 0.02813 0.0213
4 0.21901 0.65833 0.0276 0.02037
4 0.21484 0.65185 0.0276 0.02037
4 0.1974 0.63611 0.02604 0.02037
5 0.20443 0.64259 0.02865 0.02222
4 0.18333 0.63333 0.02083 0.01852
4 0.17943 0.62778 0.02031 0.01667
4 0.17604 0.62454 0.02396 0.01759
4 0.16979 0.61944 0.02396 0.01667
4 0.16562 0.61435 0.02396 0.01759
4 0.16068 0.61019 0.02448 0.01667
4 0.15703 0.60741 0.02448 0.01667
4 0.15391 0.60417 0.02448 0.01759
1 0.14271 0.70417 0.00521 0.0213
4 0.16302 0.69954 0.03958 0.025
4 0.15365 0.69444 0.03333 0.02593
4 0.1513 0.68472 0.03594 0.025
4 0.14193 0.67731 0.03594 0.025
4 0.13802 0.66667 0.03021 0.02222
4 0.13958 0.66296 0.03021 0.02222
4 0.13854 0.65741 0.03021 0.02222
4 0.07786 0.64537 0.0276 0.01852
4 0.07344 0.6412 0.02813 0.01574
4 0.07396 0.63472 0.02813 0.01574
4 0.07266 0.63102 0.02865 0.01574
4 0.09349 0.62083 0.02865 0.01574
4 0.09245 0.6162 0.02865 0.01574
4 0.08906 0.61528 0.02813 0.01574
4 0.0875 0.60972 0.02813 0.01574
4 0.08568 0.60602 0.02865 0.01574
4 0.08281 0.60324 0.02813 0.01574
4 0.08021 0.59954 0.02813 0.01574
4 0.07786 0.59769 0.02865 0.01574
4 0.075 0.59398 0.02604 0.01574
4 0.13099 0.59167 0.02031 0.01481
4 0.12448 0.58426 0.01562 0.01296
4 0.04792 0.60509 0.02292 0.01389
4 0.0474 0.59954 0.01979 0.01389
4 0.02995 0.57222 0.01719 0.00926
4 0.04922 0.56852 0.01823 0.01111
4 0.02813 0.56898 0.01667 0.01204
4 0.02813 0.56435 0.01667 0.01204
4 0.025 0.56065 0.01667 0.01204
4 0.02292 0.5588 0.01667 0.01204
4 0.02135 0.55694 0.01667 0.01204
4 0.02031 0.55417 0.01667 0.01204
4 0.04818 0.5625 0.01615 0.01019
4 0.04505 0.5625 0.01615 0.01019
4 0.04349 0.56019 0.01615 0.01111
4 0.04219 0.55833 0.01667 0.01111
4 0.03958 0.55509 0.01354 0.01019
4 0.03854 0.55324 0.01354 0.01019
4 0.09531 0.56574 0.01562 0.00926
4 0.09219 0.56343 0.01562 0.01019
4 0.0901 0.56157 0.01562 0.01019
4 0.08854 0.56019 0.01562 0.00926
4 0.08698 0.55833 0.01562 0.00926
4 0.08229 0.55417 0.01562 0.01019
4 0.08385 0.55556 0.01562 0.00926
4 0.0776 0.55093 0.01562 0.00926
4 0.07917 0.55185 0.01562 0.00926
4 0.07161 0.54722 0.01094 0.00926
4 0.06901 0.54444 0.01094 0.00926
4 0.06641 0.54259 0.01094 0.00926
4 0.06432 0.54167 0.01094 0.00926
4 0.06276 0.53981 0.01094 0.00926
4 0.0612 0.53796 0.01094 0.00926
4 0.05859 0.53704 0.01094 0.00926
1 0.05182 0.53472 0.00156 0.00833
1 0.0487 0.5338 0.00156 0.00648
1 0.04245 0.53472 0.00156 0.00648
0 0.02031 0.52407 0.03542 0.04259
4 0.01172 0.5875 0.0099 0.01019
4 0.01172 0.59444 0.0099 0.01111
4 0.02448 0.625 0.0125 0.01667
4 0.00234 0.63657 0.00469 0.01944
4 0.03672 0.82593 0.02969 0.04815
