4 0.44964 0.01586 0.01786 0.02411
4 0.38 0.1047 0.03286 0.02411
5 0.43214 0.03046 0.01857 0.02538
5 0.40607 0.04949 0.02357 0.03299
5 0.38714 0.07424 0.02 0.02919
5 0.35536 0.16434 0.03214 0.0368
6 0.34536 0.19543 0.03643 0.06853
6 0.32393 0.26523 0.03929 0.09137
1 0.435 0.00571 0.00286 0.01142
1 0.43786 0.00698 0.00429 0.01396
1 0.32429 0.15102 0.00571 0.02538
1 0.32929 0.11485 0.00429 0.02411
1 0.34107 0.10787 0.005 0.02538
1 0.345 0.10787 0.00714 0.02538
1 0.61179 0.02538 0.00357 0.01777
1 0.59929 0.0184 0.00286 0.0165
1 0.60286 0.01777 0.00429 0.0203
1 0.60286 0.05076 0.00429 0.0203
1 0.58893 0.07931 0.005 0.02157
1 0.58929 0.13452 0.00429 0.02284
1 0.58643 0.15673 0.00571 0.02411
1 0.5925 0.15673 0.005 0.02411
1 0.6325 0.49683 0.00786 0.03934
1 0.64893 0.50127 0.00786 0.03553
11 0.65321 0.51459 0.00643 0.02157
1 0.63857 0.52221 0.00857 0.0368
1 0.63214 0.52221 0.00714 0.0368
1 0.65857 0.80774 0.01 0.04949
1 0.87929 0.65355 0.00857 0.02792
1 0.94143 0.65799 0.02 0.04188
1 0.94464 0.67005 0.01643 0.04569
2 0.91036 0.38071 0.01071 0.02792
2 0.91321 0.37817 0.01214 0.02538
11 0.91429 0.37944 0.01571 0.02284
2 0.83607 0.33439 0.01071 0.02665
4 0.76071 0.42957 0.06714 0.05457
1 0.99786 0.23794 0.00429 0.02665
2 0.97679 0.16751 0.00643 0.02538
2 0.89107 0.18274 0.00929 0.03046
1 0.90929 0.1802 0.01286 0.03299
2 0.845 0.22398 0.00714 0.02411
2 0.80964 0.21574 0.00786 0.02792
2 0.81786 0.21827 0.00714 0.02792
2 0.80643 0.21193 0.00857 0.01523
1 0.88357 0.21637 0.00571 0.02157
1 0.91107 0.20876 0.00643 0.02157
10 0.22393 0.53426 0.03357 0.03807
11 0.15893 0.62437 0.01643 0.03807
1 0.22714 0.39721 0.01 0.03807
1 0.15643 0.63579 0.01143 0.04315
1 0.17893 0.51079 0.015 0.0368
1 0.1875 0.51269 0.01071 0.03807
