4,0.34140625,0.5990740740740741,0.013020833333333334,0.040740740740740744
4,0.3963541666666667,0.5907407407407408,0.030208333333333334,0.027777777777777776
4,0.40703125,0.6875,0.015104166666666667,0.05462962962962963
4,0.39817708333333335,0.6333333333333333,0.03177083333333333,0.03333333333333333
4,0.46484375,0.6393518518518518,0.03177083333333333,0.025
4,0.478125,0.6962962962962963,0.03229166666666667,0.024074074074074074
4,0.45729166666666665,0.4962962962962963,0.027083333333333334,0.020370370370370372
4,0.3893229166666667,0.3680555555555556,0.022395833333333334,0.017592592592592594
4,0.4453125,0.425462962962963,0.023958333333333335,0.019444444444444445
4,0.4197916666666667,0.28055555555555556,0.008333333333333333,0.020370370370370372
4,0.4317708333333333,0.28194444444444444,0.008333333333333333,0.021296296296296296
4,0.4140625,0.2518518518518518,0.016666666666666666,0.014814814814814815
4,0.371875,0.28888888888888886,0.00625,0.020370370370370372
4,0.36276041666666664,0.23981481481481481,0.0078125,0.014814814814814815
4,0.3502604166666667,0.2324074074074074,0.0067708333333333336,0.016666666666666666
4,0.3567708333333333,0.17592592592592593,0.00625,0.014814814814814815
4,0.0328125,0.14444444444444443,0.013541666666666667,0.009259259259259259
4,0.04244791666666667,0.13796296296296295,0.009895833333333333,0.012962962962962963
4,0.04973958333333333,0.13287037037037036,0.009895833333333333,0.012037037037037037
4,0.0546875,0.12777777777777777,0.010416666666666666,0.011111111111111112
4,0.05963541666666667,0.12453703703703704,0.009895833333333333,0.010185185185185186
4,0.06510416666666667,0.1162037037037037,0.0125,0.012037037037037037
4,0.3703125,0.004629629629629629,0.004166666666666667,0.007407407407407408
4,0.38307291666666665,0.00787037037037037,0.0036458333333333334,0.006481481481481481
4,0.37057291666666664,0.01712962962962963,0.0036458333333333334,0.006481481481481481
4,0.3690104166666667,0.03009259259259259,0.0036458333333333334,0.006481481481481481
4,0.3692708333333333,0.024537037037037038,0.004166666666666667,0.006481481481481481
4,0.35572916666666665,0.033796296296296297,0.004166666666666667,0.006481481481481481
4,0.36223958333333334,0.06435185185185185,0.005729166666666666,0.008333333333333333
4,0.35182291666666665,0.06435185185185185,0.0046875,0.008333333333333333
4,0.3729166666666667,0.05925925925925926,0.009375,0.009259259259259259
4,0.33489583333333334,0.08981481481481482,0.010416666666666666,0.007407407407407408
4,0.3411458333333333,0.047685185185185185,0.009375,0.008333333333333333
4,0.33177083333333335,0.10740740740740741,0.010416666666666666,0.011111111111111112
4,0.33125,0.09907407407407408,0.010416666666666666,0.009259259259259259
4,0.3255208333333333,0.12175925925925926,0.011458333333333333,0.008333333333333333
4,0.3263020833333333,0.1287037037037037,0.0109375,0.009259259259259259
4,0.3234375,0.14629629629629629,0.005208333333333333,0.012962962962962963
4,0.31640625,0.19768518518518519,0.013020833333333334,0.012037037037037037
4,0.31744791666666666,0.19027777777777777,0.011979166666666667,0.012037037037037037
4,0.31927083333333334,0.18333333333333332,0.013541666666666667,0.012962962962962963
4,0.3106770833333333,0.2263888888888889,0.0140625,0.012037037037037037
4,0.3125,0.2523148148148148,0.017708333333333333,0.013888888888888888
4,0.3059895833333333,0.26157407407407407,0.016145833333333335,0.01574074074074074
4,0.29921875,0.2810185185185185,0.019270833333333334,0.01574074074074074
4,0.2950520833333333,0.30972222222222223,0.0203125,0.013888888888888888
4,0.31796875,0.2828703703703704,0.0109375,0.021296296296296296
5,0.3606770833333333,0.1425925925925926,0.005729166666666666,0.011111111111111112
4,0.38723958333333336,0.10416666666666667,0.011979166666666667,0.010185185185185186
4,0.3854166666666667,0.09768518518518518,0.011458333333333333,0.008333333333333333
4,0.38515625,0.09259259259259259,0.009895833333333333,0.007407407407407408
4,0.38671875,0.08888888888888889,0.009895833333333333,0.007407407407407408
4,0.38723958333333336,0.08425925925925926,0.009895833333333333,0.007407407407407408
4,0.38515625,0.06574074074074074,0.009895833333333333,0.007407407407407408
4,0.38619791666666664,0.053703703703703705,0.009895833333333333,0.007407407407407408
4,0.3875,0.07268518518518519,0.010416666666666666,0.008333333333333333
4,0.38619791666666664,0.04722222222222222,0.009895833333333333,0.007407407407407408
4,0.39869791666666665,0.07175925925925926,0.0046875,0.008333333333333333
4,0.4041666666666667,0.06712962962962964,0.003125,0.006481481481481481
4,0.4278645833333333,0.07175925925925926,0.0046875,0.010185185185185186
4,0.41432291666666665,0.06666666666666667,0.0109375,0.009259259259259259
4,0.43255208333333334,0.05416666666666667,0.0046875,0.008333333333333333
4,0.40182291666666664,0.14444444444444443,0.008854166666666666,0.011111111111111112
4,0.3875,0.14166666666666666,0.0125,0.009259259259259259
4,0.4114583333333333,0.19166666666666668,0.014583333333333334,0.011111111111111112
4,0.39895833333333336,0.24583333333333332,0.016666666666666666,0.012037037037037037
4,0.41119791666666666,0.21805555555555556,0.011979166666666667,0.010185185185185186
4,0.42682291666666666,0.2125,0.015104166666666667,0.010185185185185186
4,0.42682291666666666,0.2050925925925926,0.0140625,0.012037037037037037
4,0.428125,0.22083333333333333,0.015625,0.012037037037037037
4,0.44140625,0.28194444444444444,0.008854166666666666,0.021296296296296296
4,0.4127604166666667,0.05416666666666667,0.009895833333333333,0.006481481481481481
4,0.41328125,0.05138888888888889,0.008854166666666666,0.006481481481481481
4,0.4127604166666667,0.047685185185185185,0.008854166666666666,0.006481481481481481
4,0.40859375,0.04398148148148148,0.008854166666666666,0.006481481481481481
4,0.41041666666666665,0.07962962962962963,0.009375,0.005555555555555556
4,0.4114583333333333,0.08472222222222223,0.009375,0.006481481481481481
4,0.41171875,0.0875,0.0109375,0.006481481481481481
4,0.4119791666666667,0.0912037037037037,0.010416666666666666,0.006481481481481481
4,0.42239583333333336,0.17407407407407408,0.014583333333333334,0.012962962962962963
4,0.421875,0.16527777777777777,0.014583333333333334,0.010185185185185186
4,0.4197916666666667,0.15648148148148147,0.013541666666666667,0.009259259259259259
4,0.4192708333333333,0.16018518518518518,0.013541666666666667,0.011111111111111112
4,0.41822916666666665,0.14953703703703702,0.013541666666666667,0.010185185185185186
5,0.4161458333333333,0.14166666666666666,0.0125,0.009259259259259259
5,0.41848958333333336,0.14722222222222223,0.013020833333333334,0.011111111111111112
4,0.41380208333333335,0.13564814814814816,0.013020833333333334,0.008333333333333333
4,0.4158854166666667,0.12824074074074074,0.013020833333333334,0.010185185185185186
4,0.4153645833333333,0.12453703703703704,0.011979166666666667,0.008333333333333333
4,0.4122395833333333,0.11574074074074074,0.011979166666666667,0.009259259259259259
4,0.4171875,0.1125,0.0125,0.008333333333333333
5,0.41432291666666665,0.10462962962962963,0.009895833333333333,0.007407407407407408
4,0.4140625,0.10092592592592593,0.011458333333333333,0.005555555555555556
4,0.41354166666666664,0.09814814814814815,0.011458333333333333,0.009259259259259259
4,0.4171875,0.18518518518518517,0.014583333333333334,0.011111111111111112
5,0.41015625,0.225,0.0109375,0.012962962962962963
4,0.38567708333333334,0.15231481481481482,0.011979166666666667,0.010185185185185186
4,0.38723958333333336,0.13657407407407407,0.011979166666666667,0.010185185185185186
4,0.38723958333333336,0.16157407407407406,0.015104166666666667,0.010185185185185186
4,0.3888020833333333,0.16805555555555557,0.0109375,0.010185185185185186
4,0.38723958333333336,0.17407407407407408,0.015104166666666667,0.009259259259259259
4,0.38697916666666665,0.18009259259259258,0.015625,0.010185185185185186
4,0.3885416666666667,0.18518518518518517,0.014583333333333334,0.011111111111111112
4,0.38776041666666666,0.19166666666666668,0.015104166666666667,0.011111111111111112
4,0.3885416666666667,0.19814814814814816,0.014583333333333334,0.009259259259259259
4,0.3890625,0.2050925925925926,0.016666666666666666,0.010185185185185186
6,0.38776041666666666,0.22037037037037038,0.024479166666666666,0.022222222222222223
6,0.3958333333333333,0.23194444444444445,0.023958333333333335,0.017592592592592594
4,0.4010416666666667,0.26851851851851855,0.017708333333333333,0.014814814814814815
4,0.40390625,0.2791666666666667,0.019270833333333334,0.012037037037037037
4,0.40130208333333334,0.30648148148148147,0.019270833333333334,0.011111111111111112
4,0.40182291666666664,0.31342592592592594,0.019270833333333334,0.012037037037037037
4,0.40182291666666664,0.324537037037037,0.0203125,0.01574074074074074
4,0.38958333333333334,0.33425925925925926,0.019791666666666666,0.014814814814814815
4,0.38828125,0.3449074074074074,0.0203125,0.01574074074074074
4,0.390625,0.35509259259259257,0.021875,0.01574074074074074
5,0.4049479166666667,0.2935185185185185,0.0171875,0.016666666666666666
4,0.42734375,0.3453703703703704,0.022395833333333334,0.014814814814814815
4,0.43697916666666664,0.3365740740740741,0.021875,0.01574074074074074
4,0.43359375,0.32546296296296295,0.021354166666666667,0.013888888888888888
4,0.43307291666666664,0.31851851851851853,0.021354166666666667,0.012962962962962963
4,0.4359375,0.35555555555555557,0.020833333333333332,0.014814814814814815
4,0.43776041666666665,0.36527777777777776,0.022395833333333334,0.017592592592592594
4,0.43984375,0.3773148148148148,0.0203125,0.019444444444444445
4,0.43697916666666664,0.38935185185185184,0.023958333333333335,0.017592592592592594
4,0.4388020833333333,0.4027777777777778,0.024479166666666666,0.018518518518518517
4,0.440625,0.4152777777777778,0.023958333333333335,0.017592592592592594
5,0.4484375,0.44814814814814813,0.029166666666666667,0.022222222222222223
5,0.42161458333333335,0.4425925925925926,0.011979166666666667,0.025925925925925925
5,0.44947916666666665,0.47962962962962963,0.023958333333333335,0.024074074074074074
4,0.45286458333333335,0.4675925925925926,0.024479166666666666,0.018518518518518517
5,0.4505208333333333,0.5606481481481481,0.026041666666666668,0.025
4,0.2708333333333333,0.41944444444444445,0.0125,0.02962962962962963
1,0.37838541666666664,0.41064814814814815,0.0026041666666666665,0.013888888888888888
1,0.38177083333333334,0.40925925925925927,0.003125,0.014814814814814815
1,0.5119791666666667,0.687037037037037,0.005208333333333333,0.020370370370370372
1,0.5171875,0.6652777777777777,0.00625,0.01574074074074074
1,0.50859375,0.6148148148148148,0.005729166666666666,0.020370370370370372
1,0.49583333333333335,0.5921296296296297,0.004166666666666667,0.017592592592592594
1,0.4861979166666667,0.5356481481481481,0.0046875,0.017592592592592594
1,0.4981770833333333,0.537962962962963,0.0046875,0.014814814814814815
1,0.49244791666666665,0.5208333333333334,0.0046875,0.017592592592592594
1,0.5109375,0.6041666666666666,0.005208333333333333,0.021296296296296296
1,0.5010416666666667,0.6222222222222222,0.003125,0.011111111111111112
1,0.4822916666666667,0.4708333333333333,0.003125,0.013888888888888888
1,0.48463541666666665,0.46944444444444444,0.0026041666666666665,0.011111111111111112
1,0.4708333333333333,0.35694444444444445,0.003125,0.012037037037037037
1,0.4674479166666667,0.36157407407407405,0.0036458333333333334,0.013888888888888888
1,0.4625,0.36157407407407405,0.003125,0.013888888888888888
1,0.453125,0.35185185185185186,0.003125,0.014814814814814815
1,0.46197916666666666,0.3236111111111111,0.003125,0.012037037037037037
1,0.46171875,0.2972222222222222,0.0026041666666666665,0.012962962962962963
1,0.45260416666666664,0.274537037037037,0.003125,0.012037037037037037
1,0.3841145833333333,0.2759259259259259,0.0026041666666666665,0.014814814814814815
1,0.37473958333333335,0.35509259259259257,0.0036458333333333334,0.01574074074074074
1,0.390625,0.2675925925925926,0.003125,0.012962962962962963
1,0.45,0.24675925925925926,0.0020833333333333333,0.012037037037037037
1,0.44609375,0.24814814814814815,0.0026041666666666665,0.012962962962962963
1,0.44505208333333335,0.2175925925925926,0.0026041666666666665,0.011111111111111112
1,0.44036458333333334,0.22592592592592592,0.0036458333333333334,0.011111111111111112
1,0.4390625,0.20555555555555555,0.003125,0.011111111111111112
1,0.44375,0.1925925925925926,0.0020833333333333333,0.011111111111111112
1,0.4390625,0.18888888888888888,0.003125,0.012962962962962963
1,0.4393229166666667,0.16574074074074074,0.0026041666666666665,0.011111111111111112
1,0.4361979166666667,0.15601851851851853,0.0015625,0.010185185185185186
1,0.43203125,0.10462962962962963,0.0015625,0.009259259259259259
1,0.42942708333333335,0.10462962962962963,0.0015625,0.009259259259259259
1,0.42265625,0.09814814814814815,0.0026041666666666665,0.009259259259259259
1,0.37734375,0.12268518518518519,0.0015625,0.008333333333333333
1,0.37916666666666665,0.13703703703703704,0.0020833333333333333,0.009259259259259259
1,0.37864583333333335,0.15601851851851853,0.0020833333333333333,0.010185185185185186
1,0.42734375,0.08611111111111111,0.0026041666666666665,0.009259259259259259
1,0.43515625,0.07777777777777778,0.0026041666666666665,0.007407407407407408
1,0.4239583333333333,0.05740740740740741,0.0020833333333333333,0.007407407407407408
1,0.4205729166666667,0.04490740740740741,0.0015625,0.008333333333333333
1,0.42083333333333334,0.06111111111111111,0.0020833333333333333,0.007407407407407408
1,0.42109375,0.05740740740740741,0.0015625,0.007407407407407408
1,0.4322916666666667,0.07083333333333333,0.0020833333333333333,0.008333333333333333
1,0.434375,0.0712962962962963,0.0020833333333333333,0.009259259259259259
1,0.42916666666666664,0.09768518518518518,0.0020833333333333333,0.010185185185185186
10,0.4348958333333333,0.12638888888888888,0.0020833333333333333,0.008333333333333333
10,0.42890625,0.19305555555555556,0.0026041666666666665,0.010185185185185186
1,0.4421875,0.24768518518518517,0.0020833333333333333,0.012037037037037037
1,0.44036458333333334,0.2439814814814815,0.0026041666666666665,0.010185185185185186
7,0.4356770833333333,0.24537037037037038,0.011979166666666667,0.012962962962962963
1,0.4421875,0.2708333333333333,0.003125,0.013888888888888888
1,0.4713541666666667,0.28194444444444444,0.003125,0.012037037037037037
1,0.4674479166666667,0.2833333333333333,0.0026041666666666665,0.012962962962962963
1,0.4703125,0.27824074074074073,0.003125,0.012037037037037037
1,0.42526041666666664,0.04722222222222222,0.0015625,0.007407407407407408
1,0.42421875,0.04675925925925926,0.0015625,0.008333333333333333
6,0.42864583333333334,0.03287037037037037,0.009375,0.008333333333333333
4,0.4356770833333333,0.0412037037037037,0.0036458333333333334,0.006481481481481481
1,0.46536458333333336,0.262037037037037,0.0026041666666666665,0.011111111111111112
1,0.44166666666666665,0.21851851851851853,0.003125,0.011111111111111112
10,0.38359375,0.12685185185185185,0.0036458333333333334,0.007407407407407408
10,0.49270833333333336,0.47638888888888886,0.0020833333333333333,0.01574074074074074
3,0.4744791666666667,0.5152777777777777,0.003125,0.017592592592592594
10,0.46875,0.5314814814814814,0.008333333333333333,0.012962962962962963
10,0.4828125,0.5902777777777778,0.010416666666666666,0.017592592592592594
10,0.50625,0.5708333333333333,0.005208333333333333,0.01574074074074074
10,0.5106770833333333,0.5814814814814815,0.005729166666666666,0.016666666666666666
10,0.49270833333333336,0.6509259259259259,0.013541666666666667,0.016666666666666666
10,0.49895833333333334,0.6717592592592593,0.007291666666666667,0.026851851851851852
10,0.5091145833333334,0.7189814814814814,0.0067708333333333336,0.019444444444444445
10,0.52734375,0.6847222222222222,0.0067708333333333336,0.019444444444444445
10,0.49322916666666666,0.587037037037037,0.005208333333333333,0.022222222222222223
1,0.52109375,0.5916666666666667,0.0046875,0.016666666666666666
1,0.51875,0.5847222222222223,0.003125,0.01574074074074074
1,0.3885416666666667,0.7013888888888888,0.005208333333333333,0.025
1,0.39375,0.7018518518518518,0.005208333333333333,0.024074074074074074
1,0.24583333333333332,0.6685185185185185,0.007291666666666667,0.018518518518518517
1,0.24140625,0.6592592592592592,0.0078125,0.024074074074074074
