4 0.464 0.397 0.037 0.02333
4 0.51675 0.391 0.0375 0.02333
4 0.59025 0.417 0.0375 0.02733
4 0.3715 0.47667 0.038 0.02933
4 0.657 0.431 0.04 0.02467
4 0.8625 0.431 0.044 0.03
4 0.81425 0.51233 0.0405 0.04333
4 0.5955 0.55933 0.044 0.03733
4 0.968 0.37033 0.039 0.02467
5 0.86825 0.50833 0.0425 0.03267
5 0.7685 0.52133 0.039 0.03067
6 0.74 0.34167 0.052 0.046
1 0.66925 0.552 0.0095 0.02133
2 0.6505 0.382 0.005 0.01733
10 0.6475 0.38433 0.015 0.014
4 0.52275 0.56533 0.0355 0.02667
4 0.4575 0.59867 0.02 0.05333
4 0.46825 0.66267 0.0265 0.068
4 0.39975 0.737 0.0235 0.07267
4 0.3625 0.639 0.051 0.046
5 0.357 0.67433 0.048 0.04067
5 0.36 0.70533 0.047 0.03467
5 0.484 0.76433 0.028 0.07267
5 0.3645 0.73933 0.044 0.04
5 0.35725 0.834 0.0525 0.04267
5 0.4885 0.85067 0.045 0.07733
4 0.356 0.90133 0.061 0.05467
4 0.35825 0.96667 0.0625 0.05067
4 0.4905 0.93633 0.053 0.09267
6 0.55925 0.8 0.0695 0.05733
6 0.358 0.76933 0.057 0.048
1 0.3975 0.88733 0.01 0.02
1 0.54225 0.71133 0.0055 0.01333
1 0.545 0.70833 0.006 0.01533
1 0.54775 0.727 0.0065 0.02467
1 0.52775 0.73167 0.0065 0.02067
1 0.53075 0.742 0.0045 0.01733
1 0.53575 0.73067 0.0065 0.02133
1 0.4845 0.63433 0.006 0.01933
1 0.488 0.64767 0.006 0.022
10 0.50075 0.59067 0.0185 0.01867
7 0.52375 0.589 0.0215 0.018
1 0.5215 0.59 0.007 0.02267
6 0.431 0.44 0.078 0.03467
6 0.1525 0.47967 0.102 0.05667
4 0.1895 0.52133 0.046 0.028
4 0.23125 0.444 0.0425 0.024
4 0.26125 0.58167 0.0485 0.02733
4 0.26825 0.61933 0.0515 0.02933
4 0.185 0.63567 0.053 0.03133
1 0.1975 0.65667 0.012 0.02
4 0.11225 0.648 0.0535 0.03333
4 0.291 0.85033 0.029 0.09
1 0.01825 0.724 0.0165 0.02
1 0.037 0.706 0.017 0.01867
1 0.03575 0.72033 0.0165 0.018
4 0.0495 0.663 0.036 0.05267
4 0.01325 0.67333 0.0265 0.056
1 0.261 0.34767 0.009 0.01933
1 0.26725 0.343 0.0095 0.01933
4 0.26825 0.20933 0.0315 0.01867
4 0.30525 0.20533 0.0285 0.01867
4 0.4395 0.18333 0.029 0.01867
4 0.648 0.15367 0.031 0.01933
4 0.97275 0.18633 0.0165 0.02867
4 0.89725 0.12933 0.0135 0.02667
4 0.92525 0.14667 0.0145 0.02267
4 0.93875 0.15567 0.0145 0.026
6 0.95975 0.16867 0.0175 0.03467
4 0.02525 0.22 0.0275 0.016
4 0.01375 0.23233 0.0245 0.01933
