5 0.37917 0.4162 0.01354 0.03611
5 0.43724 0.23565 0.01406 0.03056
4 0.31536 0.51852 0.01719 0.05185
4 0.29896 0.57778 0.02292 0.05185
4 0.27839 0.65093 0.02552 0.06481
4 0.35443 0.67639 0.02344 0.06204
4 0.41458 0.35231 0.01667 0.03056
4 0.39687 0.28241 0.0125 0.02778
4 0.41667 0.25231 0.00937 0.025
4 0.4849 0.24306 0.01042 0.025
4 0.45286 0.17454 0.0099 0.0213
4 0.4263 0.16343 0.01198 0.0213
4 0.44427 0.13519 0.00937 0.01852
4 0.44193 0.0963 0.00885 0.01852
4 0.4599 0.09861 0.00833 0.01574
4 0.46172 0.06157 0.00781 0.01389
4 0.45937 0.03889 0.00937 0.01667
4 0.48099 0.01019 0.00781 0.01481
4 0.47161 0.00972 0.00781 0.01389
4 0.60703 0.26898 0.01198 0.025
4 0.63333 0.27222 0.01354 0.02593
4 0.59036 0.2088 0.01094 0.02685
4 0.60339 0.21343 0.0099 0.02685
4 0.67266 0.27083 0.01302 0.0287
4 0.67812 0.23472 0.01146 0.02685
4 0.71849 0.24491 0.01302 0.025
4 0.52526 0.1787 0.01823 0.02222
4 0.56615 0.18796 0.01458 0.01852
4 0.57786 0.17315 0.01302 0.01852
4 0.58802 0.15833 0.0125 0.01667
4 0.60026 0.14398 0.01302 0.01944
4 0.6362 0.1375 0.01927 0.01574
4 0.66146 0.1463 0.02187 0.01852
4 0.60156 0.09583 0.00833 0.01759
4 0.6026 0.07963 0.00833 0.02037
4 0.64297 0.06343 0.0151 0.01389
4 0.6151 0.06019 0.01146 0.01667
4 0.60286 0.11111 0.00781 0.02037
4 0.63906 0.12037 0.01875 0.01481
4 0.70443 0.12454 0.01719 0.01389
4 0.67917 0.03519 0.01667 0.01481
4 0.71198 0.06481 0.01771 0.01481
4 0.70885 0.06111 0.01667 0.01667
4 0.70833 0.05509 0.01667 0.01574
4 0.70469 0.05 0.01667 0.01667
4 0.70469 0.04444 0.01667 0.01667
4 0.69948 0.03796 0.01667 0.01667
4 0.70104 0.03009 0.01667 0.01574
4 0.69531 0.02037 0.01667 0.01667
4 0.69375 0.01481 0.01667 0.01667
4 0.69271 0.00972 0.01667 0.01574
4 0.72396 0.08565 0.01042 0.01389
4 0.72188 0.11343 0.01458 0.01389
4 0.72188 0.11991 0.01458 0.01389
4 0.72344 0.15602 0.01146 0.01204
4 0.7224 0.12731 0.01354 0.01389
6 0.71953 0.14213 0.01927 0.02315
4 0.725 0.10509 0.00833 0.01204
4 0.62734 0.21852 0.01094 0.02778
1 0.63672 0.23287 0.00469 0.01574
1 0.63047 0.23333 0.00365 0.01481
1 0.62865 0.22917 0.00417 0.01389
1 0.51302 0.2338 0.00521 0.01574
1 0.49974 0.225 0.00469 0.01481
1 0.49557 0.22037 0.00365 0.01296
1 0.49401 0.23194 0.00365 0.01574
2 0.50885 0.21296 0.00313 0.01111
2 0.51172 0.21019 0.0026 0.01111
10 0.51094 0.21435 0.00833 0.01019
4 0.48854 0.17361 0.01354 0.01759
1 0.49792 0.12593 0.00313 0.01296
9 0.47656 0.08472 0.01562 0.04537
4 0.45885 0.29398 0.01042 0.02685
4 0.45052 0.33194 0.0125 0.02685
1 0.55885 0.37269 0.00521 0.01574
3 0.47969 0.3838 0.00521 0.01574
2 0.47839 0.43889 0.00677 0.01296
2 0.47891 0.43056 0.00677 0.01296
1 0.46901 0.4287 0.00677 0.01852
1 0.45911 0.43009 0.00573 0.0213
5 0.43047 0.48333 0.01615 0.04074
4 0.43672 0.43056 0.01302 0.03889
4 0.41901 0.55417 0.01719 0.04537
1 0.44219 0.62269 0.00417 0.01759
1 0.44766 0.62407 0.00573 0.02037
2 0.45495 0.69444 0.00677 0.01481
2 0.23646 0.5125 0.00521 0.01759
2 0.23958 0.48102 0.00521 0.01759
2 0.25625 0.44213 0.00521 0.01759
2 0.25729 0.39769 0.00521 0.01019
3 0.23698 0.51667 0.00833 0.02222
3 0.24036 0.48472 0.00781 0.0213
3 0.25625 0.44444 0.00729 0.02037
4 0.26172 0.71204 0.02344 0.03333
