0 0.63073 0.38194 0.10104 0.16389
0 0.5625 0.38843 0.04167 0.07685
0 0.14818 0.04167 0.02448 0.08333
1 0.73385 1.27037 0.02187 0.04815
4 0.80755 1.15139 0.10677 0.20648
2 0.65417 1.23889 0.01667 0.02593
1 1.01693 1.075 0.0224 0.03704
10 1.00052 1.12361 0.02396 0.06944
2 0.99714 1.11991 0.02865 0.03981
3 0.97604 1.12037 0.00937 0.06667
1 0.97161 1.10509 0.02552 0.03981
10 0.95547 0.85509 0.02344 0.05093
5 0.88411 0.72315 0.06406 0.08704
0 0.82448 0.76157 0.02292 0.04537
0 0.9 0.87037 0.03333 0.0463
10 0.9349 0.69537 0.01979 0.04259
5 1.0099 0.82917 0.06354 0.08241
1 1.02318 0.7463 0.01823 0.04259
1 1.00182 0.73148 0.02135 0.0463
7 1.01693 0.70463 0.04115 0.03519
1 1.03047 0.53241 0.0151 0.04074
5 0.95443 0.63009 0.06927 0.08056
5 0.95495 0.59583 0.06615 0.09167
5 0.90938 0.54907 0.05417 0.05741
1 0.81328 0.60139 0.01302 0.03981
5 0.99141 0.50139 0.04635 0.05833
1 0.86953 0.5537 0.01406 0.04074
2 0.84089 0.49954 0.00781 0.02685
3 0.82943 0.4 0.01615 0.02593
1 0.8599 0.47731 0.0125 0.03426
1 0.86536 0.48102 0.00885 0.02685
1 0.89479 0.45648 0.01042 0.03519
1 0.90599 0.46111 0.01094 0.03889
5 0.88854 0.43889 0.06563 0.06111
1 1.03724 0.39213 0.00781 0.03426
4 0.94063 0.40278 0.04896 0.04444
4 0.9487 0.38843 0.05052 0.04907
4 0.975 0.38472 0.05208 0.04722
4 0.99714 0.37778 0.05052 0.05185
6 1.0125 0.3625 0.05833 0.06389
4 1.0263 0.29352 0.03073 0.04444
4 1.02318 0.2537 0.03698 0.04074
4 0.92188 0.23565 0.02813 0.03611
4 0.98099 0.26481 0.0401 0.03704
2 0.78333 0.53056 0.00833 0.02407
2 0.76901 0.53611 0.00885 0.02222
2 0.72109 0.57685 0.00885 0.03519
3 0.74583 0.54722 0.01354 0.02407
1 0.66302 0.59167 0.00937 0.03704
1 0.70286 0.68102 0.00781 0.03241
1 0.69583 0.67593 0.00833 0.03519
1 0.59479 1.06898 0.01042 0.03426
1 0.61146 1.03981 0.00937 0.02778
10 0.5987 1.03333 0.03073 0.04815
1 0.59089 1.00926 0.01302 0.03704
3 0.59635 0.99769 0.03021 0.05278
1 0.60833 0.9838 0.01146 0.04352
1 0.63594 0.97315 0.01354 0.04259
1 0.70469 0.82361 0.01146 0.04352
1 0.6401 0.87222 0.01667 0.05741
1 0.65052 0.95926 0.01042 0.04259
1 0.64896 0.93981 0.01562 0.0463
2 0.64193 0.92315 0.00677 0.01852
5 0.66354 0.8537 0.07396 0.14259
1 0.68984 0.76111 0.00885 0.0537
1 0.68125 0.74954 0.00937 0.04167
1 0.66693 0.74028 0.0099 0.04722
1 0.61719 0.72315 0.00937 0.03889
3 0.62448 0.74074 0.00937 0.04074
2 0.62474 0.73056 0.00885 0.03519
10 0.49323 0.8625 0.02396 0.04352
2 0.49141 0.85278 0.00885 0.0463
4 0.5612 0.88056 0.07552 0.12963
7 0.62891 0.49722 0.03073 0.02963
2 0.65391 0.60278 0.00677 0.02778
2 0.64297 0.60833 0.00781 0.02778
1 0.63281 0.60787 0.00625 0.04352
1 0.62943 0.60648 0.00677 0.03519
1 0.62786 0.63333 0.00885 0.04074
1 0.64141 0.63796 0.00677 0.03889
4 0.65052 0.67593 0.0625 0.06852
1 0.61745 0.63519 0.00885 0.03889
1 0.61016 0.6213 0.00781 0.03333
2 0.59141 0.62917 0.00885 0.0287
1 0.59714 0.65787 0.00677 0.04537
1 0.59036 0.70556 0.00885 0.03889
1 0.5263 0.71204 0.00885 0.04444
1 0.51589 0.72454 0.00677 0.04352
1 0.54844 0.64676 0.00833 0.03796
1 0.57135 0.66204 0.00937 0.03519
1 0.57917 0.64167 0.00833 0.04074
1 0.57266 0.63426 0.00677 0.04074
5 0.62865 0.57778 0.05625 0.07222
5 0.59245 0.51806 0.04115 0.075
6 0.54844 0.49444 0.05521 0.05741
10 0.5099 0.44537 0.00833 0.03333
5 0.52578 0.62361 0.03906 0.08611
10 0.48958 0.66528 0.02396 0.03056
1 0.46563 0.58889 0.00937 0.03889
2 0.45677 0.54583 0.00729 0.025
2 0.4651 0.53935 0.00729 0.0213
2 0.47083 0.56389 0.00833 0.02222
2 0.46875 0.55556 0.00729 0.02778
3 0.44661 0.75556 0.0276 0.03519
2 0.44583 0.74861 0.01146 0.03611
10 0.45 1.35741 0.03229 0.06296
10 0.42161 1.37083 0.0151 0.03611
1 0.40052 1.35417 0.01562 0.05648
4 0.4112 1.19722 0.0901 0.18519
10 0.42578 1.13241 0.02135 0.05556
10 0.39557 1.05278 0.02656 0.05926
10 0.3737 1.04537 0.01406 0.06852
1 0.30781 0.98889 0.01979 0.05556
3 0.3599 0.98889 0.02187 0.04815
5 0.31771 1.31944 0.11771 0.13889
1 0.11823 1.34167 0.025 0.05185
1 0.06719 1.36157 0.03646 0.04537
1 0.3849 0.69815 0.00833 0.03148
1 0.3776 0.70926 0.01354 0.03333
1 0.37578 0.71944 0.01094 0.02963
2 0.36536 0.71343 0.00781 0.01389
2 0.35078 0.81389 0.01719 0.02407
5 0.3638 0.66296 0.07031 0.07222
1 0.30729 0.67593 0.01458 0.04259
10 0.31172 0.64583 0.01094 0.03241
2 0.3125 0.63843 0.01354 0.03796
5 0.31354 0.57361 0.05208 0.08981
4 0.30833 0.52269 0.06146 0.06019
4 0.29792 0.49444 0.05625 0.05556
4 0.32682 0.43241 0.05677 0.04815
4 0.28516 0.46343 0.05885 0.04352
4 0.24974 0.51019 0.03802 0.06852
5 0.25833 0.41898 0.025 0.05093
1 0.20807 0.50972 0.0099 0.03241
1 0.20156 0.51481 0.00833 0.02963
5 0.05625 0.6963 0.07604 0.08889
4 0.07344 0.61991 0.06771 0.06204
6 0.11146 0.57315 0.07187 0.06296
4 0.13437 0.54074 0.05833 0.0463
4 0.15755 0.5088 0.05885 0.05093
4 0.17734 0.45741 0.02865 0.05
4 0.02917 0.51944 0.05729 0.05185
4 0.0125 0.47778 0.025 0.0537
4 0.0388 0.45833 0.04323 0.0463
4 0.06927 0.43935 0.03646 0.04722
4 0.10938 0.4588 0.03021 0.05278
5 0.10208 0.41157 0.02917 0.05278
1 0.13281 0.41991 0.01354 0.03611
4 0.17682 0.41204 0.02865 0.05
1 0.01797 0.38333 0.01094 0.03148
1 0.03125 0.40046 0.00937 0.025
1 0.00469 0.36435 0.00937 0.02685
2 0.00391 0.30556 0.00781 0.01667
1 0.05833 0.30417 0.01042 0.0287
4 0.08229 0.22176 0.02708 0.03611
5 0.03906 0.18148 0.02396 0.03704
10 0.03958 0.22546 0.01562 0.01574
4 0.04896 0.13241 0.02708 0.02222
4 0.08125 0.15556 0.03125 0.02407
4 0.0724 0.15 0.02813 0.02222
4 0.06536 0.14213 0.02448 0.0213
4 0.05677 0.13935 0.02396 0.02315
1 0.1013 0.06481 0.00469 0.02037
1 0.09089 0.05 0.00365 0.01667
5 0.1099 0.02963 0.01771 0.02222
4 0.0987 0.02824 0.01823 0.01389
4 0.08776 0.02222 0.01302 0.01481
4 0.09531 0.02546 0.01771 0.01204
4 0.17865 0.14722 0.01562 0.02407
5 0.19583 0.33981 0.02604 0.06667
4 0.9763 0.17685 0.03385 0.02593
5 0.94063 0.17361 0.03646 0.03426
4 0.82109 0.175 0.03073 0.02778
4 0.83203 0.15787 0.02865 0.0287
4 0.80182 0.13148 0.02552 0.02593
5 0.81563 0.11111 0.02917 0.02778
4 0.46172 0.14722 0.02969 0.02037
4 0.45052 0.12731 0.02292 0.0213
5 0.57682 0.01713 0.01406 0.0213
5 0.47969 0.06389 0.01458 0.02778
9 0.45495 0.04861 0.02656 0.03981
4 0.43385 0.03657 0.02083 0.01574
4 0.41979 0.02407 0.01979 0.01481
6 0.4112 0.01296 0.02135 0.02037
4 0.40391 0.0088 0.01719 0.01204
6 0.39844 0.09907 0.04375 0.03333
0 0.32708 0.03241 0.02292 0.03333
4 0.38906 0.06481 0.025 0.01667
4 0.3849 0.05787 0.01979 0.01389
4 0.35729 0.06667 0.02187 0.01667
4 0.35208 0.06019 0.01979 0.01667
4 0.3474 0.05648 0.01875 0.01667
4 0.34714 0.04861 0.02135 0.01574
6 0.3737 0.04676 0.02552 0.025
6 0.36354 0.03519 0.02396 0.02037
4 0.36172 0.0338 0.01406 0.01389
6 0.35964 0.02593 0.02656 0.03519
6 0.35365 0.02222 0.02396 0.03333
4 0.34193 0.01111 0.01719 0.01296
4 0.33932 0.00926 0.01823 0.01296
4 0.31667 0.00972 0.01979 0.01574
0 0.18203 0.05833 0.01719 0.11481
0 0.15729 0.10787 0.0125 0.04352
1 0.29089 0.35787 0.00781 0.03796
5 0.24844 0.33843 0.02396 0.04352
4 0.17135 0.35787 0.02083 0.03796
4 0.24036 0.30417 0.02031 0.03981
4 0.23255 0.26944 0.01719 0.03889
4 0.22526 0.23843 0.01927 0.0287
4 0.21901 0.20972 0.01823 0.0287
4 0.21406 0.18704 0.01667 0.02407
5 0.20859 0.1625 0.0151 0.03056
4 0.20729 0.14676 0.01354 0.02315
4 0.20417 0.13333 0.01354 0.02222
4 0.1987 0.10741 0.01198 0.02037
4 0.19714 0.08843 0.0099 0.0213
2 0.19375 0.13657 0.00625 0.01389
3 0.19505 0.14352 0.00469 0.01852
4 0.15964 0.14861 0.01406 0.03426
4 0.16146 0.19583 0.01667 0.02685
4 0.16224 0.21806 0.01927 0.03611
4 0.16484 0.24907 0.01927 0.02593
4 0.16432 0.27546 0.01927 0.03796
4 0.16693 0.30463 0.02448 0.05
