10 0.21842 0.82468 0.01409 0.05009
1 0.20355 0.73655 0.01879 0.05009
10 0.27897 0.7013 0.01618 0.05937
4 0.32124 0.76252 0.04645 0.12616
10 0.40579 0.68414 0.01305 0.05102
3 0.33533 0.47356 0.0214 0.03247
10 0.36065 0.44991 0.02401 0.02783
8 0.41075 0.51948 0.03132 0.07421
7 0.4251 0.61688 0.02349 0.05751
4 0.45407 0.60668 0.0334 0.09833
10 0.34734 0.40863 0.0214 0.02876
10 0.35204 0.39657 0.01931 0.02876
4 0.47886 0.39518 0.02662 0.07421
4 0.48356 0.28525 0.0214 0.05473
10 0.41962 0.30798 0.02088 0.02041
10 0.42954 0.21846 0.01357 0.01391
8 0.47886 0.24675 0.01722 0.03711
10 0.48591 0.23701 0.01461 0.02134
8 0.488 0.218 0.02818 0.04082
5 0.49765 0.18924 0.01931 0.05751
2 0.52714 0.28432 0.00731 0.03247
2 0.52949 0.27505 0.00992 0.03061
7 0.52662 0.28247 0.01566 0.05473
6 0.50678 0.15909 0.0167 0.04731
8 0.54201 0.15167 0.01618 0.03618
5 0.58064 0.38915 0.02766 0.08627
4 0.45303 0.7718 0.04071 0.15213
1 0.59995 0.75325 0.012 0.05009
2 0.61534 0.84694 0.01879 0.0334
10 0.64901 0.83581 0.02766 0.04453
10 0.66832 0.89193 0.03288 0.05473
10 0.66728 0.94527 0.03601 0.05009
10 0.67249 0.96892 0.03392 0.03432
10 0.75913 0.92904 0.03288 0.03803
10 0.66232 0.77829 0.01983 0.05009
10 0.64927 0.77134 0.02401 0.0436
10 0.63909 0.74907 0.01827 0.05473
10 0.65579 0.7333 0.02035 0.04545
10 0.63805 0.69481 0.02557 0.03896
10 0.6417 0.63636 0.0214 0.0334
8 0.63935 0.65538 0.04593 0.06586
1 0.75626 0.75881 0.00939 0.05009
2 0.76018 0.75788 0.00992 0.02968
7 0.7119 0.63868 0.04697 0.04545
10 0.66728 0.47356 0.01931 0.0269
7 0.63022 0.49907 0.01931 0.04638
2 0.56759 0.54267 0.01096 0.02412
2 0.56681 0.53479 0.01148 0.03061
10 0.56654 0.54221 0.01305 0.04545
10 0.61952 0.46521 0.02714 0.03061
10 0.62735 0.45501 0.0167 0.04174
10 0.61587 0.43878 0.01983 0.02968
10 0.60569 0.42811 0.02035 0.02876
7 0.60386 0.35575 0.02088 0.05844
10 0.61717 0.35622 0.01722 0.02968
10 0.61508 0.34416 0.01618 0.02412
8 0.59656 0.32607 0.0167 0.05288
10 0.6096 0.31447 0.01775 0.02412
8 0.6036 0.28711 0.02766 0.04174
7 0.60673 0.26763 0.01722 0.03803
2 0.59473 0.25093 0.00574 0.02876
10 0.59447 0.25603 0.0167 0.01855
7 0.59629 0.21707 0.02975 0.03896
5 0.57046 0.21243 0.02088 0.05566
2 0.5715 0.18228 0.00835 0.01763
10 0.61848 0.17115 0.0167 0.01948
10 0.59421 0.17625 0.01409 0.02226
10 0.59473 0.17161 0.01409 0.02597
8 0.57072 0.15816 0.01305 0.0436
10 0.52035 0.18367 0.00731 0.02412
2 0.52009 0.17764 0.00678 0.02876
7 0.58951 0.15121 0.02453 0.03525
7 0.58977 0.14286 0.02401 0.03154
1 0.60438 0.14054 0.00626 0.02876
1 0.625 0.1461 0.00574 0.02505
1 0.59055 0.13312 0.02662 0.03803
8 0.59421 0.13173 0.02871 0.04638
8 0.59003 0.11596 0.03079 0.03896
8 0.58794 0.09647 0.02975 0.03711
8 0.53549 0.09647 0.01775 0.04082
1 0.56341 0.09462 0.00678 0.02412
4 0.55558 0.09647 0.02035 0.0334
8 0.56602 0.06957 0.012 0.03711
1 0.49948 0.08163 0.00522 0.02412
1 0.46973 0.12755 0.00418 0.01577
0 0.45172 0.15816 0.01618 0.03061
1 0.44833 0.10482 0.00522 0.02597
0 0.61795 0.14657 0.01044 0.02412
0 0.63961 0.13451 0.01618 0.05566
1 0.58455 0.06818 0.00522 0.02319
1 0.59003 0.07143 0.00574 0.02412
10 0.58272 0.06818 0.00783 0.01577
10 0.58168 0.06308 0.01305 0.01299
1 0.58194 0.04824 0.00522 0.02412
1 0.48225 0.05659 0.00731 0.02597
4 0.4987 0.01345 0.01618 0.0269
8 0.54723 0.03015 0.00783 0.03061
1 0.5535 0.032 0.00574 0.02505
8 0.54671 0.01623 0.01096 0.03247
1 0.59916 0.03479 0.00522 0.02319
10 0.56707 0.00928 0.01096 0.01484
1 0.55924 0.02505 0.0047 0.02041
7 0.56106 0.03015 0.01879 0.02134
