4 0.42857 0.82905 0.05857 0.12095
4 0.71536 0.22 0.02786 0.06476
6 0.69321 0.58333 0.05929 0.1
10 0.315 0.72905 0.01857 0.03333
4 0.50857 0.50238 0.03286 0.07714
4 0.55893 0.28429 0.02929 0.06
4 0.57536 0.23143 0.02643 0.05714
4 0.58429 0.17714 0.02714 0.05333
8 0.60071 0.22667 0.01714 0.03619
2 0.59857 0.2281 0.00857 0.01619
10 0.54571 0.04048 0.00571 0.01238
3 0.59 0.04619 0.01143 0.01048
1 0.58071 0.08095 0.00429 0.02095
1 0.58536 0.07095 0.00643 0.0181
1 0.54179 0.03095 0.00357 0.01238
7 0.54036 0.0381 0.00929 0.00952
4 0.61071 0.07619 0.02143 0.0419
4 0.6175 0.0419 0.02214 0.0381
4 0.97321 0.95286 0.05071 0.09429
4 0.90714 0.26238 0.03 0.07905
4 0.89179 0.04238 0.02643 0.0619
