6 0.34453 0.65324 0.08073 0.0713
4 0.70573 0.69815 0.04688 0.05
4 0.26328 0.4537 0.0224 0.0537
4 0.30651 0.36759 0.02031 0.05
4 0.39167 0.36759 0.01667 0.0537
4 0.38698 0.25046 0.01771 0.05278
4 0.40703 0.2875 0.0151 0.04167
4 0.35078 0.14352 0.01719 0.03704
4 0.42031 0.21157 0.01979 0.04167
4 0.43542 0.1662 0.01667 0.03796
4 0.40573 0.08472 0.01458 0.03426
4 0.37812 0.02685 0.01562 0.02593
9 0.10104 0.22454 0.05937 0.04907
5 0.44766 0.11806 0.02135 0.04352
4 0.47187 0.08704 0.02187 0.03148
4 0.49922 0.05741 0.02448 0.03333
