4 0.36667 0.42407 0.01562 0.06296
4 0.39219 0.39398 0.01771 0.06759
4 0.34115 0.46852 0.01875 0.07407
4 0.2599 0.46204 0.01875 0.06481
4 0.23333 0.46481 0.01875 0.06481
4 0.3026 0.16991 0.01562 0.04722
4 0.28177 0.19676 0.01667 0.05278
4 0.28333 0.11389 0.01354 0.04074
4 0.30573 0.08241 0.0125 0.04259
4 0.27266 0.30278 0.01719 0.03704
5 0.34687 0.11759 0.01458 0.04815
5 0.29844 0.27361 0.01667 0.05648
5 0.28724 0.39306 0.0151 0.05463
5 0.29219 0.02315 0.01562 0.04259
5 0.27318 0.61389 0.02031 0.07593
4 0.05182 0.22037 0.0401 0.02778
4 0.13672 0.2213 0.03385 0.02407
4 0.11432 0.27778 0.0349 0.03333
5 0.18958 0.22685 0.03854 0.03333
9 0.02786 0.23981 0.05573 0.04074
9 0.11979 0.2412 0.09479 0.05093
5 0.00859 0.21157 0.01719 0.03426
4 0.27474 0.01759 0.01406 0.03519
