4 0.38828 0.62731 0.03698 0.08796
4 0.08906 0.03426 0.0125 0.02407
4 0.09766 0.07731 0.01094 0.02315
4 0.1026 0.0963 0.0125 0.02593
4 0.03724 0.16713 0.03385 0.0287
4 0.0388 0.1838 0.03177 0.02315
6 0.0612 0.0412 0.0224 0.05093
6 0.06927 0.07963 0.01875 0.03889
2 0.28047 0.72269 0.00885 0.02685
2 0.28177 0.59444 0.00521 0.02593
2 0.18828 0.69444 0.01094 0.02222
2 0.3526 0.56157 0.00625 0.01574
2 0.35781 0.55417 0.00625 0.01574
10 0.35469 0.56065 0.01562 0.03426
10 0.28385 0.59167 0.01875 0.02778
10 0.25312 0.68704 0.01979 0.01852
2 0.25026 0.68796 0.01198 0.01111
2 0.25104 0.67269 0.00833 0.01759
1 0.32812 0.79954 0.00521 0.01759
8 0.27396 0.72361 0.04063 0.04167
10 0.27448 0.57824 0.025 0.0287
2 0.27214 0.57685 0.00781 0.01667
1 0.10052 0.8338 0.0125 0.01204
1 0.43802 0.40324 0.00417 0.02315
1 0.62526 0.45278 0.01198 0.02963
1 0.61146 0.5 0.0125 0.02037
2 0.25651 0.30093 0.00469 0.02037
10 0.25651 0.30741 0.00677 0.02222
10 0.1651 0.03426 0.00521 0.01852
2 0.16432 0.03333 0.00365 0.01296
0 0.38333 0.05509 0.01146 0.02685
0 0.45911 0.18472 0.00885 0.01944
5 0.52161 0.1162 0.0224 0.0287
10 0.18828 0.69352 0.02031 0.02407
