1 0.13516 0.77546 0.0151 0.04722
1 0.15599 0.77824 0.01823 0.04537
1 0.16016 0.76389 0.01302 0.04444
1 0.1888 0.77593 0.01198 0.0463
1 0.2612 0.85602 0.0151 0.06019
1 0.24688 0.7662 0.01146 0.04352
1 0.29115 0.81157 0.01667 0.04907
1 0.34714 0.8162 0.0099 0.05093
1 0.34297 0.87685 0.01615 0.05
1 0.39193 0.76204 0.01302 0.0463
7 0.42005 0.74537 0.02135 0.06667
1 0.42109 0.71435 0.00885 0.03796
1 0.47969 0.74769 0.01562 0.05278
2 0.48411 0.71852 0.0151 0.04074
5 0.60182 1.32037 0.05677 0.13148
4 0.5849 1.13889 0.05833 0.20185
4 0.56745 0.95 0.06927 0.15556
4 0.54948 0.81065 0.04271 0.10833
4 0.53802 0.7037 0.03438 0.08704
4 0.53151 0.62963 0.0276 0.06481
4 0.52865 0.54815 0.02604 0.04259
4 0.51979 0.46157 0.01875 0.03796
7 0.50964 0.43426 0.00885 0.02222
10 0.50833 0.39954 0.00521 0.01574
4 0.51224 0.38009 0.01615 0.03056
6 0.50964 0.33935 0.01615 0.03241
10 0.49453 0.32407 0.01094 0.01296
10 0.50443 0.3162 0.01094 0.01204
4 0.50521 0.30694 0.01146 0.01759
2 0.49115 0.28519 0.00417 0.01111
3 0.50182 0.29028 0.00885 0.01019
1 0.5026 0.2875 0.00313 0.01574
5 0.50313 0.26713 0.00937 0.0213
4 0.5 0.26157 0.00729 0.01574
4 0.49557 0.25417 0.01927 0.01574
4 0.48958 0.24954 0.00729 0.01204
4 0.5 0.24769 0.00625 0.00833
4 0.48906 0.23704 0.00729 0.01111
4 0.49844 0.23241 0.00729 0.01111
4 0.31823 0.2125 0.01042 0.01019
6 0.40573 0.18981 0.0125 0.01481
4 0.42943 0.20185 0.00885 0.01111
4 0.42578 0.19167 0.00677 0.00926
4 0.43203 0.1912 0.00469 0.00833
6 0.44401 0.19907 0.01927 0.01667
6 0.46484 0.1963 0.01615 0.01852
4 0.47865 0.19907 0.00833 0.00926
4 0.45964 0.20972 0.0151 0.01019
5 0.43464 0.2213 0.00781 0.01481
1 0.44505 0.22593 0.0026 0.01111
4 0.4974 0.22639 0.00729 0.01019
4 0.4974 0.2213 0.00625 0.00926
4 0.49688 0.21574 0.00625 0.01111
2 0.05755 0.39028 0.00781 0.0213
5 0.01979 0.36759 0.03333 0.03148
2 0.32448 0.46898 0.00729 0.01574
2 0.34245 0.46435 0.00677 0.01389
5 0.11458 0.31667 0.01771 0.02778
4 0.14193 0.31343 0.01302 0.0213
4 0.14115 0.29352 0.01458 0.01667
6 0.12031 0.3088 0.02292 0.01574
3 0.1974 0.27731 0.00729 0.01019
5 0.2026 0.27037 0.02083 0.01667
4 0.19714 0.26667 0.02135 0.01296
4 0.18438 0.26759 0.01979 0.01481
4 0.1138 0.29444 0.01302 0.02222
1 0.33594 0.39722 0.00729 0.02222
4 0.17448 0.29954 0.025 0.01574
0 0.12187 0.2625 0.10521 0.05278
0 0.18177 0.28426 0.01042 0.01296
4 0.68958 0.84954 0.05625 0.10648
4 0.66224 0.7375 0.04427 0.07685
5 0.61198 0.74491 0.03438 0.10463
4 0.7487 0.85602 0.05052 0.10648
4 0.84297 1.31019 0.09531 0.1537
5 0.63958 0.6375 0.03542 0.08611
4 0.61719 0.5838 0.03125 0.06019
4 0.60729 0.5375 0.02708 0.04722
4 0.59766 0.5 0.0224 0.0463
4 0.58776 0.47037 0.02344 0.04259
5 0.56641 0.52454 0.02344 0.06204
4 0.57318 0.41759 0.02031 0.02778
6 0.56745 0.38889 0.0276 0.03704
5 0.55625 0.35 0.01458 0.03148
4 0.55156 0.33935 0.0125 0.025
4 0.54922 0.32407 0.01302 0.02037
5 0.54323 0.30231 0.01146 0.0287
4 0.53411 0.24398 0.01823 0.01389
4 0.5388 0.28843 0.01094 0.01759
4 0.53568 0.2787 0.01094 0.01667
4 0.5349 0.26944 0.00937 0.01296
4 0.53203 0.2625 0.00885 0.01389
1 0.5237 0.24398 0.00365 0.01389
1 0.60052 0.24074 0.00313 0.01481
1 0.59089 0.23611 0.0026 0.01296
5 0.57422 0.23565 0.01406 0.01389
1 0.60703 0.2412 0.0026 0.01389
1 0.60286 0.25278 0.0026 0.01481
6 0.48828 0.19491 0.01094 0.01944
0 0.52161 0.19074 0.05573 0.03333
0 0.48229 0.17778 0.01979 0.01481
10 0.50677 0.23056 0.00313 0.01111
5 0.55078 0.21667 0.01615 0.01296
2 0.50677 0.22778 0.00208 0.01111
6 0.52578 0.22963 0.00781 0.01667
4 0.52214 0.22361 0.00677 0.01204
0 0.51875 0.21389 0.00937 0.00741
4 0.90052 0.39444 0.03333 0.02778
10 0.96432 0.43333 0.0151 0.02407
4 0.85208 0.26806 0.02917 0.025
