4 0.33357 0.66 0.05 0.11238
4 0.48214 0.79905 0.04571 0.14667
4 0.42821 0.81143 0.04214 0.14476
4 0.48429 0.61143 0.03429 0.10286
4 0.66786 0.83381 0.05429 0.14381
4 0.595 0.66095 0.04143 0.10667
4 0.65143 0.6481 0.04286 0.10381
4 0.60393 0.83619 0.04786 0.13524
4 0.75429 0.47524 0.04143 0.08381
4 0.88679 0.75048 0.07786 0.12381
4 0.915 0.50857 0.05429 0.08762
4 0.62071 0.12 0.06 0.04381
4 0.53321 0.15429 0.06071 0.04
4 0.37821 0.1581 0.06214 0.04
4 0.54036 0.08429 0.055 0.03524
4 0.43286 0.04 0.06 0.03238
4 0.63179 0.05095 0.06071 0.03524
4 0.71107 0.15905 0.05929 0.03238
5 0.15643 0.11619 0.06143 0.0381
5 0.3725 0.10952 0.05786 0.0419
5 0.53679 0.61048 0.035 0.09524
4 0.42464 0.63 0.03643 0.11143
4 0.94429 0.6519 0.08571 0.12476
5 0.86929 0.08429 0.05714 0.04286
5 0.27714 0.02095 0.05857 0.0419
4 0.01607 0.11381 0.03214 0.03333
4 0.01107 0.19333 0.02214 0.03619
4 0.9825 0.51333 0.035 0.10286
4 0.19143 0.9719 0.04143 0.05048
9 0.46179 0.4019 0.20214 0.13143
1 0.805 0.60762 0.01429 0.02476
1 0.86214 0.63381 0.01571 0.02571
1 0.80607 0.50714 0.01643 0.02762
1 0.64929 0.46476 0.01571 0.02667
1 0.81964 0.46952 0.01071 0.01714
1 0.8 0.48619 0.01286 0.02762
1 0.70929 0.3681 0.01286 0.02762
1 0.65893 0.35714 0.01071 0.02476
1 0.595 0.30857 0.01 0.02476
1 0.58107 0.26905 0.00929 0.02762
1 0.63429 0.28238 0.01143 0.02571
1 0.30179 0.32286 0.01214 0.02857
1 0.21286 0.37429 0.01857 0.02667
1 0.12179 0.28619 0.015 0.02571
1 0.19964 0.42048 0.015 0.03143
1 0.40464 0.27762 0.01071 0.02952
1 0.44464 0.2519 0.01071 0.02762
1 0.47643 0.26476 0.01 0.02857
1 0.48643 0.29714 0.01143 0.03048
1 0.78571 0.24619 0.01 0.03333
1 0.92036 0.27571 0.015 0.02381
1 0.835 0.33095 0.01429 0.03524
1 0.83607 0.73619 0.01929 0.02476
1 0.08357 0.29095 0.01857 0.03143
1 0.10571 0.25762 0.01857 0.02952
1 0.08286 0.26619 0.02 0.02381
1 0.25 0.27571 0.01714 0.02762
1 0.25714 0.27095 0.01143 0.01619
1 0.2325 0.29667 0.015 0.02571
1 0.21429 0.28905 0.01429 0.02762
1 0.21429 0.27905 0.01 0.01714
1 0.22321 0.27429 0.01643 0.02476
1 0.10821 0.3581 0.01929 0.03238
1 0.11857 0.33619 0.01429 0.02667
1 0.26786 0.35048 0.01571 0.02667
1 0.27536 0.37095 0.01214 0.02762
8 0.13714 0.33857 0.03571 0.06571
2 0.08393 0.23381 0.01643 0.02381
2 0.16286 0.24429 0.01429 0.02762
2 0.35286 0.30524 0.00857 0.01619
2 0.34679 0.30667 0.00929 0.01905
10 0.3575 0.31048 0.02643 0.02095
10 0.16571 0.24952 0.02429 0.02286
10 0.08536 0.23667 0.02786 0.01619
1 0.865 0.30095 0.01 0.02476
1 0.85286 0.34095 0.01429 0.02286
1 0.84464 0.34143 0.00929 0.0181
1 0.81607 0.26667 0.01214 0.02857
1 0.86857 0.28095 0.01143 0.02857
2 0.86429 0.22429 0.00857 0.02
2 0.82036 0.17286 0.00929 0.01619
3 0.86179 0.22857 0.025 0.01333
3 0.86214 0.28381 0.02286 0.01524
10 0.8175 0.18429 0.02214 0.01238
1 0.87071 0.80905 0.01143 0.02381
1 0.87607 0.79286 0.01071 0.02571
2 0.74536 0.60333 0.01071 0.0181
10 0.74357 0.60857 0.01429 0.04
10 0.10179 0.68905 0.01357 0.03714
10 0.1125 0.62286 0.01786 0.04381
10 0.03071 0.5781 0.03286 0.0419
