1 0.93359 0.73148 0.00781 0.03704
1 0.72214 0.91435 0.0099 0.04537
1 0.71016 0.8963 0.00677 0.04074
1 0.7474 0.81435 0.01042 0.04352
1 0.69167 0.8287 0.00833 0.04074
6 0.64297 0.82269 0.04427 0.11204
4 0.58906 0.97315 0.03854 0.10741
4 0.57656 0.89954 0.03542 0.08981
4 0.61432 0.68102 0.02448 0.04167
4 0.62422 0.7287 0.0276 0.04815
4 0.57943 0.7588 0.02969 0.04907
4 0.54661 0.82222 0.0599 0.05
4 0.53568 0.79491 0.0651 0.04907
4 0.52969 0.76528 0.05625 0.04167
4 0.53359 0.74167 0.05677 0.04444
4 0.52786 0.7125 0.05156 0.03611
4 0.52656 0.69167 0.05312 0.03704
4 0.52031 0.67269 0.04896 0.03426
4 0.52161 0.65648 0.0474 0.03333
4 0.52214 0.63565 0.0474 0.03426
4 0.52448 0.62315 0.04375 0.02963
4 0.5263 0.60833 0.04427 0.02963
0 0.25156 0.59907 0.0375 0.02778
0 0.26432 0.54306 0.02552 0.01574
4 0.47526 0.51667 0.01615 0.02778
4 0.52005 0.41852 0.02656 0.02222
4 0.51927 0.41481 0.02604 0.02037
4 0.52161 0.40787 0.02552 0.0213
4 0.51667 0.39259 0.025 0.01852
5 0.51328 0.40139 0.02448 0.02315
4 0.51667 0.38796 0.025 0.01667
4 0.51458 0.38287 0.02292 0.01574
4 0.55234 0.34306 0.0099 0.01759
4 0.54661 0.32824 0.0099 0.01574
4 0.54453 0.32269 0.00885 0.01204
5 0.52396 0.33426 0.00729 0.01852
4 0.51979 0.32963 0.00729 0.01296
4 0.51771 0.32361 0.00729 0.01389
4 0.52682 0.29815 0.00885 0.01296
4 0.52448 0.29398 0.00833 0.01204
4 0.50599 0.3125 0.01615 0.01389
4 0.50365 0.30787 0.01771 0.01574
4 0.50677 0.29815 0.00729 0.01296
4 0.50234 0.29444 0.00677 0.01111
4 0.49714 0.28657 0.00677 0.01019
4 0.49349 0.28194 0.00573 0.01019
4 0.48958 0.27824 0.00521 0.00833
4 0.51354 0.28287 0.00833 0.01019
4 0.50938 0.27917 0.00729 0.01019
4 0.50104 0.26667 0.01146 0.00926
4 0.49792 0.24583 0.01042 0.00833
5 0.47865 0.24259 0.0125 0.00926
5 0.46224 0.2412 0.01302 0.01019
