4 0.29036 0.62222 0.03281 0.07037
4 0.32865 0.53657 0.03333 0.06944
1 0.00885 0.23935 0.00521 0.0213
1 0.11302 0.35093 0.00625 0.02037
1 0.13516 0.35556 0.00573 0.01852
1 0.14193 0.38796 0.00573 0.02222
1 0.12786 0.38287 0.00469 0.01944
1 0.11953 0.37407 0.00677 0.01852
1 0.17943 0.22222 0.00365 0.02037
1 0.13932 0.50833 0.00677 0.02407
1 0.02917 0.60833 0.00625 0.02037
1 0.04089 0.61713 0.00573 0.01574
1 0.08698 0.60417 0.00729 0.025
1 0.10339 0.61713 0.00781 0.02315
1 0.1138 0.59352 0.00469 0.02593
8 0.03828 0.31944 0.02656 0.02407
10 0.03542 0.25046 0.01042 0.01574
10 0.03333 0.2713 0.0125 0.02037
10 0.06146 0.28611 0.00937 0.01667
10 0.05833 0.26481 0.00833 0.02037
10 0.04505 0.27037 0.00885 0.02037
10 0.09167 0.30417 0.00417 0.0213
10 0.06901 0.32361 0.01094 0.01204
10 0.09896 0.3037 0.00521 0.02222
10 0.10547 0.30046 0.00573 0.01944
10 0.10104 0.27454 0.00417 0.02315
10 0.09401 0.27593 0.00573 0.02222
10 0.08177 0.27963 0.00625 0.02037
10 0.08802 0.27778 0.00417 0.02037
10 0.1125 0.28657 0.00417 0.01944
10 0.12083 0.30694 0.00729 0.02315
10 0.13307 0.30231 0.00573 0.01944
10 0.1401 0.30093 0.00521 0.02222
10 0.13516 0.26713 0.00573 0.01944
10 0.14245 0.26713 0.00573 0.0213
10 0.14974 0.28472 0.00469 0.01944
10 0.15964 0.26296 0.00469 0.01852
10 0.16042 0.28657 0.00521 0.025
10 0.16667 0.28194 0.00625 0.01759
10 0.17188 0.2963 0.00521 0.02222
10 0.17839 0.27639 0.00781 0.02315
10 0.22656 0.24954 0.00521 0.02315
10 0.21979 0.25139 0.00625 0.0213
10 0.21146 0.2537 0.00521 0.02222
10 0.20052 0.27222 0.00833 0.02037
10 0.19323 0.25694 0.00417 0.01944
10 0.18776 0.26065 0.00365 0.01759
10 0.18203 0.25602 0.00573 0.01944
10 0.19818 0.25463 0.00365 0.01481
3 0.20599 0.25278 0.00365 0.01667
3 0.1651 0.26019 0.00521 0.02222
3 0.15182 0.26574 0.0026 0.01481
3 0.1276 0.26944 0.00521 0.02037
3 0.1099 0.26852 0.00417 0.01667
3 0.07474 0.28009 0.00365 0.01944
10 0.11667 0.26759 0.00417 0.01852
1 0.12109 0.2787 0.00469 0.01852
2 0.22839 0.28843 0.00781 0.01574
10 0.2612 0.27778 0.01406 0.01481
10 0.23542 0.58796 0.01354 0.03889
10 0.18646 0.57685 0.01562 0.02593
1 0.25052 0.75926 0.00729 0.03704
1 0.26094 0.75231 0.00833 0.03426
1 0.35885 0.1412 0.00313 0.01759
1 0.36172 0.14259 0.0026 0.01667
1 0.36458 0.14491 0.00208 0.01574
4 0.35807 0.20324 0.03073 0.02685
4 0.36719 0.18519 0.02604 0.02407
4 0.38594 0.16944 0.03021 0.02593
4 0.39089 0.15231 0.0276 0.02315
4 0.4 0.13935 0.02708 0.02685
4 0.4099 0.1213 0.03021 0.02037
4 0.42812 0.09352 0.02917 0.02778
4 0.38672 0.2338 0.02031 0.03981
4 0.35703 0.24028 0.03073 0.04167
5 0.31406 0.27361 0.03229 0.03056
4 0.30078 0.18056 0.04219 0.04815
4 0.41354 0.43657 0.03438 0.05648
1 0.27344 0.80463 0.00417 0.02593
1 0.26562 0.80741 0.00417 0.02222
1 0.49453 0.425 0.00469 0.02037
4 0.5151 0.20787 0.02292 0.03611
10 0.52318 0.25694 0.00885 0.01759
1 0.43594 0.1787 0.00313 0.02222
4 0.43828 0.08241 0.02656 0.02593
4 0.46458 0.04861 0.02292 0.01944
4 0.4724 0.03565 0.02396 0.0213
4 0.47786 0.02315 0.02656 0.02222
4 0.48438 0.01435 0.02187 0.01759
4 0.48385 0.0088 0.02187 0.01574
4 0.49245 0.00694 0.02135 0.01389
4 0.44974 0.06065 0.02344 0.01944
1 0.42344 0.04907 0.00313 0.01111
1 0.60703 0.15972 0.00573 0.01759
1 0.57422 0.30231 0.00365 0.025
2 0.18568 0.57222 0.00885 0.01481
2 0.5237 0.25324 0.00469 0.01204
