6 0.38107 0.77094 0.09643 0.10025
4 0.51107 0.76459 0.04357 0.06218
4 0.58679 0.66624 0.03071 0.05584
4 0.62571 0.6085 0.03571 0.05964
4 0.70286 0.57805 0.03429 0.05457
4 0.68214 0.52665 0.03714 0.06091
4 0.75286 0.43591 0.03429 0.04949
4 0.98 0.15355 0.02857 0.04315
9 0.30393 0.4797 0.04214 0.07868
4 0.33393 0.48033 0.03071 0.05457
4 0.30857 0.43147 0.02857 0.04822
9 0.26536 0.40102 0.03929 0.07614
4 0.28036 0.3769 0.02929 0.05076
4 0.25643 0.32297 0.03 0.04949
4 0.24107 0.34898 0.025 0.04569
4 0.23429 0.28173 0.02714 0.04822
4 0.20821 0.23287 0.02643 0.04695
4 0.16321 0.14721 0.02643 0.04315
6 0.21143 0.33947 0.06143 0.14086
6 0.19714 0.38642 0.04429 0.0901
