6 0.32396 0.51528 0.00313 0.00463
6 0.31771 0.54769 0.00625 0.01574
6 0.32812 0.50926 0.00208 0.0037
4 0.32422 0.50833 0.00156 0.00185
4 0.3263 0.52315 0.00156 0.0037
4 0.32734 0.5463 0.0026 0.00556
4 0.31745 0.57407 0.00573 0.00741
4 0.29792 0.57083 0.00521 0.00833
4 0.28646 0.59815 0.00729 0.01111
4 0.35443 0.52778 0.0026 0.0037
6 0.26797 0.67454 0.02656 0.06389
4 0.25104 0.68056 0.01354 0.02222
4 0.23229 0.7125 0.01875 0.02685
4 0.25078 0.74074 0.01823 0.03148
4 0.22344 0.78056 0.025 0.04444
4 0.20677 0.75509 0.02396 0.03796
4 0.19609 0.73611 0.02344 0.02963
2 0.18464 0.76019 0.00677 0.02222
10 0.18438 0.76296 0.00833 0.02407
4 0.11224 0.86296 0.0474 0.04259
4 0.21276 0.9338 0.05677 0.05278
4 0.10885 0.94074 0.05833 0.05556
4 0.01667 0.86111 0.03333 0.04259
6 0.0151 0.81435 0.03021 0.04722
