4 0.45208 0.82454 0.02708 0.08056
4 0.56979 0.86435 0.03333 0.08056
4 0.54661 0.53472 0.01823 0.02315
4 0.44036 0.5 0.0276 0.01852
4 0.28542 0.47639 0.02187 0.02315
4 0.15911 0.48194 0.02969 0.0213
4 0.24505 0.31574 0.01094 0.01296
4 0.21719 0.35787 0.0125 0.01389
4 0.14271 0.41713 0.02396 0.01944
4 0.01198 0.4838 0.02292 0.01759
4 0.2263 0.32454 0.0151 0.01204
4 0.22318 0.34028 0.0151 0.01389
1 0.13594 0.39398 0.00417 0.01204
1 0.14271 0.61852 0.00417 0.01667
10 0.34505 0.78889 0.00573 0.02407
2 0.34505 0.78287 0.00469 0.01204
4 0.34036 0.28426 0.01198 0.01111
4 0.31823 0.21019 0.01458 0.01111
4 0.38177 0.25648 0.00625 0.01111
4 0.39349 0.24444 0.00677 0.00926
4 0.41589 0.25463 0.00469 0.00741
4 0.41172 0.24259 0.00573 0.00741
4 0.40573 0.21389 0.00417 0.00741
4 0.39948 0.21111 0.00521 0.00741
4 0.37995 0.2162 0.00677 0.01204
4 0.39167 0.22639 0.00521 0.00833
4 0.38646 0.22546 0.00417 0.00833
4 0.39479 0.20324 0.00313 0.00648
4 0.39896 0.20093 0.00417 0.00556
4 0.40078 0.19306 0.00365 0.00648
4 0.39427 0.19352 0.00417 0.00741
4 0.39479 0.2088 0.00313 0.00463
4 0.37552 0.19676 0.00521 0.00833
4 0.38073 0.18657 0.00521 0.00833
4 0.37474 0.16944 0.00469 0.00741
4 0.37839 0.12917 0.00365 0.00463
4 0.38021 0.22731 0.00521 0.00833
4 0.38672 0.15741 0.00365 0.00556
4 0.38411 0.15139 0.0026 0.00278
4 0.38307 0.14676 0.0026 0.00278
4 0.38177 0.1375 0.00313 0.00463
4 0.38229 0.14213 0.00313 0.00463
4 0.3776 0.11944 0.00313 0.0037
4 0.38177 0.11944 0.00313 0.00556
4 0.38333 0.125 0.00313 0.00556
4 0.37318 0.13981 0.00365 0.00556
4 0.37188 0.13426 0.00313 0.0037
4 0.37266 0.11713 0.00469 0.00463
4 0.36849 0.11944 0.00365 0.00741
4 0.37344 0.12546 0.00313 0.00648
4 0.37057 0.12639 0.0026 0.00463
4 0.37292 0.11111 0.00313 0.0037
4 0.37083 0.10509 0.00417 0.00648
4 0.48776 0.29167 0.01302 0.00926
4 0.54531 0.3162 0.0125 0.01019
1 0.52865 0.2588 0.00208 0.00833
1 0.52552 0.25417 0.00208 0.00833
1 0.55339 0.26481 0.00156 0.00741
4 0.5026 0.26944 0.00729 0.01111
4 0.48333 0.25139 0.00625 0.01204
4 0.49297 0.23519 0.00573 0.00741
4 0.4625 0.29352 0.0125 0.01111
4 0.44609 0.26065 0.00573 0.01204
4 0.60339 0.49167 0.01719 0.02222
4 0.63307 0.44676 0.0151 0.01759
4 0.62057 0.36574 0.01198 0.01481
4 0.63906 0.34306 0.02083 0.01759
4 0.60547 0.35093 0.01719 0.01667
4 0.57943 0.3125 0.01302 0.01204
4 0.56406 0.31157 0.0125 0.01019
4 0.60417 0.32083 0.01562 0.01389
4 0.58698 0.33056 0.01667 0.01296
4 0.60026 0.3287 0.01406 0.01296
1 0.66563 0.31806 0.00208 0.00833
4 0.64896 0.45787 0.01458 0.0213
10 0.58099 0.51389 0.01094 0.00926
2 0.58073 0.50833 0.00729 0.01111
4 0.69036 0.41481 0.01302 0.01481
4 0.69219 0.35926 0.01875 0.01481
2 0.71849 0.36713 0.00469 0.00833
10 0.71745 0.3713 0.00677 0.00741
10 0.71198 0.35648 0.00521 0.00556
10 0.72057 0.3588 0.00573 0.00463
1 0.70417 0.33194 0.00208 0.00833
1 0.70547 0.34259 0.0026 0.00741
2 0.71302 0.35231 0.00313 0.00833
2 0.72135 0.35648 0.00313 0.00926
