4 0.14505 0.06991 0.00885 0.02315
4 0.18594 0.1375 0.00937 0.0213
6 0.20443 0.17639 0.01198 0.0213
6 0.24557 0.13241 0.02031 0.02778
6 0.38021 0.12917 0.04063 0.03796
6 0.37031 0.02639 0.03438 0.0287
11 0.41406 0.15648 0.01146 0.04259
6 0.55547 0.08241 0.01302 0.04444
5 0.58542 0.09583 0.00625 0.02315
5 0.63724 0.08657 0.01406 0.01204
10 0.61094 0.12546 0.00833 0.00833
4 0.45807 0.4537 0.01615 0.01481
5 0.39453 0.45046 0.01615 0.01389
6 0.36042 0.44722 0.02187 0.01852
6 0.33125 0.4412 0.02083 0.01944
4 0.30417 0.43426 0.01562 0.01296
4 0.27109 0.43796 0.01615 0.02037
4 0.25443 0.49676 0.0151 0.01574
4 0.31094 0.5375 0.01667 0.01759
4 0.3151 0.55185 0.01562 0.01667
4 0.31745 0.56806 0.01615 0.01759
4 0.32109 0.58241 0.01615 0.01852
4 0.34818 0.48426 0.01615 0.01296
4 0.35052 0.52083 0.0125 0.01574
5 0.35755 0.53333 0.01719 0.01667
4 0.36302 0.55093 0.0125 0.01296
4 0.34427 0.61296 0.00937 0.02963
4 0.37005 0.58287 0.01406 0.01574
6 0.375 0.5037 0.02083 0.01667
4 0.22656 0.64306 0.01042 0.0287
4 0.20885 0.5463 0.00833 0.02778
4 0.22734 0.54074 0.01615 0.01481
4 0.18802 0.54583 0.00833 0.0287
4 0.17943 0.55046 0.00885 0.02685
4 0.17109 0.5537 0.0099 0.02963
4 0.19271 0.49676 0.00937 0.02685
4 0.18385 0.4338 0.01771 0.01389
4 0.15703 0.43194 0.01719 0.01389
4 0.1375 0.42546 0.01667 0.01574
4 0.02005 0.5375 0.0099 0.02685
4 0.09245 0.51157 0.01719 0.01389
4 0.01641 0.76204 0.01198 0.03519
