4 0.15214 0.96857 0.05286 0.06286
10 0.21071 0.92333 0.02429 0.0219
10 0.33429 0.82238 0.03 0.03333
4 0.35964 0.66619 0.04643 0.05048
4 0.43286 0.63143 0.04429 0.05524
10 0.40357 0.63524 0.02 0.02857
4 0.59571 0.45667 0.04 0.05048
4 0.47679 0.39476 0.03786 0.04857
4 0.44464 0.43429 0.03786 0.04571
4 0.37143 0.50762 0.03714 0.04762
4 0.21179 0.66857 0.04786 0.06095
4 0.77607 0.55429 0.03929 0.0419
4 0.79357 0.52762 0.04714 0.03429
4 0.705 0.4419 0.04286 0.04762
4 0.82536 0.43857 0.03786 0.04667
4 0.85536 0.37571 0.03214 0.04667
4 0.83679 0.35619 0.04929 0.07048
4 0.905 0.42952 0.03286 0.05524
6 0.8925 0.4119 0.035 0.05238
4 0.87357 0.39333 0.02857 0.04952
4 0.91214 0.37381 0.03857 0.04476
6 0.98143 0.36619 0.03714 0.04857
6 0.92143 0.3081 0.04429 0.03524
4 0.82429 0.27286 0.04429 0.05238
4 0.92179 0.17286 0.04214 0.04857
5 0.66393 0.25619 0.02214 0.05524
4 0.60143 0.23429 0.04143 0.04571
4 0.37393 0.96952 0.04357 0.05524
4 0.0475 0.85 0.04214 0.05048
