4 0.23724 0.64213 0.09115 0.12315
4 0.14766 0.50833 0.07344 0.08148
4 0.45964 0.3713 0.03281 0.03519
4 0.50182 0.31389 0.02344 0.02778
4 0.54089 0.28472 0.01927 0.0213
6 0.27109 0.40139 0.07344 0.08056
4 0.39844 0.31713 0.02396 0.03056
4 0.55078 0.25278 0.01719 0.02037
4 0.53385 0.25278 0.01875 0.02037
4 0.58828 0.23565 0.01927 0.0213
4 0.61276 0.22222 0.01198 0.02037
4 0.03125 0.62778 0.0625 0.0963
1 0.57526 0.36111 0.00677 0.02407
1 0.63099 0.28981 0.00677 0.02593
1 0.71927 0.43935 0.00937 0.04537
1 0.72005 0.43148 0.00677 0.03889
