1 0.40825 0.012 0.0055 0.016
2 0.404 0.087 0.005 0.01
10 0.40425 0.093 0.0045 0.01
4 0.528 0.01 0.013 0.02
4 0.5445 0.015 0.012 0.01933
4 0.58 0.03067 0.013 0.02133
4 0.55825 0.04367 0.0135 0.022
4 0.57025 0.07467 0.0135 0.02267
4 0.52425 0.07567 0.0135 0.02333
4 0.54625 0.09933 0.0135 0.024
4 0.5705 0.14567 0.015 0.026
1 0.61225 0.05867 0.0035 0.016
9 0.59725 0.10267 0.0235 0.13333
1 0.627 0.118 0.004 0.01733
1 0.633 0.207 0.005 0.018
1 0.63575 0.181 0.0055 0.01267
2 0.635 0.18767 0.005 0.014
1 0.644 0.19633 0.006 0.01533
4 0.521 0.19833 0.016 0.03267
4 0.56725 0.208 0.0155 0.02933
4 0.54425 0.24733 0.0175 0.03333
4 0.57075 0.28967 0.0185 0.03667
4 0.61975 0.213 0.0155 0.03
4 0.61625 0.24767 0.0405 0.02733
4 0.62175 0.342 0.0195 0.04
4 0.5975 0.40267 0.021 0.03867
4 0.56825 0.45333 0.0215 0.04667
4 0.57575 0.55933 0.0225 0.05733
4 0.5175 0.788 0.027 0.07867
4 0.58025 0.86733 0.0285 0.08533
4 0.58 0.72767 0.026 0.07267
4 0.8055 0.863 0.073 0.06867
4 0.8055 0.816 0.061 0.05867
4 0.81225 0.92333 0.0755 0.084
4 0.90225 0.97733 0.0375 0.04533
3 0.761 0.976 0.019 0.03733
2 0.7625 0.972 0.009 0.01733
3 0.723 0.85 0.009 0.03067
2 0.7245 0.845 0.01 0.018
4 0.76225 0.707 0.0255 0.062
4 0.75025 0.61733 0.0275 0.05067
4 0.92525 0.725 0.0615 0.042
4 0.92875 0.76067 0.0665 0.04
0 0.70075 0.36133 0.0215 0.05333
3 0.7065 0.32767 0.015 0.014
0 0.693 0.32133 0.013 0.02533
4 0.71875 0.28767 0.0235 0.04067
4 0.91425 0.26233 0.0395 0.022
4 0.8215 0.286 0.021 0.03867
4 0.84325 0.29067 0.0245 0.04267
1 0.854 0.26633 0.007 0.018
1 0.82325 0.22267 0.0085 0.01733
10 0.76 0.23367 0.016 0.014
4 0.798 0.20333 0.022 0.03067
4 0.84125 0.18033 0.0235 0.03
4 0.83125 0.14667 0.0185 0.02667
4 0.82025 0.126 0.0195 0.03333
4 0.78925 0.16533 0.0145 0.036
3 0.237 0.765 0.011 0.03133
2 0.2385 0.75533 0.008 0.016
4 0.3855 0.77667 0.03 0.08133
4 0.857 0.80533 0.029 0.05467
