4 0.38229 0.86296 0.13229 0.21852
4 0.47031 0.81204 0.15 0.30185
4 0.39427 0.57037 0.07708 0.15926
4 0.35573 0.39213 0.05104 0.09907
4 0.35365 0.30093 0.04375 0.09074
4 0.17057 0.66204 0.07865 0.21296
5 0.15573 0.88843 0.08854 0.16759
1 0.2224 0.5287 0.02083 0.08519
1 0.22552 0.39861 0.01979 0.06204
4 0.04583 0.31713 0.0875 0.0713
4 0.12786 0.19028 0.06719 0.05278
4 0.18516 0.40926 0.05052 0.11296
5 0.22135 0.24861 0.0375 0.09352
6 0.27214 0.17731 0.06094 0.06944
4 0.36771 0.18472 0.04167 0.06019
4 0.18542 0.13565 0.05833 0.04537
4 0.22083 0.10324 0.03333 0.03611
5 0.31224 0.08472 0.03802 0.03981
4 0.34974 0.07083 0.03073 0.03056
4 0.34271 0.12361 0.04375 0.03796
4 0.40208 0.05046 0.03125 0.03241
4 0.43698 0.05972 0.03333 0.03241
4 0.4612 0.02639 0.02656 0.03241
4 0.40313 0.2625 0.05208 0.06019
5 0.02891 0.35417 0.05781 0.09352
