4 0.23333 0.95926 0.01875 0.02222
4 0.23281 0.84861 0.02187 0.0213
4 0.23151 0.82824 0.02135 0.02315
4 0.23203 0.79722 0.02031 0.02037
4 0.23073 0.77639 0.02187 0.0213
4 0.23073 0.75787 0.02187 0.0213
4 0.23255 0.73472 0.0224 0.01944
4 0.2349 0.67454 0.01979 0.03426
4 0.25625 0.66898 0.01042 0.04167
4 0.27187 0.6625 0.01875 0.01759
4 0.27031 0.68333 0.01875 0.01852
5 0.2974 0.69583 0.01667 0.04352
6 0.28411 0.81157 0.02865 0.02685
6 0.31328 0.93565 0.01302 0.05463
4 0.35156 0.75602 0.00937 0.03611
10 0.35443 0.85972 0.00469 0.01944
10 0.3625 0.86389 0.00417 0.02222
7 0.19375 0.65139 0.01042 0.0287
4 0.17161 0.62407 0.0224 0.02037
4 0.14479 0.61296 0.02292 0.02222
4 0.08333 0.59398 0.02396 0.01944
4 0.05911 0.58657 0.01823 0.01759
4 0.03776 0.58009 0.02135 0.01944
5 0.01198 0.53287 0.02396 0.0213
5 0.01484 0.57083 0.02552 0.025
4 0.13229 0.50926 0.01146 0.03519
4 0.25599 0.50694 0.0099 0.0287
4 0.26875 0.50509 0.01042 0.03981
4 0.27943 0.50648 0.00781 0.03704
4 0.15885 0.51806 0.01042 0.03981
4 0.17057 0.51481 0.01198 0.03704
4 0.19687 0.51389 0.01146 0.03889
6 0.3638 0.39907 0.01302 0.05741
5 0.15781 0.31435 0.02187 0.01944
4 0.18281 0.37454 0.01354 0.03611
4 0.20729 0.37361 0.0125 0.0287
4 0.22083 0.37407 0.0125 0.03333
4 0.2362 0.37546 0.01615 0.03056
4 0.25052 0.37639 0.01458 0.03056
4 0.30495 0.25231 0.0151 0.03611
4 0.30859 0.21435 0.01094 0.04167
4 0.30234 0.09815 0.0099 0.03889
5 0.35469 0.1463 0.00833 0.03704
4 0.36927 0.13565 0.00937 0.03981
4 0.07839 0.16574 0.01198 0.02963
10 0.29141 0.10833 0.00781 0.01111
6 0.67943 0.30093 0.0349 0.02222
4 0.6125 0.33287 0.02187 0.01944
4 0.55833 0.33009 0.02187 0.01759
4 0.52214 0.25972 0.00885 0.03426
5 0.44922 0.30139 0.0099 0.03981
4 0.49271 0.12731 0.01875 0.01944
4 0.45026 0.53102 0.0099 0.03796
4 0.57682 0.62083 0.0224 0.0213
4 0.5987 0.62639 0.01198 0.03981
5 0.61042 0.64722 0.01146 0.03333
4 0.62031 0.6838 0.01146 0.03611
5 0.61745 0.91528 0.02031 0.02315
4 0.65312 0.95139 0.02187 0.01944
5 0.45625 0.85926 0.01146 0.05185
4 0.44557 0.72917 0.00885 0.03796
10 0.52266 0.02917 0.00781 0.00833
10 0.52109 0.01852 0.00781 0.01296
10 0.35339 0.26065 0.00677 0.02315
10 0.48802 0.65185 0.00833 0.00741
10 0.48932 0.66204 0.01094 0.01111
1 0.48854 0.70324 0.00521 0.00833
1 0.48047 0.61157 0.0026 0.00463
1 0.48307 0.61574 0.0026 0.00741
1 0.50286 0.64028 0.00365 0.00463
1 0.50651 0.63981 0.0026 0.00556
1 0.50911 0.63843 0.0026 0.00463
1 0.50911 0.64491 0.00365 0.00648
1 0.51484 0.64074 0.0026 0.0037
1 0.51719 0.64167 0.00208 0.00556
1 0.51953 0.6412 0.0026 0.00463
10 0.47292 0.86667 0.00417 0.01852
