4 0.49393 0.78857 0.00643 0.00952
4 0.51 0.80143 0.00857 0.01238
4 0.53571 0.80476 0.01286 0.01714
4 0.60321 0.75619 0.015 0.02095
4 0.6625 0.72095 0.02643 0.04
9 0.64893 0.65524 0.03643 0.03619
4 0.61643 0.65238 0.01857 0.01714
4 0.63857 0.63619 0.01 0.01333
4 0.645 0.63 0.00857 0.01238
4 0.65357 0.6219 0.00857 0.01333
4 0.65857 0.62 0.01 0.01143
5 0.66607 0.61048 0.015 0.02476
4 0.65357 0.63714 0.01286 0.01524
4 0.6625 0.63429 0.01071 0.01333
4 0.67107 0.62857 0.015 0.01905
4 0.67429 0.6381 0.01714 0.01714
4 0.68786 0.5919 0.01429 0.0181
4 0.70179 0.57905 0.015 0.01905
4 0.71071 0.57095 0.01429 0.0181
9 0.73357 0.54619 0.02571 0.03143
4 0.7275 0.55667 0.01214 0.01429
5 0.73929 0.57524 0.01857 0.03429
6 0.72893 0.60952 0.01929 0.02095
5 0.75143 0.56619 0.01857 0.03333
4 0.81179 0.58476 0.03929 0.03429
4 0.76393 0.56619 0.01643 0.02571
4 0.775 0.55571 0.01714 0.02952
4 0.7875 0.54619 0.015 0.02762
4 0.80036 0.53667 0.015 0.02381
4 0.81429 0.52619 0.01571 0.02381
4 0.81286 0.50952 0.02 0.03238
4 0.82929 0.51095 0.01571 0.02952
4 0.84857 0.49619 0.02143 0.03048
4 0.87893 0.46667 0.01929 0.03238
4 0.89964 0.44571 0.01929 0.03238
6 0.91607 0.42286 0.03071 0.04
4 0.95 0.4581 0.02857 0.04381
4 0.985 0.42667 0.02714 0.0419
4 0.96464 0.66048 0.07071 0.06952
4 0.42143 0.98381 0.03143 0.03048
4 0.43179 0.95905 0.02929 0.03238
4 0.43071 0.95333 0.02429 0.02857
4 0.43 0.9481 0.02429 0.02952
4 0.43179 0.93762 0.02214 0.02381
4 0.43571 0.92952 0.01857 0.02286
6 0.41214 0.94905 0.01143 0.02
9 0.435 0.92 0.03286 0.03619
4 0.43571 0.90429 0.02286 0.02
4 0.43679 0.89571 0.01786 0.01619
4 0.45107 0.87381 0.01786 0.01619
4 0.45321 0.86 0.00786 0.00952
6 0.44143 0.87048 0.01 0.01714
4 0.38929 0.95476 0.01571 0.02
