4 0.04393 0.28238 0.08786 0.04476
4 0.03071 0.32429 0.06143 0.05048
1 0.04429 0.35762 0.02 0.03905
3 0.11036 0.33905 0.015 0.0381
2 0.10464 0.32048 0.015 0.02762
1 0.1575 0.14429 0.01786 0.03333
1 0.17821 0.12048 0.01643 0.04095
1 0.22929 0.0819 0.01429 0.03619
1 0.25321 0.02667 0.01071 0.02857
3 0.20857 0.14762 0.01571 0.02476
2 0.20393 0.13429 0.01786 0.02667
2 0.30107 0.03952 0.02357 0.04857
4 0.34643 0.02048 0.02857 0.04095
4 0.38571 0.01714 0.02143 0.03429
4 0.56714 0.30571 0.08429 0.07048
4 0.5025 0.44381 0.08214 0.10667
4 0.70536 0.2619 0.09071 0.04952
1 0.67143 0.39286 0.00857 0.05429
1 0.65 0.41952 0.01 0.04095
1 0.83071 0.39476 0.01143 0.04476
1 0.63536 0.6281 0.01643 0.04095
4 0.92714 0.35333 0.09143 0.05905
6 0.95607 0.42476 0.08786 0.05905
10 0.84821 0.6381 0.01786 0.0381
2 0.84929 0.62048 0.01571 0.02952
1 0.01393 0.56857 0.02643 0.05714
1 0.0575 0.5019 0.025 0.04381
1 0.07607 0.7319 0.02643 0.04857
1 0.01464 0.65333 0.02929 0.04571
