4 0.15 0.46 0.03143 0.02095
4 0.0825 0.75286 0.03929 0.03143
4 0.14679 0.7381 0.03357 0.02286
4 0.36714 0.92952 0.04143 0.02667
4 0.34857 0.75238 0.03429 0.02476
4 0.4425 0.7219 0.015 0.04381
4 0.34393 0.7281 0.035 0.02762
4 0.33964 0.66714 0.03357 0.02381
4 0.3375 0.6381 0.03786 0.02476
4 0.33143 0.58048 0.03 0.03905
4 0.33429 0.60571 0.02714 0.03238
4 0.33929 0.5281 0.03 0.0219
4 0.34036 0.54905 0.035 0.02381
4 0.37929 0.45286 0.01429 0.03714
4 0.34536 0.40714 0.015 0.03714
4 0.3225 0.50857 0.03071 0.02286
5 0.31964 0.48714 0.025 0.02381
4 0.30679 0.24857 0.02786 0.01905
4 0.43786 0.27476 0.01286 0.02952
4 0.34179 0.01762 0.01071 0.02381
4 0.28643 0.02905 0.02429 0.01619
9 0.48214 0.45524 0.03429 0.10095
4 0.48357 0.85429 0.02 0.05143
4 0.38071 0.95857 0.03857 0.03905
4 0.38107 0.89048 0.03786 0.03048
4 0.38357 0.8219 0.03571 0.02857
4 0.36464 0.85619 0.03929 0.03048
4 0.37786 0.66333 0.03571 0.02
4 0.37643 0.58333 0.01429 0.03905
4 0.38214 0.6281 0.01571 0.03905
4 0.36321 0.61429 0.01643 0.04571
4 0.39321 0.57857 0.015 0.03905
5 0.39929 0.62143 0.01857 0.05048
6 0.3725 0.37476 0.01643 0.04476
5 0.37821 0.41714 0.01357 0.03238
4 0.35643 0.39 0.01429 0.03143
4 0.36143 0.42238 0.01286 0.02762
4 0.36964 0.33952 0.01357 0.03143
4 0.3525 0.34238 0.01357 0.03333
4 0.49321 0.35857 0.015 0.03333
4 0.34429 0.2219 0.01143 0.03048
4 0.33357 0.15571 0.01143 0.02952
4 0.33321 0.09 0.01071 0.02571
4 0.32714 0.01048 0.01143 0.02095
8 0.42179 0.15333 0.00929 0.02095
1 0.42857 0.06381 0.00429 0.01333
1 0.33107 0.12952 0.005 0.01333
1 0.325 0.04 0.00429 0.01143
1 0.5 0.25048 0.00429 0.01143
1 0.49393 0.73905 0.005 0.00952
1 0.49036 0.6581 0.005 0.00762
1 0.42393 0.70714 0.005 0.01048
2 0.40429 0.51571 0.00429 0.01048
3 0.40464 0.5181 0.005 0.01714
5 0.52 0.5181 0.01571 0.03238
4 0.51464 0.48667 0.01214 0.02857
4 0.49786 0.39 0.01571 0.03143
4 0.47214 0.23667 0.01429 0.03143
4 0.46821 0.20619 0.01214 0.02762
4 0.46321 0.17762 0.01214 0.02381
4 0.45893 0.14714 0.01214 0.02762
4 0.44893 0.09286 0.01071 0.02571
1 0.46 0.2181 0.00571 0.01333
1 0.37643 0.25857 0.00429 0.01238
1 0.36536 0.25762 0.00643 0.01238
1 0.3275 0.3781 0.00643 0.01333
1 0.46536 0.22 0.005 0.01333
5 0.90821 0.7181 0.035 0.02095
4 0.78571 0.41952 0.02857 0.02
4 0.96071 0.31238 0.02714 0.02667
4 0.95321 0.2381 0.02786 0.01714
4 0.98893 0.26333 0.02071 0.03143
5 0.94964 0.18619 0.01357 0.02762
5 0.99179 0.17905 0.01214 0.02857
4 0.92286 0.18143 0.01143 0.02762
4 0.935 0.1919 0.01143 0.03333
5 0.36321 0.45143 0.01214 0.02857
1 0.34643 0.46381 0.00571 0.01333
1 0.33643 0.47048 0.00571 0.01143
4 0.62786 0.81905 0.03571 0.02667
10 0.595 0.88952 0.01 0.02476
10 0.58571 0.87905 0.00857 0.02857
10 0.31071 0.43762 0.01286 0.01048
0 0.3125 0.47143 0.01786 0.02095
