4 0.53516 0.68333 0.04531 0.0963
4 0.40937 0.48657 0.03229 0.07315
4 0.48854 0.41713 0.03438 0.06574
4 0.4099 0.29167 0.02083 0.05
4 0.06641 0.98472 0.12552 0.11204
4 0.44453 0.1963 0.01615 0.03333
4 0.42943 0.1162 0.01406 0.02685
4 0.39193 0.01898 0.02344 0.0213
0 0.21771 0.05093 0.10729 0.06111
6 0.21302 0.29861 0.02396 0.05278
6 0.2401 0.33611 0.02396 0.05741
6 0.97083 0.58611 0.12708 0.12593
4 0.86979 1.06528 0.10104 0.10833
4 0.96198 1.3088 0.15104 0.11574
4 0.87995 0.44815 0.03906 0.07778
4 1.00495 0.43102 0.06302 0.05833
4 1.02604 0.5662 0.03125 0.07315
4 0.59375 0.26852 0.04792 0.03889
4 0.58021 0.28241 0.04479 0.03148
9 0.57266 0.31759 0.07031 0.04815
4 0.6513 0.47315 0.03698 0.03148
4 0.62526 0.3963 0.0349 0.04259
4 0.6125 0.36528 0.025 0.03796
4 0.05052 1.08472 0.09896 0.10833
4 0.0388 1.20324 0.0724 0.1287
4 0.12187 0.60463 0.04792 0.09259
1 0.2987 0.22824 0.00677 0.03426
1 0.67344 1.10417 0.01667 0.06574
