1 0.35491 0.64564 0.01983 0.08905
1 0.12657 0.59508 0.0214 0.08071
1 0.10699 0.62013 0.01775 0.06957
1 0.0501 0.57375 0.02505 0.07328
1 0.63439 0.64193 0.01722 0.09276
1 0.71816 0.69666 0.0167 0.09647
1 0.73591 0.71614 0.01148 0.09276
1 0.75548 0.71707 0.01409 0.08905
1 0.76983 0.7166 0.01253 0.08998
1 0.78419 0.71614 0.01618 0.09091
1 0.81942 0.71753 0.01775 0.10482
1 0.73565 0.66466 0.01409 0.08627
1 0.74661 0.69898 0.00992 0.08627
1 0.76357 0.6526 0.01253 0.08256
1 0.79123 0.69712 0.01357 0.09555
1 0.76148 0.69712 0.01253 0.08627
1 0.77766 0.70501 0.01357 0.08905
1 0.83794 0.72078 0.01618 0.1039
1 0.87578 0.72495 0.02505 0.09926
1 0.84525 0.71058 0.01722 0.10019
1 0.80558 0.67672 0.02035 0.09369
1 0.82542 0.66605 0.01514 0.08349
1 0.83586 0.69017 0.01618 0.08534
1 0.86926 0.67069 0.02349 0.09091
1 0.84786 0.66651 0.02035 0.08442
1 0.85308 0.68831 0.012 0.09833
1 0.80924 0.70176 0.01514 0.10297
1 0.88283 0.62848 0.012 0.07328
1 0.9285 0.63636 0.01879 0.07236
1 0.86013 0.62894 0.01775 0.06122
1 0.87161 0.62709 0.01148 0.07792
1 0.08429 0.23933 0.00365 0.01299
1 0.06159 0.23145 0.00522 0.01206
1 0.06915 0.24212 0.00365 0.01299
1 0.07411 0.24583 0.00209 0.00742
1 0.06472 0.2449 0.00209 0.00742
1 0.05793 0.24304 0.00313 0.01299
1 0.05506 0.2398 0.00365 0.01577
1 0.05141 0.23887 0.0047 0.01577
1 0.0428 0.2384 0.00522 0.01484
4 0.04332 0.74675 0.08664 0.15955
4 0.17824 0.17393 0.01305 0.0102
4 0.25418 0.16929 0.01044 0.0102
