4 0.42929 0.84772 0.04286 0.0533
4 0.49821 0.72272 0.025 0.05203
4 0.55786 0.83058 0.02429 0.06726
4 0.54107 0.77284 0.03071 0.05838
4 0.59429 0.79251 0.02714 0.05457
4 0.47286 0.65355 0.01714 0.04822
4 0.46107 0.60787 0.01786 0.04061
9 0.43179 0.50571 0.03357 0.05203
9 0.31214 0.58439 0.02143 0.0698
9 0.20357 0.59137 0.04286 0.14213
5 0.19286 0.49873 0.02429 0.05076
4 0.24821 0.3585 0.01929 0.02919
4 0.20429 0.34074 0.02143 0.02411
9 0.26929 0.27094 0.03 0.04442
4 0.78964 0.84708 0.02643 0.06218
5 0.73821 0.77602 0.03357 0.06218
5 0.77286 0.78236 0.01857 0.05457
4 0.79393 0.78871 0.01786 0.05203
4 0.80143 0.74112 0.01857 0.0533
4 0.77893 0.71891 0.01786 0.05203
4 0.75893 0.71003 0.01643 0.04949
4 0.73821 0.69797 0.01929 0.0533
4 0.76607 0.61548 0.01643 0.03807
4 0.78607 0.62119 0.01929 0.03934
4 0.69214 0.62119 0.01714 0.04695
4 0.67321 0.61929 0.01786 0.04061
5 0.65536 0.60977 0.015 0.0368
4 0.86893 0.57487 0.04214 0.03299
4 0.76321 0.57107 0.03357 0.02538
4 0.78536 0.4797 0.01786 0.02792
4 0.75143 0.46954 0.01429 0.02792
4 0.79179 0.44162 0.01214 0.02792
5 0.77607 0.44036 0.015 0.04061
4 0.79321 0.41751 0.01071 0.01523
4 0.79821 0.40038 0.01214 0.03173
5 0.78321 0.38959 0.01357 0.02538
8 0.80679 0.32995 0.015 0.03299
6 0.795 0.31345 0.01143 0.04061
6 0.81286 0.2849 0.01286 0.03426
6 0.79964 0.27919 0.01357 0.03299
9 0.81893 0.16878 0.00929 0.03046
9 0.81464 0.20431 0.01214 0.03046
4 0.80643 0.24937 0.01 0.0165
4 0.81179 0.24048 0.00929 0.01904
6 0.825 0.21129 0.01429 0.03426
0 0.83036 0.17005 0.01071 0.03299
9 0.73286 0.28299 0.01429 0.04061
9 0.71857 0.27855 0.01571 0.04188
4 0.7325 0.30647 0.00786 0.02157
5 0.72429 0.32995 0.01143 0.03046
9 0.68214 0.27411 0.01857 0.03807
4 0.66643 0.26713 0.01571 0.04188
5 0.73429 0.33376 0.00714 0.02284
5 0.71357 0.32868 0.01 0.02792
5 0.70357 0.32741 0.01 0.02792
5 0.69179 0.32424 0.01357 0.02665
5 0.63536 0.28426 0.01071 0.02538
4 0.66571 0.31218 0.01 0.0203
4 0.65071 0.31916 0.01 0.02411
4 0.61929 0.31789 0.00714 0.01904
4 0.62607 0.30711 0.00929 0.01523
5 0.71357 0.36104 0.01286 0.02665
4 0.70036 0.36168 0.01071 0.02284
4 0.70464 0.38832 0.015 0.02284
4 0.70643 0.43464 0.01143 0.02665
5 0.69036 0.4302 0.01214 0.02538
4 0.67571 0.42766 0.01143 0.0203
4 0.65464 0.42069 0.01214 0.01904
4 0.64464 0.43845 0.01214 0.02411
4 0.63214 0.43464 0.01143 0.02411
4 0.61857 0.46256 0.01286 0.02665
5 0.60464 0.45495 0.01071 0.03173
4 0.59214 0.45685 0.01 0.02284
4 0.60929 0.42703 0.01286 0.01904
4 0.63964 0.41497 0.01214 0.01523
4 0.6275 0.41497 0.00643 0.01269
4 0.61607 0.41624 0.01071 0.0203
5 0.60393 0.40609 0.00929 0.02284
4 0.58286 0.42195 0.01286 0.02919
4 0.67429 0.39721 0.01 0.0203
4 0.68107 0.38452 0.00929 0.01523
4 0.66857 0.37944 0.00714 0.0203
4 0.65143 0.39277 0.00857 0.02157
4 0.63893 0.3915 0.00643 0.02411
4 0.62786 0.38769 0.01 0.01904
4 0.61536 0.38452 0.01071 0.01777
4 0.65786 0.37944 0.00857 0.0203
4 0.64571 0.37373 0.00857 0.02157
4 0.62357 0.37183 0.01143 0.0203
4 0.64571 0.35089 0.01 0.01904
5 0.6575 0.35025 0.01071 0.02284
5 0.63536 0.34518 0.01071 0.02792
5 0.62464 0.34645 0.00786 0.02284
5 0.61357 0.34264 0.01143 0.02792
5 0.6025 0.34137 0.01071 0.02538
5 0.60679 0.37754 0.01214 0.02157
4 0.59357 0.37817 0.00714 0.01777
5 0.58857 0.36041 0.01286 0.0203
1 0.74071 0.59454 0.00714 0.02157
1 0.74786 0.59708 0.00571 0.02157
6 0.33357 0.26523 0.02571 0.03299
4 0.30321 0.23477 0.01357 0.01777
6 0.32357 0.2297 0.02429 0.03299
6 0.33429 0.20812 0.02571 0.02284
4 0.36429 0.22398 0.01571 0.02157
5 0.42821 0.19036 0.01214 0.01777
4 0.40179 0.18147 0.01357 0.01269
4 0.43786 0.16244 0.00857 0.01015
4 0.4525 0.14657 0.01071 0.01396
4 0.47179 0.14277 0.01071 0.01396
4 0.51036 0.12754 0.00929 0.01396
4 0.52607 0.125 0.00786 0.01142
4 0.49536 0.13008 0.00786 0.01396
4 0.48571 0.1269 0.00857 0.01269
0 0.55107 0.08312 0.065 0.04949
4 0.24607 0.2297 0.00929 0.01523
0 0.51071 0.19162 0.07 0.04569
0 0.45893 0.22208 0.03643 0.02538
4 0.35679 0.34962 0.01643 0.0165
6 0.56821 0.28617 0.03357 0.02665
6 0.58286 0.27348 0.02857 0.02157
6 0.59286 0.26142 0.03429 0.03299
6 0.57643 0.27602 0.03 0.02919
5 0.53464 0.31409 0.01214 0.02157
4 0.52464 0.31155 0.00929 0.0165
4 0.51357 0.31155 0.00714 0.02411
4 0.50429 0.30647 0.00857 0.01396
4 0.495 0.30584 0.00857 0.0203
4 0.48464 0.30584 0.00929 0.0203
4 0.475 0.30647 0.00571 0.0165
4 0.46643 0.30647 0.00857 0.02157
4 0.45643 0.30647 0.00714 0.02411
4 0.43964 0.33058 0.01929 0.01904
4 0.41429 0.34264 0.01429 0.0203
4 0.43214 0.34581 0.01286 0.01396
6 0.44464 0.36168 0.01929 0.03807
6 0.48036 0.36739 0.01929 0.0368
6 0.46714 0.36421 0.01571 0.03807
5 0.49857 0.32868 0.02143 0.0203
4 0.49393 0.33693 0.01786 0.01904
0 0.5575 0.32805 0.04786 0.04949
4 0.21321 0.20812 0.00929 0.01523
9 0.19107 0.19607 0.01643 0.03426
4 0.21893 0.1599 0.00786 0.01015
4 0.21714 0.13706 0.00714 0.01269
6 0.20179 0.11865 0.01071 0.01904
9 0.185 0.10596 0.01571 0.01904
4 0.36464 0.31662 0.01214 0.0165
4 0.37857 0.30584 0.01143 0.01523
4 0.39107 0.29315 0.01214 0.01777
4 0.41821 0.29251 0.01214 0.0165
4 0.42643 0.2665 0.00857 0.01523
4 0.4175 0.27538 0.00929 0.01269
4 0.34786 0.29442 0.01143 0.01523
4 0.35607 0.29061 0.01214 0.01777
4 0.36714 0.29378 0.00714 0.01904
4 0.37714 0.28109 0.01429 0.0165
4 0.41393 0.25317 0.015 0.0165
4 0.41107 0.26967 0.01071 0.01396
4 0.4 0.25508 0.01143 0.01269
4 0.39393 0.26015 0.01214 0.01015
4 0.38857 0.2665 0.01286 0.01269
4 0.38107 0.26713 0.01643 0.01396
6 0.48571 0.41053 0.01857 0.03173
6 0.51714 0.37246 0.01857 0.0368
6 0.45714 0.4099 0.02143 0.03299
6 0.44107 0.40609 0.02357 0.03807
6 0.42786 0.40609 0.01571 0.03807
6 0.41429 0.40673 0.02 0.03426
6 0.40357 0.40038 0.02 0.03426
6 0.39107 0.38896 0.02214 0.03934
4 0.76429 0.67957 0.01857 0.04442
4 0.74571 0.67259 0.01714 0.04315
4 0.78357 0.68845 0.01714 0.05203
4 0.66857 0.59581 0.03429 0.03173
4 0.67143 0.57995 0.03571 0.03046
4 0.70679 0.74873 0.02929 0.04569
4 0.64 0.68401 0.04714 0.04315
4 0.61429 0.65038 0.03286 0.02919
4 0.65321 0.71827 0.04071 0.03807
4 0.67464 0.75 0.03929 0.04569
4 0.68393 0.7684 0.03357 0.03426
4 0.81821 0.5533 0.03357 0.03553
4 0.90857 0.58503 0.03143 0.03046
