4 0.26827 0.56354 0.04175 0.0436
6 0.35438 0.42486 0.09916 0.09647
4 0.63335 0.43924 0.01722 0.03618
4 0.67276 0.44063 0.0167 0.0334
4 0.72025 0.53618 0.03758 0.04453
4 0.72495 0.52087 0.02923 0.04174
4 0.81237 0.21985 0.02662 0.02226
4 0.82542 0.21707 0.02035 0.01855
4 0.82777 0.2064 0.02505 0.01948
4 0.83481 0.2013 0.02035 0.0167
4 0.84603 0.19341 0.02296 0.02134
4 0.86926 0.17022 0.02349 0.01763
4 0.88309 0.15816 0.02192 0.01763
4 0.89692 0.15028 0.01827 0.0167
4 0.93215 0.33024 0.03132 0.02226
4 0.95042 0.34508 0.0261 0.0167
4 0.99087 0.3743 0.01722 0.02876
4 0.91441 0.3154 0.03132 0.02597
5 0.90397 0.29917 0.02923 0.0269
4 0.89457 0.28989 0.02818 0.02134
4 0.88727 0.28061 0.0334 0.02876
4 0.88805 0.2718 0.02349 0.0167
4 0.881 0.2449 0.02714 0.02226
4 0.87865 0.23748 0.02766 0.01855
4 0.88492 0.23098 0.02871 0.02412
0 0.89405 0.19388 0.01253 0.04082
