1,0.33567708333333335,0.6916666666666667,0.03697916666666667,0.08333333333333333
1,0.31197916666666664,0.6995370370370371,0.030208333333333334,0.05648148148148148
1,0.22838541666666667,0.5287037037037037,0.0390625,0.08148148148148149
1,0.19166666666666668,0.45416666666666666,0.03333333333333333,0.0712962962962963
1,0.1734375,0.44722222222222224,0.035416666666666666,0.07777777777777778
1,0.35260416666666666,0.14074074074074075,0.019791666666666666,0.08703703703703704
1,0.2989583333333333,0.11574074074074074,0.020833333333333332,0.08148148148148149
1,0.23489583333333333,0.11898148148148148,0.021875,0.07685185185185185
1,0.21770833333333334,0.06574074074074074,0.026041666666666668,0.08148148148148149
1,0.12890625,0.03611111111111111,0.024479166666666666,0.06851851851851852
2,0.19895833333333332,0.07361111111111111,0.025,0.062037037037037036
3,0.20104166666666667,0.08333333333333333,0.022916666666666665,0.06296296296296296
3,0.421875,0.058333333333333334,0.03958333333333333,0.04259259259259259
2,0.42239583333333336,0.03935185185185185,0.013541666666666667,0.05648148148148148
4,0.13255208333333332,0.18425925925925926,0.1078125,0.11851851851851852
4,0.041666666666666664,0.08611111111111111,0.07291666666666667,0.12222222222222222
4,0.29322916666666665,0.03009259259259259,0.1,0.06018518518518518
4,0.08463541666666667,0.8768518518518519,0.1453125,0.19074074074074074
9,0.665625,0.14629629629629629,0.12708333333333333,0.23148148148148148
