9 0.42292 0.66991 0.03229 0.08611
4 0.3875 0.91528 0.02813 0.08611
4 0.54297 0.73287 0.02448 0.05093
4 0.40417 0.54167 0.01042 0.02778
4 0.43255 0.94028 0.03073 0.06389
4 0.41094 0.60741 0.01458 0.02593
4 0.42344 0.53981 0.0125 0.02222
4 0.4276 0.47778 0.00833 0.01667
4 0.42604 0.43056 0.00625 0.01111
4 0.43438 0.3912 0.00521 0.00648
4 0.43568 0.39907 0.00469 0.00741
4 0.43411 0.38148 0.00677 0.00741
4 0.42786 0.37361 0.0026 0.00463
4 0.43568 0.34167 0.00365 0.00741
10 0.35573 0.67824 0.00625 0.02315
2 0.35599 0.66528 0.00365 0.01204
4 0.41693 0.56574 0.01302 0.02778
4 0.43151 0.45833 0.00781 0.01296
9 0.41641 0.48611 0.00885 0.02593
1 0.42578 0.41389 0.00156 0.00926
1 0.42344 0.41389 0.00104 0.00926
10 0.42005 0.41528 0.00156 0.00833
10 0.4224 0.39861 0.00208 0.00833
10 0.42734 0.40602 0.0026 0.00833
10 0.43021 0.36574 0.00208 0.00741
2 0.43021 0.36435 0.00313 0.00648
2 0.42266 0.39676 0.00156 0.00463
2 0.42734 0.40417 0.00156 0.00278
2 0.42005 0.41065 0.00156 0.00463
2 0.49375 0.43519 0.00208 0.00556
10 0.49349 0.43981 0.00365 0.01296
4 0.4724 0.38056 0.00417 0.00556
4 0.46302 0.3662 0.00417 0.00648
4 0.45521 0.34213 0.00313 0.00463
4 0.45339 0.32917 0.0026 0.00463
4 0.4599 0.33889 0.00208 0.0037
10 0.57031 0.68241 0.01146 0.00926
