4 0.07396 0.07083 0.0625 0.07315
5 0.08958 0.03657 0.06667 0.0713
3 0.43333 0.0213 0.02187 0.02222
2 0.43073 0.01157 0.00937 0.02315
4 0.32083 0.62315 0.04583 0.14259
4 0.30391 0.79861 0.04948 0.175
4 0.46563 0.64028 0.06563 0.13426
4 0.46589 0.93194 0.04531 0.13056
7 0.51562 0.21574 0.04583 0.0537
4 0.70885 0.19398 0.03438 0.08981
4 0.75156 0.20602 0.03021 0.10278
4 0.83594 0.24861 0.03854 0.08426
10 0.61224 0.28333 0.00885 0.03889
10 0.6276 0.29074 0.01042 0.04074
10 0.64505 0.28056 0.01198 0.04815
10 0.66016 0.28148 0.00885 0.04259
3 0.66172 0.32037 0.00885 0.04259
7 0.70625 0.35417 0.02292 0.05833
10 0.72214 0.33519 0.0099 0.05556
10 0.78047 0.28796 0.0099 0.05185
10 0.84089 0.34352 0.0099 0.03519
3 0.81719 0.33704 0.02292 0.03333
10 0.90208 0.34444 0.01562 0.03704
3 0.87187 0.30833 0.01562 0.04444
3 0.99036 0.31065 0.01198 0.04167
4 0.83672 0.01944 0.05677 0.03889
5 0.9349 0.02824 0.06042 0.05463
7 0.98151 0.03704 0.03177 0.04259
