4 0.03359 0.34861 0.05365 0.08796
4 0.2599 0.73472 0.06979 0.11389
4 0.38724 0.88194 0.0474 0.16944
4 0.39141 0.5 0.05365 0.08519
4 0.43802 0.57824 0.04271 0.11019
4 0.54349 0.44815 0.04531 0.09259
4 0.46875 0.38565 0.04063 0.08056
4 0.48854 0.43981 0.04583 0.09074
4 0.63177 0.06435 0.04375 0.0787
4 0.60964 0.29398 0.04115 0.08056
6 0.12135 0.91991 0.10521 0.10463
5 0.27005 0.02639 0.04948 0.04907
5 0.36849 0.01852 0.04115 0.03148
2 0.06979 0.21389 0.00521 0.01667
2 0.06328 0.20741 0.00573 0.01481
10 0.06927 0.22083 0.01667 0.03056
1 0.16328 0.3787 0.01198 0.02593
1 0.40078 0.3125 0.00885 0.0287
1 0.40521 0.3088 0.00313 0.02315
1 0.64766 0.87963 0.01198 0.02593
1 0.65729 0.92685 0.01042 0.02222
1 0.62057 0.90694 0.01198 0.02315
1 0.72552 0.58194 0.00625 0.01574
1 0.67474 0.66991 0.01302 0.01759
1 0.68646 0.67824 0.01562 0.025
