4 0.4388 0.62454 0.05052 0.10648
4 0.43646 0.53704 0.03646 0.07593
4 0.20885 0.72222 0.08438 0.12037
4 0.25078 0.60648 0.06198 0.0963
4 0.29063 0.52546 0.05312 0.08241
4 0.32344 0.47824 0.04167 0.05648
4 0.48932 0.35324 0.02031 0.0213
4 0.50443 0.44769 0.05885 0.04352
4 0.50781 0.43843 0.06146 0.03241
4 0.53125 0.40417 0.05312 0.03426
4 0.53464 0.39907 0.04948 0.03519
4 0.55234 0.3838 0.03906 0.0287
4 0.56536 0.37778 0.03385 0.03333
4 0.575 0.3662 0.03021 0.025
4 0.55911 0.35231 0.02135 0.0287
4 0.57396 0.34306 0.01354 0.02315
4 0.53724 0.33426 0.02969 0.01852
4 0.50286 0.33056 0.02135 0.02222
4 0.47839 0.32778 0.02031 0.02037
4 0.60547 0.32685 0.02448 0.02037
