1 0.98179 0.82952 0.03643 0.05714
1 0.98 0.77524 0.04 0.04952
1 0.87929 0.72 0.04429 0.07619
1 0.89893 0.6981 0.03071 0.07048
1 0.82643 0.67714 0.03857 0.07048
1 0.60321 0.45333 0.01786 0.05333
1 0.57214 0.35524 0.01429 0.0419
1 0.53286 0.4 0.02 0.04571
1 0.51393 0.38857 0.015 0.0419
1 0.52179 0.38381 0.01071 0.0419
1 0.48107 0.36905 0.01071 0.04286
1 0.46536 0.37286 0.01071 0.04095
1 0.47214 0.37 0.01 0.04286
1 0.44786 0.37 0.01143 0.04286
1 0.45464 0.35238 0.01071 0.04
1 0.45929 0.33333 0.01 0.03429
1 0.46893 0.33143 0.01071 0.03429
1 0.43714 0.33143 0.01 0.0381
2 0.39321 0.3519 0.01357 0.03333
10 0.39286 0.35571 0.01571 0.03333
1 0.38143 0.29619 0.00857 0.03429
1 0.43 0.29048 0.00857 0.03429
1 0.43857 0.29857 0.00857 0.02762
1 0.39821 0.29571 0.00929 0.03143
1 0.39179 0.29571 0.00786 0.03333
1 0.36964 0.28762 0.00929 0.03048
1 0.35821 0.28762 0.00929 0.03238
1 0.35071 0.29048 0.01 0.03048
1 0.34286 0.29286 0.00857 0.02952
1 0.33143 0.2781 0.00714 0.02857
1 0.3575 0.26524 0.00929 0.03333
1 0.36571 0.26048 0.00857 0.02762
1 0.375 0.26619 0.01 0.02571
1 0.37357 0.25381 0.00714 0.02381
1 0.38036 0.25571 0.00786 0.02952
1 0.38714 0.25381 0.00571 0.02571
1 0.39107 0.25143 0.00929 0.02857
1 0.38 0.23333 0.00714 0.02476
1 0.3875 0.23429 0.00786 0.02667
1 0.35357 0.23333 0.00714 0.02667
1 0.36393 0.23286 0.00786 0.02762
1 0.35893 0.22143 0.00643 0.02571
1 0.36571 0.22048 0.00857 0.02571
1 0.40643 0.22905 0.00714 0.02571
1 0.40107 0.22762 0.00643 0.02476
1 0.39571 0.22095 0.00571 0.02476
1 0.39964 0.22048 0.00643 0.02381
1 0.3275 0.24524 0.00786 0.02762
1 0.32143 0.24619 0.00714 0.02952
1 0.315 0.24714 0.00714 0.02952
1 0.3025 0.22905 0.00643 0.02762
1 0.3075 0.23524 0.005 0.02667
1 0.31107 0.22619 0.00786 0.0219
1 0.3175 0.22381 0.00786 0.02095
1 0.32571 0.21381 0.00714 0.02381
1 0.34036 0.21857 0.00643 0.02571
1 0.33571 0.21381 0.00571 0.02571
1 0.35393 0.2 0.00643 0.02286
1 0.36536 0.20905 0.00643 0.02381
1 0.3725 0.20762 0.00643 0.02095
1 0.37607 0.20714 0.005 0.02
1 0.38071 0.21333 0.00571 0.02286
1 0.38429 0.21238 0.00571 0.02095
1 0.39 0.22048 0.00857 0.02571
1 0.4375 0.19476 0.00786 0.01238
1 0.45821 0.18952 0.00643 0.01905
1 0.30286 0.20524 0.00714 0.0219
1 0.31071 0.20286 0.00714 0.01905
1 0.31464 0.19571 0.005 0.02
1 0.31 0.19524 0.00571 0.01714
1 0.32036 0.19571 0.00643 0.02
1 0.32643 0.19619 0.00714 0.02095
1 0.3325 0.19571 0.00643 0.0181
1 0.34214 0.19905 0.00571 0.02286
1 0.3475 0.19714 0.00643 0.02286
0 0.29964 0.16476 0.09357 0.04
1 0.37357 0.16095 0.00429 0.01714
1 0.06857 0.20095 0.00857 0.01905
1 0.23143 0.47143 0.02286 0.04952
10 0.40786 0.45524 0.02 0.04381
