7 0.94505 1.28241 0.03906 0.04815
4 0.67786 1.33565 0.03594 0.08611
4 0.65573 1.19537 0.02604 0.06481
4 0.43724 1.34583 0.02865 0.08611
4 0.40286 1.26065 0.02448 0.08611
4 0.4474 1.13102 0.02187 0.075
4 0.54714 1.0787 0.02031 0.05185
3 0.3 1.28148 0.02083 0.02593
3 0.30703 1.24954 0.01823 0.02315
3 0.31094 1.22593 0.01875 0.02222
3 0.31198 1.20556 0.01771 0.02037
3 0.31641 1.20093 0.01823 0.02037
3 0.31771 1.18657 0.01667 0.0213
4 0.22187 1.25231 0.05937 0.04722
4 0.22812 1.21157 0.05208 0.04907
4 0.23359 1.17222 0.05469 0.04074
10 0.24115 1.0838 0.01667 0.01944
1 0.30964 1.06944 0.00677 0.03148
1 0.31562 1.06806 0.00625 0.025
2 0.35417 1.06296 0.00833 0.02407
2 0.3625 1.08102 0.00729 0.02685
3 0.36224 1.08843 0.00781 0.025
3 0.35469 1.07176 0.00729 0.025
4 0.26068 1.03519 0.04531 0.03519
4 0.26406 1.00787 0.04479 0.03611
4 0.27214 0.97963 0.04427 0.03333
4 0.28542 0.95556 0.04479 0.03333
1 0.32188 0.95139 0.00729 0.02685
4 0.28776 0.92824 0.02552 0.0287
10 0.30807 0.92546 0.01198 0.01759
1 0.33984 0.88472 0.00573 0.0287
1 0.32396 0.875 0.00729 0.02593
3 0.35833 0.92454 0.01354 0.01759
4 0.37786 0.92731 0.01823 0.05093
4 0.38438 0.88565 0.01979 0.04722
4 0.42708 0.96898 0.01875 0.04907
4 0.31016 0.86574 0.0401 0.02963
4 0.36693 0.85787 0.01927 0.04722
4 0.31745 0.8287 0.0349 0.02778
4 0.33073 0.79028 0.03542 0.025
3 0.34687 0.78241 0.0125 0.01296
4 0.3763 0.80463 0.01615 0.03889
4 0.39766 0.78565 0.01615 0.03981
10 0.41693 0.79769 0.00469 0.0213
2 0.41667 0.79259 0.00521 0.02037
4 0.33151 0.77176 0.02865 0.02685
4 0.33646 0.7588 0.03229 0.025
4 0.34635 0.71991 0.03333 0.02315
4 0.34714 0.70602 0.02969 0.0213
4 0.35313 0.69537 0.02917 0.02037
1 0.37604 0.70231 0.00521 0.01944
4 0.35729 0.68333 0.03021 0.02037
4 0.36146 0.67176 0.02917 0.0213
4 0.36276 0.66111 0.02969 0.01852
4 0.36328 0.64907 0.0276 0.02037
4 0.36536 0.64074 0.02865 0.01852
4 0.36745 0.63056 0.02448 0.02037
4 0.36667 0.62269 0.02292 0.01944
4 0.36745 0.6125 0.02344 0.01574
4 0.31068 0.69167 0.02344 0.02778
4 0.30391 0.67546 0.01615 0.03241
4 0.28828 0.64815 0.02969 0.02037
4 0.31615 0.64954 0.025 0.0213
3 0.3362 0.65046 0.00469 0.01574
1 0.33594 0.6463 0.00521 0.01481
4 0.31458 0.63565 0.02917 0.01944
4 0.31953 0.62454 0.02656 0.0213
4 0.32943 0.59028 0.02656 0.01944
4 0.48125 0.81759 0.01667 0.05
4 0.61354 0.8713 0.01875 0.03704
4 0.60833 0.8338 0.01667 0.03426
4 0.60391 0.79676 0.01719 0.03426
4 0.59844 0.76389 0.01771 0.03333
4 0.59479 0.73611 0.01562 0.02407
4 0.59089 0.7088 0.01406 0.025
4 0.58776 0.68241 0.01302 0.02407
4 0.58516 0.66157 0.01198 0.01944
2 0.5849 0.78287 0.00521 0.01574
10 0.58464 0.78796 0.00573 0.01667
4 0.54427 0.67269 0.0125 0.02315
4 0.46771 0.70648 0.01354 0.03148
4 0.48594 0.67407 0.0125 0.02778
4 0.45547 0.65741 0.01302 0.02778
4 0.41771 0.65833 0.01354 0.02963
4 0.42109 0.61852 0.01198 0.02778
2 0.43229 0.63611 0.00417 0.01481
3 0.43255 0.64213 0.00469 0.01574
3 0.43932 0.63704 0.00469 0.01481
2 0.43906 0.63287 0.00417 0.01574
4 0.42812 0.57083 0.01146 0.025
4 0.46146 0.57361 0.01146 0.02315
4 0.48984 0.60185 0.01198 0.02593
4 0.47656 0.55463 0.01146 0.02778
4 0.43385 0.55509 0.00937 0.0213
4 0.57292 0.57361 0.01146 0.0213
4 0.57161 0.55417 0.01094 0.01759
4 0.56849 0.5375 0.0099 0.01759
4 0.56641 0.52222 0.0099 0.01667
5 0.47604 0.49583 0.00937 0.025
4 0.44271 0.47546 0.01042 0.01944
4 0.44688 0.44769 0.00937 0.01759
4 0.49141 0.47407 0.00885 0.01852
4 0.48021 0.45741 0.00937 0.01852
9 0.47266 0.40139 0.01302 0.03796
4 0.35156 0.52407 0.01979 0.01667
4 0.35313 0.51898 0.02396 0.01574
4 0.35521 0.51204 0.02396 0.01481
4 0.35781 0.50556 0.02083 0.01667
4 0.35911 0.49815 0.02135 0.01296
4 0.36172 0.49259 0.02031 0.01667
4 0.37656 0.4963 0.0125 0.02593
0 0.39635 0.40185 0.08333 0.16296
4 0.09922 0.68657 0.02656 0.025
4 0.08307 0.66528 0.0276 0.0213
4 0.11849 0.64259 0.02865 0.02407
4 0.09375 0.65602 0.02917 0.025
4 0.10885 0.66759 0.02396 0.02593
4 0.07526 0.64352 0.0276 0.02222
4 0.06068 0.71528 0.02135 0.03056
4 0.04974 0.6963 0.01927 0.02593
4 0.03255 0.68102 0.01927 0.0287
4 0.01406 0.66343 0.02604 0.0213
4 0.01745 0.64167 0.0276 0.02037
4 0.03047 0.63148 0.02656 0.02222
4 0.03984 0.6162 0.02865 0.02685
4 0.04557 0.60972 0.02656 0.025
4 0.06563 0.59352 0.02292 0.02407
4 0.07161 0.57963 0.02656 0.02407
0 0.82057 0.52778 0.09323 0.12222
0 0.85182 0.88981 0.1276 0.11667
4 0.52214 0.40972 0.00781 0.01389
4 0.51094 0.39537 0.00729 0.01296
4 0.4987 0.38704 0.00781 0.01481
4 0.48906 0.38426 0.00833 0.01481
4 0.45495 0.40417 0.00885 0.01574
4 0.45729 0.39259 0.00937 0.01296
4 0.45964 0.38287 0.00885 0.01389
4 0.4651 0.36389 0.00833 0.01296
4 0.46719 0.35694 0.00729 0.01204
4 0.46849 0.35 0.00677 0.01111
4 0.47109 0.34444 0.00677 0.01111
4 0.49401 0.3662 0.00781 0.01574
4 0.51354 0.37546 0.00729 0.01389
4 0.52266 0.38148 0.00677 0.01481
4 0.53125 0.3838 0.00729 0.01389
4 0.5349 0.37083 0.00729 0.01389
4 0.53125 0.35972 0.00625 0.01204
4 0.53932 0.35833 0.00677 0.01296
4 0.52396 0.37037 0.00729 0.01296
4 0.52344 0.35972 0.00729 0.01204
4 0.5151 0.35833 0.00625 0.01296
4 0.50417 0.35833 0.00729 0.01296
4 0.49583 0.34537 0.00729 0.01296
4 0.50547 0.34028 0.00677 0.01204
4 0.49271 0.32315 0.00729 0.01111
0 0.47396 0.30602 0.02187 0.05833
4 0.51771 0.3338 0.00729 0.01204
0 0.53724 0.29028 0.03073 0.125
0 0.49167 0.24537 0.06146 0.08889
