4 0.46276 0.67824 0.0401 0.06944
4 0.43828 0.7037 0.03906 0.06667
4 0.48568 0.6588 0.03385 0.06389
10 0.40651 0.72963 0.0151 0.02778
7 0.50313 0.6287 0.01875 0.03333
8 0.62396 0.52454 0.02292 0.04352
10 0.64271 0.51481 0.02187 0.03333
4 0.7138 0.2213 0.02448 0.03148
4 0.72682 0.26898 0.03385 0.03426
4 0.74818 0.24954 0.03073 0.03056
4 0.77161 0.20694 0.02448 0.03056
4 0.75052 0.18704 0.02292 0.02963
6 0.62266 0.09583 0.05052 0.04167
4 0.54479 0.0662 0.01771 0.02685
4 0.80391 0.02963 0.01406 0.02407
4 0.78802 0.02269 0.01458 0.025
4 0.77422 0.02037 0.0151 0.02407
5 0.74245 0.0088 0.01406 0.01759
4 0.52396 0.0537 0.01979 0.02407
5 0.29818 0.83519 0.0349 0.08889
4 0.1388 0.61481 0.04635 0.05185
4 0.08255 0.53611 0.04635 0.06111
4 0.05964 0.28565 0.0224 0.04167
4 0.03698 0.29306 0.02292 0.04167
7 0.02005 0.2625 0.03177 0.03241
4 0.77734 0.40278 0.03802 0.04259
4 0.79036 0.39259 0.0401 0.04259
4 0.80391 0.3838 0.03698 0.04167
10 0.86068 0.02639 0.00885 0.01019
4 0.89297 0.01157 0.0224 0.02315
