4 0.51036 0.85857 0.04786 0.14762
4 0.66107 0.92238 0.05214 0.15333
4 0.5825 0.75476 0.04643 0.13048
4 0.72107 0.6481 0.04071 0.15143
4 0.65321 0.60048 0.04786 0.14762
4 0.48964 0.56476 0.045 0.14095
4 0.71643 0.26 0.04571 0.1581
4 0.645 0.37048 0.04 0.13905
4 0.41214 0.2881 0.04429 0.14
4 0.48607 0.18286 0.04786 0.15238
4 0.41036 0.06095 0.04214 0.12
2 0.29143 0.1381 0.01429 0.0419
2 0.24036 0.17048 0.01786 0.03238
2 0.07107 0.44571 0.02214 0.02476
2 0.13893 0.51952 0.025 0.02
2 0.13893 0.48048 0.02214 0.02
10 0.24179 0.18762 0.015 0.03238
10 0.29571 0.15952 0.01714 0.03714
10 0.09036 0.45 0.02786 0.02571
10 0.15679 0.47952 0.03071 0.02
10 0.15321 0.51857 0.02643 0.02
2 0.20821 0.73619 0.015 0.02476
3 0.22286 0.73 0.01714 0.05238
0 0.31607 0.71143 0.025 0.04762
0 0.31393 0.86429 0.02214 0.05619
0 0.32821 0.96667 0.02071 0.05524
0 0.28071 0.62095 0.01714 0.04762
0 0.29464 0.50095 0.04071 0.05714
0 0.22964 0.29714 0.05929 0.10476
0 0.18964 0.11238 0.025 0.06476
