4 0.53429 0.50905 0.03714 0.08286
4 0.505 0.49619 0.03857 0.0819
4 0.39107 0.54667 0.04071 0.08762
4 0.36107 0.52762 0.03786 0.08
4 0.26607 0.48857 0.03929 0.08381
4 0.23464 0.47667 0.03643 0.07714
4 0.17643 0.45143 0.03857 0.08381
4 0.14214 0.43905 0.03857 0.06857
4 0.11036 0.42333 0.03929 0.07905
4 0.07893 0.41333 0.04357 0.0781
4 0.255 0.39381 0.04143 0.07333
4 0.22929 0.38143 0.03429 0.07905
4 0.19679 0.3681 0.03643 0.07524
4 0.16393 0.35429 0.03929 0.08
4 0.135 0.34333 0.03857 0.08095
4 0.10679 0.33333 0.04071 0.0819
4 0.07607 0.3219 0.045 0.08952
4 0.04857 0.31048 0.03857 0.08762
4 0.01893 0.29286 0.03786 0.07905
4 0.38107 0.4419 0.04214 0.07429
4 0.41429 0.45762 0.03857 0.07333
4 0.44893 0.46857 0.03643 0.08762
4 0.47321 0.48476 0.04071 0.09333
4 0.68393 0.36857 0.09071 0.06667
4 0.26607 0.19 0.08786 0.06571
6 0.79357 0.25667 0.16571 0.10952
5 0.79357 0.17571 0.06286 0.04095
4 0.95929 0.17762 0.06143 0.04857
4 0.92357 0.07619 0.02857 0.07238
6 0.76536 0.08381 0.15786 0.10667
