4 0.13672 0.1963 0.01302 0.04074
4 0.15026 0.36296 0.01406 0.04815
4 0.14479 0.01806 0.01458 0.03611
1 0.08307 0.32222 0.00885 0.01481
1 0.0375 0.43333 0.00833 0.01111
1 0.02682 0.44676 0.00885 0.01019
1 0.02161 0.45694 0.00573 0.00648
1 0.02917 0.46065 0.00833 0.01019
1 0.02474 0.46481 0.00885 0.01111
10 0.12995 0.7625 0.00781 0.02685
4 0.43099 0.92315 0.01823 0.06111
6 0.40573 0.625 0.01667 0.05185
4 0.43646 0.15648 0.01354 0.04259
4 0.68568 0.56898 0.01615 0.05648
4 0.70104 0.56991 0.01458 0.05093
6 0.71875 0.57454 0.02083 0.0713
4 0.71589 0.67824 0.02656 0.02685
10 0.65443 0.6963 0.01823 0.01111
10 0.64687 0.71157 0.01562 0.01389
10 0.65938 0.71481 0.01354 0.01667
1 0.48177 0.93426 0.00625 0.01667
1 0.47135 0.8662 0.00521 0.01204
1 0.47031 0.82546 0.00417 0.01204
1 0.47448 0.82407 0.00521 0.01296
1 0.47708 0.86296 0.00521 0.00926
1 0.47552 0.87546 0.00521 0.01019
1 0.47943 0.87824 0.00365 0.01019
1 0.46797 0.75648 0.00469 0.00926
10 0.48698 0.63565 0.00521 0.02315
10 0.46927 0.59722 0.0125 0.00926
10 0.46536 0.55648 0.01406 0.01111
10 0.4638 0.54491 0.01406 0.01019
10 0.46016 0.51157 0.01406 0.01204
3 0.45495 0.48426 0.01094 0.00926
3 0.45469 0.46852 0.00937 0.00926
3 0.45339 0.45787 0.00885 0.00833
3 0.42474 0.41528 0.00469 0.01019
3 0.43021 0.40972 0.00417 0.01389
10 0.40078 0.35278 0.00677 0.01852
10 0.44688 0.29722 0.00521 0.01852
10 0.45182 0.28333 0.00365 0.02037
1 0.42214 0.18472 0.00573 0.01204
1 0.41328 0.18796 0.00469 0.01296
1 0.41901 0.2875 0.00365 0.01204
1 0.41641 0.28148 0.00365 0.01111
1 0.40807 0.25463 0.00469 0.01296
1 0.4099 0.23287 0.00313 0.01204
1 0.40625 0.23009 0.00313 0.01204
1 0.39583 0.22361 0.00521 0.01574
1 0.40365 0.20926 0.00417 0.01481
1 0.4 0.20556 0.00313 0.01296
1 0.40521 0.18704 0.00417 0.01481
1 0.39323 0.1838 0.00417 0.01389
1 0.44036 0.35417 0.00469 0.01019
1 0.45937 0.34676 0.00521 0.01019
1 0.44531 0.38426 0.00208 0.00926
7 0.44792 0.34583 0.00937 0.03241
7 0.45052 0.38056 0.00833 0.02778
8 0.45182 0.41898 0.01198 0.03611
10 0.48568 0.34167 0.00885 0.02778
1 0.39193 0.34769 0.00365 0.01204
1 0.375 0.22639 0.00417 0.01019
1 0.37109 0.24398 0.00469 0.01389
1 0.38099 0.23194 0.00469 0.01389
1 0.38229 0.22731 0.00417 0.01389
1 0.37292 0.24028 0.00417 0.01204
1 0.38255 0.07083 0.0026 0.01389
10 0.32422 0.10185 0.00573 0.02037
1 0.33411 0.19259 0.00365 0.01667
1 0.32083 0.23102 0.00417 0.01204
1 0.32214 0.21481 0.00469 0.01296
1 0.32057 0.22731 0.00365 0.01019
1 0.31797 0.20787 0.0026 0.00833
1 0.31589 0.21157 0.00469 0.01204
