6 0.67015 0.73655 0.20355 0.23191
6 0.89144 0.58488 0.0929 0.08256
6 0.77871 0.5051 0.03236 0.03989
6 0.81524 0.43878 0.10021 0.05937
6 0.85856 0.33024 0.05741 0.04638
8 0.54619 0.92393 0.06733 0.13173
5 0.24582 0.84972 0.05324 0.07607
4 0.21399 0.8372 0.06054 0.08071
7 0.04697 0.77134 0.02401 0.04731
1 0.00809 0.79314 0.01305 0.03525
2 0.00391 0.80334 0.00783 0.02412
8 0.12082 0.68228 0.02244 0.0436
1 0.07855 0.59276 0.00887 0.02968
1 0.09003 0.58534 0.00992 0.02968
7 0.08481 0.59601 0.01514 0.03989
2 0.05715 0.47171 0.01096 0.02134
7 0.05271 0.47913 0.03236 0.0269
7 0.06524 0.50603 0.01983 0.03432
4 0.09264 0.47263 0.04645 0.03432
4 0.06185 0.46243 0.04645 0.03061
4 0.08559 0.4397 0.03653 0.03154
4 0.07594 0.43414 0.02871 0.02412
4 0.06498 0.42996 0.04228 0.03618
5 0.06028 0.40955 0.04958 0.03989
7 0.0715 0.35622 0.01879 0.02041
7 0.14796 0.34462 0.01305 0.0269
5 0.03132 0.34462 0.03445 0.01948
4 0.02923 0.33859 0.03653 0.01855
4 0.02427 0.33071 0.03288 0.02134
5 0.01983 0.31911 0.02714 0.02226
1 0.03914 0.31772 0.00731 0.01948
4 0.01409 0.30334 0.02818 0.02041
5 0.01279 0.31215 0.02453 0.02134
4 0.01044 0.29082 0.01983 0.01763
8 0.01879 0.25696 0.01775 0.02412
8 0.0428 0.26206 0.02401 0.02876
8 0.04515 0.24629 0.01722 0.01948
4 0.06942 0.26577 0.01566 0.02134
10 0.00992 0.17532 0.00418 0.00742
2 0.00913 0.17208 0.00365 0.00649
0 0.03392 0.1897 0.01044 0.01206
4 0.15397 0.27319 0.01566 0.02319
1 0.2059 0.44573 0.00783 0.02505
8 0.19624 0.43878 0.01983 0.03525
1 0.1798 0.50881 0.01096 0.03061
2 0.17093 0.53108 0.00992 0.02319
10 0.17249 0.53711 0.01618 0.02041
1 0.19781 0.54314 0.01148 0.03061
5 0.20251 0.63822 0.05741 0.0538
4 0.21816 0.65724 0.05428 0.04731
4 0.22547 0.68043 0.05428 0.04917
8 0.22625 0.71243 0.04228 0.04824
4 0.25287 0.73933 0.05898 0.05937
7 0.2727 0.75325 0.03706 0.04453
8 0.30245 0.82792 0.04228 0.06215
10 0.31394 0.85946 0.03184 0.03803
4 0.29619 0.97263 0.06315 0.05288
2 0.36639 0.68367 0.01148 0.02041
2 0.37265 0.67347 0.01148 0.02226
11 0.42249 0.7064 0.11117 0.17347
10 0.79958 0.52876 0.01148 0.02783
2 0.81628 0.72727 0.00626 0.0167
2 0.81863 0.7282 0.01096 0.02226
2 0.82333 0.73516 0.01096 0.01948
10 0.81707 0.73006 0.02244 0.03154
2 0.82046 0.71846 0.00626 0.02319
2 0.8155 0.70965 0.00992 0.02783
10 0.81367 0.71289 0.02192 0.02876
1 0.98852 0.6679 0.01253 0.03525
1 0.98199 0.66327 0.012 0.03525
11 0.88283 0.65584 0.07046 0.09276
10 0.85882 0.5 0.00887 0.02412
10 0.87161 0.51994 0.01879 0.01948
4 0.92197 0.30056 0.02453 0.03154
4 0.8917 0.30241 0.02975 0.02597
1 0.82881 0.31215 0.00626 0.01577
1 0.78653 0.29963 0.00418 0.01484
2 0.78471 0.29685 0.0047 0.00742
1 0.77688 0.29453 0.0047 0.01577
1 0.7714 0.29592 0.00418 0.01484
1 0.7714 0.29314 0.00313 0.01484
1 0.77505 0.29174 0.00313 0.01391
7 0.76722 0.32792 0.02088 0.01948
4 0.72938 0.35297 0.03079 0.0269
8 0.66728 0.33024 0.01931 0.02412
10 0.64666 0.3205 0.01148 0.01763
1 0.61143 0.34555 0.00678 0.01577
4 0.64118 0.35714 0.03079 0.02597
8 0.63022 0.38683 0.02244 0.02968
5 0.70016 0.44481 0.03497 0.03432
11 0.69468 0.41929 0.0428 0.05195
11 0.68346 0.39239 0.04645 0.04453
2 0.58116 0.43182 0.00783 0.02134
4 0.60073 0.42764 0.03445 0.02968
10 0.58064 0.34091 0.00574 0.01577
10 0.57542 0.32468 0.00678 0.01113
7 0.56837 0.35204 0.01775 0.01577
8 0.54332 0.37894 0.0261 0.0269
8 0.54697 0.35343 0.01983 0.02783
8 0.48852 0.36085 0.01983 0.02597
10 0.45694 0.34137 0.01096 0.0167
10 0.44624 0.36085 0.00835 0.01299
2 0.44546 0.35668 0.00574 0.01948
7 0.42041 0.37199 0.01827 0.02968
7 0.42928 0.33349 0.01722 0.0269
2 0.41884 0.33627 0.0047 0.01206
10 0.41832 0.33998 0.00574 0.01206
10 0.40031 0.34184 0.01148 0.01577
2 0.37474 0.33488 0.00418 0.00928
10 0.36143 0.28942 0.00574 0.01299
8 0.2453 0.50186 0.02192 0.03711
1 0.25235 0.48933 0.00783 0.02505
10 0.25339 0.49583 0.00992 0.01948
2 0.27244 0.47403 0.00939 0.01855
2 0.27244 0.46336 0.00835 0.01948
2 0.28758 0.46521 0.00731 0.02505
7 0.26905 0.48006 0.02557 0.02134
10 0.27166 0.46846 0.01618 0.01855
10 0.28914 0.46892 0.01461 0.01763
11 0.67015 0.4949 0.03445 0.09184
10 0.21164 0.49814 0.01722 0.01855
2 0.20929 0.49212 0.00835 0.01763
6 0.26122 0.34462 0.0715 0.09555
4 0.27923 0.33534 0.02192 0.03247
4 0.28471 0.27968 0.01931 0.02134
6 0.19624 0.28664 0.03967 0.05566
11 0.18737 0.2282 0.04071 0.04824
4 0.15423 0.20455 0.01305 0.01948
4 0.19363 0.20176 0.02192 0.01391
2 0.27401 0.26902 0.00522 0.01299
10 0.27375 0.27273 0.00992 0.01299
10 0.28784 0.26345 0.0047 0.01299
6 0.09029 0.18924 0.02505 0.04453
4 0.10778 0.16929 0.01096 0.01763
4 0.09629 0.15445 0.012 0.01391
4 0.06133 0.1308 0.00992 0.01484
2 0.13909 0.17022 0.00365 0.0102
10 0.13857 0.17115 0.0047 0.0102
6 0.06446 0.15631 0.01722 0.03061
4 0.06133 0.13126 0.00887 0.01206
0 0.07516 0.14332 0.01148 0.01391
6 0.03627 0.109 0.01931 0.0269
6 0.02062 0.09508 0.01514 0.02134
6 0.00783 0.10158 0.01461 0.0269
2 0.05793 0.10807 0.00313 0.00649
10 0.05872 0.11039 0.00365 0.00742
10 0.05324 0.08952 0.00313 0.00464
2 0.0535 0.08766 0.00261 0.00649
8 0.1083 0.1257 0.00887 0.01391
8 0.27844 0.23377 0.00992 0.0167
8 0.26461 0.24304 0.00939 0.01484
0 0.25261 0.23701 0.01148 0.01206
4 0.22704 0.17718 0.0167 0.01299
4 0.22077 0.1744 0.0167 0.01299
5 0.2179 0.17115 0.01514 0.01577
4 0.2119 0.16929 0.01461 0.01391
4 0.20433 0.16419 0.02035 0.01299
6 0.2012 0.15353 0.02871 0.02134
4 0.19442 0.1577 0.01618 0.01484
5 0.1905 0.15353 0.01357 0.01577
4 0.18476 0.15399 0.01253 0.01484
4 0.18319 0.15213 0.01357 0.01299
4 0.17928 0.15167 0.01409 0.01577
5 0.17171 0.14054 0.01253 0.01206
11 0.17432 0.14471 0.01148 0.01299
5 0.23304 0.16327 0.01722 0.02226
5 0.22886 0.16002 0.02035 0.02319
4 0.22156 0.15955 0.01514 0.01484
4 0.23043 0.14981 0.01305 0.01206
4 0.25052 0.15399 0.01148 0.01484
4 0.21581 0.15353 0.012 0.01577
8 0.32229 0.15724 0.00992 0.01391
8 0.31002 0.15955 0.01148 0.0167
8 0.30089 0.16234 0.00887 0.0167
8 0.29593 0.15863 0.00939 0.0167
0 0.25391 0.14007 0.07359 0.03154
0 0.1999 0.10993 0.0334 0.02505
0 0.23121 0.11874 0.01357 0.00928
0 0.19807 0.13776 0.02035 0.01391
0 0.17563 0.10297 0.01409 0.0167
4 0.17249 0.12987 0.01618 0.01113
4 0.15527 0.13312 0.01618 0.01206
11 0.15292 0.12477 0.02296 0.01948
5 0.17223 0.1257 0.01357 0.01206
4 0.14509 0.12755 0.01253 0.01206
4 0.14014 0.12384 0.01409 0.01391
4 0.13257 0.11827 0.01775 0.01206
4 0.12578 0.11364 0.0167 0.0102
4 0.119 0.11224 0.01253 0.01113
4 0.1096 0.10622 0.01566 0.0102
5 0.14066 0.11039 0.01409 0.01299
4 0.13257 0.10761 0.01253 0.00928
4 0.12787 0.10482 0.01148 0.01113
4 0.12474 0.10343 0.01148 0.01206
4 0.12317 0.10111 0.01253 0.00928
5 0.10569 0.10297 0.01514 0.01113
4 0.09943 0.10111 0.01618 0.00928
4 0.09943 0.09694 0.01305 0.0102
4 0.12056 0.09694 0.01148 0.0102
0 0.14796 0.09045 0.03706 0.0269
0 0.0715 0.07282 0.05846 0.03247
0 0.02349 0.05659 0.03445 0.04638
