10 0.13714 0.9519 0.03429 0.03143
10 0.0325 0.90429 0.03071 0.05238
10 0.00679 0.90381 0.01357 0.0381
10 0.01571 0.88667 0.02286 0.04
10 0.08107 0.83048 0.015 0.0419
10 0.11571 0.82381 0.02143 0.04381
10 0.10321 0.80952 0.01786 0.0419
2 0.01214 0.83 0.01286 0.0181
2 0.02643 0.83048 0.01429 0.02286
2 0.03107 0.81667 0.01786 0.02
2 0.0275 0.80619 0.01357 0.02
2 0.01393 0.81095 0.015 0.02
2 0.05393 0.79905 0.01929 0.01905
2 0.0675 0.79381 0.01214 0.01619
2 0.08214 0.7781 0.01857 0.02095
2 0.07036 0.77429 0.015 0.01905
2 0.05286 0.79 0.01571 0.01429
2 0.04536 0.78048 0.01357 0.01619
1 0.06214 0.74429 0.01429 0.02
2 0.11214 0.7519 0.01 0.01429
1 0.27964 0.66095 0.01214 0.02476
2 0.26107 0.58857 0.00929 0.01524
4 0.32821 0.67571 0.05357 0.07714
10 0.30286 0.59143 0.02286 0.02286
10 0.28179 0.57619 0.025 0.02095
10 0.27643 0.56619 0.02429 0.0219
3 0.32357 0.5219 0.01571 0.02286
1 0.38643 0.46 0.00571 0.01524
1 0.31536 0.49 0.01071 0.01619
10 0.44357 0.47095 0.02143 0.02
10 0.45357 0.4181 0.01571 0.02286
10 0.49571 0.52476 0.02143 0.01714
10 0.50107 0.51286 0.02357 0.02571
10 0.50929 0.50571 0.02429 0.02286
10 0.51607 0.49429 0.02214 0.02095
10 0.52286 0.48667 0.02286 0.02667
2 0.45929 0.40048 0.01 0.01619
2 0.46714 0.40095 0.00714 0.01333
10 0.50536 0.35143 0.01357 0.01905
1 0.5325 0.37857 0.00643 0.0219
7 0.54714 0.37762 0.03 0.04476
1 0.52464 0.29714 0.00786 0.01905
10 0.54929 0.29476 0.01429 0.0181
1 0.55143 0.28857 0.00714 0.01905
4 0.61464 0.2481 0.04071 0.02952
4 0.65393 0.2081 0.03929 0.02952
4 0.66821 0.33333 0.04643 0.03429
4 0.73643 0.25429 0.04 0.0381
9 0.61536 0.67524 0.05786 0.20762
4 0.8125 0.69667 0.04929 0.08286
6 0.72929 0.56524 0.13143 0.2181
4 0.82714 0.40143 0.03429 0.04476
6 0.88143 0.28238 0.07286 0.11714
10 0.77036 0.31905 0.01357 0.02095
2 0.7725 0.31381 0.00929 0.02
2 0.82857 0.23952 0.00857 0.01619
10 0.82857 0.24286 0.01286 0.01905
10 0.89357 0.14905 0.01143 0.0181
2 0.89536 0.14143 0.00929 0.01429
6 0.79857 0.22 0.07286 0.10286
6 0.84607 0.15571 0.05786 0.08476
4 0.94857 0.17619 0.02571 0.02667
6 0.975 0.10524 0.05 0.09619
4 0.89143 0.09571 0.02286 0.02571
6 0.92464 0.05238 0.035 0.04952
6 0.94714 0.02333 0.04 0.04667
8 0.76321 0.11143 0.02071 0.02286
6 0.75929 0.10048 0.03286 0.02571
10 0.7375 0.0919 0.01214 0.01619
6 0.78893 0.0781 0.04929 0.04
4 0.80786 0.04048 0.03143 0.02
10 0.82429 0.02524 0.01571 0.01238
3 0.81929 0.02238 0.01429 0.01238
1 0.34429 0.83095 0.00857 0.01429
1 0.35464 0.83 0.01071 0.02381
10 0.37357 0.78143 0.02571 0.03143
2 0.37286 0.77952 0.01857 0.02762
10 0.58893 0.90571 0.025 0.04571
2 0.59143 0.90429 0.02 0.03333
