2 0.35156 0.28194 0.00208 0.00463
10 0.35208 0.28333 0.00313 0.00741
1 0.34922 0.30509 0.00365 0.00648
1 0.34714 0.31111 0.0026 0.00556
1 0.34479 0.31065 0.00313 0.00833
4 0.37214 0.21898 0.0026 0.00463
4 0.37057 0.22454 0.0026 0.00463
4 0.37188 0.23657 0.00417 0.00833
5 0.36823 0.23611 0.00313 0.00556
5 0.36432 0.25231 0.00365 0.01019
4 0.36016 0.2463 0.0026 0.00741
4 0.35469 0.26574 0.00417 0.00926
1 0.35625 0.25833 0.00208 0.00556
5 0.38359 0.25231 0.00469 0.01019
4 0.38333 0.26852 0.00521 0.01111
4 0.39635 0.27037 0.00729 0.01481
4 0.40625 0.25602 0.00729 0.01204
4 0.41563 0.27176 0.00937 0.01944
4 0.39687 0.29861 0.01146 0.0213
4 0.41172 0.29583 0.01094 0.0213
4 0.38646 0.33843 0.01042 0.02315
4 0.40417 0.35509 0.01667 0.03426
4 0.42656 0.36389 0.01667 0.03519
4 0.36172 0.39444 0.01302 0.03148
4 0.35885 0.42361 0.01458 0.03241
4 0.31641 0.34306 0.00885 0.01574
4 0.3026 0.39213 0.0125 0.01759
2 0.30365 0.4463 0.00521 0.00741
3 0.30495 0.45093 0.00573 0.01111
1 0.30651 0.41528 0.00573 0.01204
4 0.27005 0.47917 0.01615 0.01759
4 0.35625 0.45509 0.01667 0.03981
4 0.32161 0.46806 0.0151 0.03241
1 0.31458 0.53472 0.00937 0.01944
1 0.33698 0.53194 0.0125 0.02685
1 0.29557 0.55509 0.0099 0.01759
4 0.31719 0.49815 0.01458 0.03704
4 0.33229 0.49907 0.01562 0.04444
4 0.34818 0.50509 0.02031 0.05093
4 0.3276 0.54676 0.01771 0.05093
4 0.30964 0.54074 0.01927 0.0463
4 0.29557 0.59583 0.0224 0.05833
4 0.27057 0.63935 0.02344 0.06204
1 0.23906 0.65046 0.01146 0.01944
5 0.19427 0.69167 0.025 0.0463
4 0.16042 0.69815 0.02292 0.03333
4 0.13307 0.72963 0.02135 0.03704
1 0.1388 0.74815 0.00885 0.01481
1 0.13672 0.75093 0.00781 0.01296
1 0.14297 0.74537 0.00781 0.01111
1 0.13073 0.75231 0.00937 0.01019
1 0.11172 0.8162 0.0099 0.01759
1 0.12422 0.76435 0.01198 0.01389
6 0.10703 0.77546 0.04323 0.075
4 0.0901 0.8787 0.02813 0.03889
6 0.07786 0.91528 0.03698 0.05833
4 0.11693 0.89769 0.02969 0.04537
4 0.1237 0.94537 0.03073 0.0537
4 0.38698 0.56991 0.02708 0.06574
4 0.38698 0.74028 0.03958 0.1213
4 0.43698 0.68333 0.03958 0.11852
5 0.51641 0.74306 0.06823 0.16204
1 0.6237 0.24815 0.01406 0.04259
4 0.68802 0.28287 0.08229 0.09352
