5 0.06745 0.83519 0.1349 0.27407
4 0.09115 0.91944 0.11146 0.10556
4 0.29036 0.78287 0.10365 0.19167
4 0.38203 0.78843 0.09948 0.175
4 0.45599 0.61343 0.06719 0.13611
4 0.39141 0.575 0.07448 0.12963
4 0.37786 0.50648 0.07135 0.11111
4 0.15677 0.56759 0.08021 0.11852
4 0.10234 0.51157 0.08594 0.09722
4 0.19427 0.40139 0.06667 0.06944
4 0.24297 0.35093 0.0599 0.05185
4 0.02187 0.44583 0.04375 0.06944
4 0.05339 0.41296 0.05781 0.06667
4 0.08464 0.37778 0.05885 0.06852
4 0.11641 0.35833 0.05573 0.06296
4 0.1487 0.33935 0.05781 0.05463
4 0.17734 0.31667 0.05469 0.0537
4 0.19818 0.29444 0.04948 0.06111
1 0.12865 0.3912 0.01146 0.03796
3 0.20859 0.42593 0.02135 0.03148
3 0.19479 0.43102 0.01771 0.02685
9 0.22552 0.52176 0.18333 0.28426
9 0.60964 0.53241 0.1026 0.31111
9 0.38125 0.31435 0.10312 0.16574
9 0.48984 0.11481 0.0974 0.06852
6 0.37865 0.42176 0.07604 0.10833
4 0.44609 0.31852 0.04115 0.06481
4 0.50156 0.30278 0.04063 0.06667
4 0.58177 0.33333 0.0375 0.06481
4 0.7026 0.44167 0.05312 0.11481
4 0.63073 0.22731 0.03438 0.04907
4 0.53776 0.23056 0.03594 0.04815
4 0.56536 0.18102 0.0276 0.04722
4 0.51536 0.17546 0.03385 0.04167
4 0.4513 0.2213 0.02135 0.04815
5 0.49375 0.24074 0.03229 0.05741
2 0.4474 0.25648 0.00729 0.02407
3 0.44766 0.27176 0.01302 0.0213
1 0.71719 0.22778 0.01146 0.03889
2 0.62786 0.16574 0.00469 0.02778
3 0.62786 0.17315 0.01719 0.02222
4 0.60286 0.11759 0.02135 0.02778
4 0.63385 0.06759 0.01667 0.02593
4 0.61042 0.0713 0.01667 0.03333
4 0.5625 0.09954 0.02083 0.0287
4 0.58568 0.07639 0.01823 0.02685
4 0.59557 0.0625 0.01406 0.02685
4 0.60807 0.04352 0.0151 0.02407
4 0.62917 0.01806 0.01458 0.02315
1 0.61589 0.01713 0.00469 0.01759
1 0.57891 0.0588 0.00573 0.0213
1 0.56536 0.08009 0.00677 0.01944
4 0.67526 0.02407 0.0151 0.02778
4 0.65208 0.0088 0.01042 0.01759
2 0.4849 0.13889 0.00625 0.01852
2 0.47448 0.15417 0.00729 0.025
3 0.48646 0.14537 0.00521 0.01296
3 0.475 0.16204 0.01667 0.01852
1 0.42031 0.1787 0.00729 0.02407
4 0.39583 0.17176 0.03646 0.03241
4 0.39297 0.13426 0.03281 0.03519
4 0.41901 0.10463 0.02552 0.02593
4 0.38568 0.09398 0.02656 0.0213
1 0.40208 0.09537 0.00521 0.02593
2 0.39687 0.09676 0.00521 0.01759
1 0.4474 0.09769 0.00521 0.0213
1 0.46953 0.05787 0.00469 0.02315
1 0.50938 0.02963 0.00313 0.01296
1 0.50234 0.03287 0.0026 0.01574
4 0.44401 0.06574 0.02135 0.02222
4 0.43333 0.06019 0.02396 0.02593
4 0.41953 0.0588 0.01927 0.02315
5 0.4138 0.05278 0.02135 0.02593
4 0.3987 0.05417 0.01719 0.02315
5 0.38516 0.05 0.02448 0.02963
5 0.37083 0.04907 0.01979 0.02222
1 0.42448 0.08194 0.00417 0.0213
1 0.41042 0.07778 0.00521 0.02407
4 0.36198 0.04676 0.02083 0.0213
4 0.35104 0.04491 0.01979 0.01574
5 0.35365 0.06481 0.02187 0.02593
4 0.36589 0.08519 0.02552 0.02222
4 0.31797 0.06898 0.0224 0.0213
1 0.34245 0.0787 0.00469 0.02037
1 0.3401 0.07917 0.00625 0.01944
1 0.33698 0.04954 0.00417 0.01759
1 0.33385 0.05 0.00417 0.01667
1 0.33099 0.05139 0.00365 0.01944
1 0.32292 0.05139 0.00521 0.01759
1 0.31823 0.05046 0.00313 0.01574
4 0.32917 0.04074 0.02083 0.01852
4 0.32422 0.03657 0.01927 0.01944
4 0.3151 0.03472 0.02083 0.01574
5 0.28646 0.03009 0.01875 0.01759
1 0.31094 0.02546 0.00417 0.01574
2 0.30625 0.02778 0.00521 0.01111
4 0.30833 0.05278 0.02083 0.02222
4 0.29401 0.06065 0.02031 0.01944
4 0.29271 0.04537 0.01771 0.01667
1 0.26484 0.03704 0.00469 0.01667
2 0.25703 0.03889 0.00573 0.01667
1 0.24948 0.03056 0.00208 0.01296
10 0.2513 0.04213 0.00781 0.01019
10 0.25 0.03241 0.00729 0.00741
1 0.23229 0.04398 0.00521 0.01759
4 0.22214 0.03889 0.01823 0.01667
4 0.21953 0.06528 0.0224 0.01944
0 0.21458 0.02593 0.00937 0.01296
4 0.19323 0.02083 0.01875 0.01759
5 0.26562 0.08009 0.02187 0.02685
4 0.28125 0.09954 0.02292 0.02315
4 0.29063 0.11898 0.025 0.02685
4 0.30677 0.11204 0.02187 0.02593
4 0.3125 0.10278 0.025 0.02593
4 0.29089 0.09306 0.0224 0.025
2 0.28932 0.13102 0.00469 0.01759
2 0.31901 0.14167 0.00573 0.01852
1 0.31276 0.15833 0.00677 0.02222
10 0.32057 0.14769 0.0099 0.01389
10 0.28958 0.13565 0.01042 0.01944
4 0.27187 0.18935 0.03125 0.03056
4 0.24609 0.19213 0.03177 0.0287
4 0.23307 0.18935 0.03385 0.03426
4 0.23099 0.17639 0.0349 0.025
5 0.21589 0.14815 0.04323 0.03333
