4 0.08672 0.04861 0.0151 0.0287
4 0.10859 0.16944 0.02135 0.04259
4 0.13437 0.21389 0.01771 0.04259
1 0.18542 0.05231 0.00417 0.01944
1 0.07943 0.32731 0.00885 0.0213
1 0.06563 0.3963 0.00937 0.02222
1 0.1349 0.41435 0.00833 0.0213
11 0.18828 0.4162 0.03177 0.05648
4 0.2151 0.34583 0.03021 0.04722
4 0.15182 0.35046 0.02031 0.05463
2 0.19974 0.3088 0.00573 0.01019
5 0.28958 0.3787 0.03854 0.0537
10 0.10729 0.28935 0.01042 0.01759
10 0.09062 0.41296 0.01979 0.01296
10 0.08906 0.42407 0.02292 0.00741
10 0.13099 0.32037 0.00885 0.02407
10 0.11172 0.25694 0.01094 0.01389
10 0.09688 0.37361 0.01458 0.01944
10 0.09115 0.36806 0.01562 0.01389
10 0.10182 0.2537 0.0099 0.01111
1 0.09635 0.25833 0.00625 0.01667
2 0.13047 0.31157 0.00677 0.01204
2 0.12839 0.45417 0.00677 0.01204
10 0.11432 0.49907 0.00781 0.02593
10 0.12995 0.46019 0.0099 0.02037
2 0.1112 0.25417 0.00781 0.01389
2 0.10729 0.28287 0.00521 0.01204
2 0.10182 0.24815 0.00677 0.01111
1 0.09818 0.5162 0.01198 0.01944
1 0.0875 0.55926 0.00833 0.01667
4 0.11172 0.62546 0.03073 0.08241
10 0.19922 0.54722 0.01823 0.04259
2 0.19609 0.53843 0.00469 0.01204
9 0.27865 0.53889 0.08438 0.08889
4 0.20104 0.78472 0.05104 0.08056
10 0.05417 0.93194 0.01354 0.03426
10 0.0599 0.83056 0.01042 0.02778
10 0.06458 0.8037 0.00937 0.02778
10 0.01484 0.76852 0.02448 0.02778
10 0.02292 0.72593 0.01979 0.01852
10 0.02839 0.67315 0.02448 0.02037
5 0.08724 0.75556 0.03906 0.06667
5 0.1026 0.69907 0.03333 0.05185
1 0.06745 0.80833 0.0151 0.01111
10 0.01354 0.78889 0.01979 0.03889
10 0.0151 0.74907 0.02396 0.02593
10 0.02865 0.71019 0.01875 0.02407
10 0.02422 0.69306 0.01927 0.02315
10 0.05417 0.67083 0.01771 0.01759
10 0.03828 0.65 0.01719 0.01667
10 0.03828 0.63796 0.0224 0.01852
10 0.03646 0.62917 0.02292 0.01574
10 0.03646 0.61991 0.01875 0.01019
10 0.05182 0.60972 0.01302 0.01944
10 0.04271 0.60417 0.01667 0.01759
10 0.04089 0.59676 0.01302 0.01944
8 0.41615 0.05093 0.00937 0.02963
2 0.4138 0.05556 0.0026 0.01296
4 0.45547 0.07037 0.02448 0.01852
4 0.45677 0.08704 0.02396 0.02037
4 0.46849 0.01528 0.02865 0.0213
4 0.45365 0.10509 0.01875 0.0213
4 0.42891 0.21019 0.03073 0.02407
4 0.42552 0.22546 0.03333 0.02685
4 0.45781 0.06019 0.025 0.01667
10 0.41589 0.13843 0.00469 0.0213
4 0.4401 0.44537 0.02292 0.06111
4 0.40234 0.40972 0.02865 0.0287
1 0.41693 0.55741 0.00677 0.01852
10 0.36745 0.50093 0.00781 0.03333
4 0.35651 0.47593 0.02448 0.06852
5 0.36406 0.40324 0.01562 0.07685
5 0.54271 0.05324 0.02604 0.03426
10 0.41276 0.84259 0.0151 0.02778
1 0.40729 0.84954 0.00625 0.01204
4 0.52865 0.43704 0.0375 0.03519
4 0.53464 0.38611 0.03698 0.03519
4 0.53464 0.36065 0.03802 0.03611
4 0.53542 0.33704 0.03438 0.03519
4 0.5362 0.29537 0.03385 0.03148
4 0.53594 0.27269 0.03542 0.03056
