4 0.10256 0.44017 0.00887 0.01577
4 0.10177 0.40677 0.01044 0.01763
4 0.12839 0.44527 0.01775 0.02412
6 0.10073 0.36735 0.01566 0.03525
6 0.09916 0.33395 0.01253 0.02783
6 0.10177 0.30612 0.00731 0.01855
6 0.09134 0.26299 0.00731 0.01577
4 0.09395 0.24629 0.00313 0.00649
6 0.09499 0.21475 0.00418 0.00835
6 0.09473 0.20269 0.0047 0.00649
5 0.00287 0.33395 0.00574 0.01113
6 0.01879 0.27829 0.01148 0.0167
6 0.02062 0.2718 0.02871 0.0167
4 0.01148 0.27922 0.01253 0.01113
8 0.01357 0.2987 0.00626 0.00928
4 0.08716 0.24629 0.00418 0.00649
2 0.07777 0.30427 0.00209 0.00557
10 0.07803 0.30566 0.00261 0.00464
6 0.04358 0.2602 0.00887 0.02134
6 0.39718 0.91976 0.05219 0.08627
7 0.46033 0.98748 0.01983 0.02319
2 0.46399 0.99072 0.00835 0.0167
6 0.48878 0.90167 0.10699 0.19481
5 0.44494 0.72913 0.03288 0.04453
5 0.46999 0.7013 0.03184 0.03154
7 0.48904 0.68414 0.01357 0.02319
6 0.44729 0.68043 0.03549 0.03247
11 0.42432 0.70083 0.05846 0.05102
4 0.44389 0.65816 0.02871 0.02876
2 0.41597 0.63312 0.00626 0.01206
2 0.35517 0.74026 0.0047 0.01484
2 0.35412 0.73748 0.00574 0.01855
2 0.35308 0.73469 0.00678 0.0167
10 0.35334 0.74072 0.00835 0.02134
4 0.33455 0.78989 0.04906 0.03803
11 0.34995 0.81911 0.04645 0.0705
11 0.31942 0.74907 0.05219 0.05288
6 0.31576 0.73423 0.0428 0.05288
11 0.30506 0.70779 0.02662 0.03525
11 0.34916 0.67486 0.0261 0.07328
11 0.38126 0.64147 0.0214 0.02319
8 0.3737 0.62477 0.02505 0.0269
1 0.40684 0.58952 0.00574 0.01948
10 0.39953 0.5705 0.00992 0.01113
7 0.38283 0.57004 0.01827 0.01577
5 0.36848 0.55798 0.02296 0.02505
8 0.38935 0.53896 0.01357 0.02041
7 0.35125 0.51577 0.01253 0.01299
1 0.34838 0.51113 0.0047 0.01299
2 0.34264 0.50974 0.00574 0.01206
10 0.34342 0.51345 0.00626 0.01206
5 0.32124 0.50788 0.02035 0.01948
6 0.27296 0.64889 0.03653 0.0436
4 0.24739 0.58163 0.02923 0.02968
10 0.25078 0.54731 0.0047 0.01113
2 0.25026 0.5436 0.00365 0.01299
1 0.25 0.50232 0.00626 0.01577
7 0.24243 0.48516 0.00783 0.01484
7 0.28967 0.49814 0.01044 0.01113
10 0.28471 0.49351 0.01096 0.01113
2 0.31054 0.48609 0.00626 0.01299
4 0.31237 0.48052 0.02244 0.01855
10 0.31785 0.46939 0.00835 0.00928
8 0.30637 0.47078 0.01148 0.01391
7 0.30663 0.46104 0.01722 0.01299
7 0.28784 0.45918 0.01618 0.01299
7 0.27166 0.46243 0.01409 0.01763
4 0.21529 0.49443 0.01827 0.01855
7 0.27062 0.43924 0.01618 0.01391
4 0.25183 0.43553 0.02035 0.01391
6 0.27949 0.4295 0.01931 0.01484
6 0.2333 0.34694 0.01461 0.01113
6 0.15892 0.34601 0.01305 0.02783
4 0.15397 0.33442 0.01148 0.01206
4 0.15188 0.32792 0.01044 0.00835
4 0.15031 0.3205 0.00939 0.0102
4 0.18424 0.3154 0.01253 0.00742
4 0.19729 0.30937 0.01148 0.00835
4 0.1785 0.31354 0.00835 0.00742
4 0.17589 0.30612 0.00522 0.00928
4 0.14405 0.2667 0.00522 0.00649
6 0.16023 0.28803 0.00626 0.0102
4 0.1691 0.2667 0.00731 0.00649
5 0.1678 0.2616 0.00678 0.00557
0 0.09629 0.18506 0.01096 0.02319
0 0.17771 0.28479 0.0214 0.02412
0 0.14953 0.23469 0.02766 0.04638
0 0.13492 0.27737 0.012 0.06308
0 0.12735 0.21985 0.01253 0.03711
11 0.51331 0.72727 0.04645 0.06679
4 0.56028 0.8256 0.04436 0.03896
8 0.57829 0.78293 0.03445 0.03896
1 0.61326 0.82746 0.00522 0.02412
1 0.61848 0.83117 0.00626 0.02226
10 0.62396 0.83859 0.01096 0.0167
10 0.66519 0.92161 0.01305 0.02505
10 0.6798 0.92996 0.01409 0.02134
4 0.63753 0.93785 0.04332 0.05195
8 0.59603 0.968 0.03027 0.05659
4 0.65005 0.98145 0.04228 0.03525
