9 0.1138 0.04491 0.04948 0.08981
1 0.1474 0.125 0.00729 0.01481
1 0.14401 0.13657 0.00781 0.01574
1 0.11719 0.18241 0.00833 0.01481
1 0.15937 0.24722 0.00937 0.01481
4 0.02109 0.29444 0.0276 0.06111
9 0.0474 0.45185 0.05937 0.16296
1 0.23281 0.42407 0.00625 0.00926
6 0.25286 0.87083 0.0526 0.0713
6 0.24297 0.91065 0.05365 0.07315
8 0.26797 0.82824 0.02552 0.03241
6 0.26536 0.78843 0.0474 0.05463
4 0.33724 0.95417 0.03906 0.03611
10 0.35781 0.91944 0.00833 0.02778
1 0.30859 0.90324 0.00573 0.01389
1 0.28385 0.88426 0.00417 0.01481
1 0.31432 0.78333 0.00469 0.01296
2 0.29427 0.78565 0.00521 0.01019
1 0.30599 0.75972 0.00781 0.00833
8 0.29948 0.72778 0.02396 0.02037
1 0.30365 0.73704 0.00521 0.01667
1 0.31589 0.72176 0.00573 0.01389
1 0.32005 0.71389 0.00469 0.01296
1 0.27005 0.68519 0.00573 0.00741
1 0.28776 0.63704 0.0026 0.00556
1 0.29089 0.6213 0.00469 0.00926
1 0.33906 0.61019 0.00521 0.00926
1 0.37995 0.56713 0.00573 0.01019
5 0.36042 0.55972 0.02604 0.0787
5 0.45339 0.35139 0.01823 0.06204
5 0.47604 0.3338 0.025 0.0787
4 0.50911 0.31528 0.04115 0.03611
10 0.41354 0.38843 0.0125 0.0213
5 0.65417 0.27454 0.04063 0.03611
5 0.6 0.28889 0.04063 0.03704
5 0.63047 0.70139 0.01927 0.04537
4 0.63125 0.83704 0.03958 0.06111
8 0.28151 0.6338 0.01719 0.03056
