5 0.40571 0.8014 0.01714 0.03426
9 0.00571 0.69036 0.01143 0.02284
6 0.03179 0.60152 0.02786 0.0203
6 0.06714 0.55647 0.01571 0.03426
6 0.08321 0.49937 0.01357 0.03173
6 0.12536 0.50571 0.02643 0.02411
6 0.12321 0.51586 0.025 0.02411
5 0.03107 0.52094 0.01929 0.01396
6 0.0675 0.51967 0.02357 0.01904
4 0.05821 0.55838 0.01071 0.01777
4 0.05643 0.58376 0.01 0.0203
5 0.07143 0.57805 0.01286 0.02665
4 0.08036 0.5552 0.01214 0.01904
4 0.08429 0.58058 0.01143 0.02411
5 0.10893 0.55774 0.01214 0.02157
5 0.10071 0.55457 0.01286 0.02538
5 0.09143 0.5533 0.01429 0.02284
5 0.10036 0.51586 0.01786 0.0165
1 0.31786 0.25381 0.00143 0.01015
2 0.32643 0.24556 0.00286 0.00635
0 0.35 0.12944 0.00286 0.00761
0 0.45036 0.16878 0.00357 0.00761
5 0.375 0.30584 0.00857 0.01777
5 0.37821 0.31599 0.01214 0.01523
5 0.38071 0.3217 0.01286 0.01396
5 0.38357 0.32614 0.01143 0.01523
5 0.38607 0.33058 0.01357 0.01396
5 0.38714 0.33693 0.01429 0.0165
5 0.39036 0.34137 0.01357 0.01523
5 0.39321 0.34708 0.01214 0.0165
5 0.39571 0.35216 0.01286 0.0165
5 0.39786 0.35914 0.01286 0.01523
5 0.40143 0.36231 0.01429 0.0165
4 0.40714 0.375 0.01429 0.01396
5 0.41036 0.37944 0.01357 0.01523
9 0.43857 0.43591 0.01571 0.02157
5 0.34571 0.31662 0.01286 0.0165
9 0.34071 0.32107 0.01571 0.0203
9 0.33 0.33185 0.01714 0.02157
9 0.32429 0.33756 0.01429 0.0203
9 0.31429 0.35025 0.01571 0.0203
9 0.30357 0.36231 0.01571 0.02157
9 0.29357 0.37563 0.01714 0.0203
9 0.2875 0.38071 0.01643 0.0203
9 0.27964 0.38769 0.01643 0.02157
9 0.27357 0.3953 0.01714 0.01904
9 0.28071 0.41244 0.03857 0.03553
9 0.30071 0.45812 0.04 0.04061
9 0.32643 0.51777 0.03571 0.04061
9 0.33893 0.55013 0.035 0.0368
9 0.35429 0.58185 0.02571 0.04442
9 0.2825 0.68782 0.05357 0.03299
4 0.2325 0.64721 0.00786 0.02284
1 0.25643 0.73223 0.00286 0.01015
1 0.25893 0.73477 0.00214 0.01015
1 0.21643 0.75571 0.00286 0.01142
1 0.21679 0.75761 0.00214 0.01015
6 0.33714 0.36739 0.01857 0.02919
6 0.34393 0.38071 0.01786 0.02792
6 0.3475 0.38832 0.02071 0.03046
9 0.35 0.39784 0.02143 0.02919
6 0.355 0.40165 0.01714 0.02665
6 0.35857 0.40799 0.01857 0.02665
6 0.36143 0.41561 0.02 0.02919
6 0.36464 0.42386 0.01643 0.02284
9 0.36714 0.43211 0.01857 0.02665
6 0.3775 0.45431 0.02071 0.03046
6 0.38143 0.46256 0.02 0.03173
6 0.39179 0.48223 0.02071 0.03046
6 0.39929 0.48794 0.02429 0.03934
9 0.40429 0.4981 0.02 0.03173
9 0.38679 0.47272 0.02071 0.03173
5 0.41429 0.46637 0.01857 0.02411
9 0.40857 0.45812 0.01857 0.02538
9 0.40321 0.44987 0.01929 0.02411
9 0.39964 0.44289 0.01786 0.02538
9 0.35321 0.35914 0.01786 0.02284
9 0.35607 0.36358 0.01786 0.02157
9 0.36107 0.36929 0.01786 0.0203
9 0.365 0.37437 0.01714 0.02538
9 0.36893 0.37944 0.01786 0.02538
9 0.37643 0.39277 0.02 0.02157
9 0.37893 0.39975 0.01786 0.02284
9 0.38286 0.41561 0.01714 0.02411
9 0.38893 0.41942 0.01786 0.02411
9 0.39214 0.42766 0.01714 0.02538
9 0.39464 0.43718 0.01786 0.02411
