4 0.5095 0.289 0.011 0.00733
5 0.51225 0.28467 0.0145 0.00933
5 0.52125 0.28367 0.0155 0.01
5 0.524 0.27867 0.017 0.01067
5 0.54125 0.27367 0.0135 0.01
5 0.543 0.27033 0.013 0.00867
5 0.555 0.268 0.006 0.01067
4 0.53575 0.27767 0.0125 0.01
5 0.55 0.285 0.016 0.01267
5 0.5565 0.291 0.015 0.01
4 0.55275 0.27467 0.0065 0.008
4 0.561 0.27733 0.01 0.008
4 0.56375 0.28167 0.0075 0.00867
4 0.575 0.28567 0.015 0.00867
4 0.58425 0.29 0.0135 0.00933
5 0.5865 0.28267 0.007 0.012
5 0.58725 0.29433 0.0085 0.01133
5 0.54325 0.33 0.0085 0.01467
5 0.53975 0.33933 0.0105 0.01733
5 0.537 0.359 0.011 0.01667
5 0.5745 0.33233 0.01 0.018
4 0.576 0.29633 0.007 0.01133
4 0.56375 0.29867 0.0085 0.01067
4 0.5625 0.31133 0.009 0.01067
4 0.5755 0.31167 0.01 0.01267
4 0.54975 0.30233 0.0095 0.01133
4 0.54625 0.31667 0.0105 0.01067
4 0.54825 0.30833 0.0085 0.01133
4 0.57475 0.32467 0.0085 0.012
4 0.57225 0.344 0.0105 0.012
4 0.5495 0.34733 0.014 0.01467
4 0.53725 0.373 0.0135 0.014
4 0.5325 0.38533 0.016 0.01733
4 0.572 0.375 0.02 0.014
4 0.57025 0.388 0.0115 0.016
10 0.57625 0.36033 0.0055 0.00867
4 0.44475 0.40867 0.0245 0.01333
1 0.41875 0.409 0.0045 0.014
2 0.46525 0.40233 0.0045 0.00733
2 0.4635 0.40033 0.004 0.00733
2 0.467 0.40033 0.005 0.00867
5 0.507 0.383 0.015 0.018
4 0.51325 0.40733 0.0295 0.016
1 0.53625 0.40167 0.0065 0.01533
1 0.52675 0.419 0.0045 0.01533
4 0.571 0.41567 0.025 0.01533
4 0.56925 0.42567 0.0245 0.02067
4 0.56175 0.442 0.0165 0.02133
4 0.56325 0.465 0.0175 0.02733
10 0.56625 0.484 0.0075 0.01733
10 0.55775 0.48133 0.0085 0.012
4 0.55625 0.50067 0.0175 0.03333
5 0.50625 0.48033 0.0165 0.02733
1 0.56525 0.40633 0.0035 0.01133
1 0.564 0.40467 0.004 0.01333
1 0.572 0.39867 0.005 0.012
1 0.579 0.40767 0.004 0.01267
1 0.5835 0.411 0.004 0.014
1 0.59025 0.41733 0.0045 0.01467
1 0.589 0.415 0.006 0.01533
1 0.51325 0.43367 0.0055 0.014
1 0.52025 0.43833 0.0045 0.01533
1 0.51925 0.43367 0.0045 0.014
1 0.52275 0.434 0.0035 0.01333
2 0.52875 0.43233 0.0045 0.01133
10 0.52975 0.439 0.0065 0.01133
3 0.52475 0.44233 0.0065 0.01133
1 0.5475 0.446 0.004 0.016
6 0.51025 0.44767 0.0155 0.02733
4 0.265 0.66133 0.051 0.03333
4 0.34575 0.581 0.0455 0.02867
5 0.3575 0.55333 0.046 0.032
4 0.34725 0.73033 0.0385 0.066
4 0.49125 0.52567 0.0215 0.034
1 0.51025 0.52667 0.0065 0.02133
4 0.48675 0.562 0.0195 0.03333
4 0.46125 0.65433 0.0365 0.05133
4 0.43925 0.72267 0.0315 0.06533
4 0.52225 0.723 0.0285 0.06333
4 0.549 0.78733 0.033 0.06933
4 0.485 0.79233 0.032 0.07533
4 0.4155 0.82333 0.042 0.08667
2 0.4785 0.674 0.01 0.02
2 0.50525 0.672 0.0095 0.01867
10 0.50475 0.67667 0.0105 0.032
10 0.47775 0.685 0.0105 0.03
2 0.4025 0.96433 0.013 0.01933
1 0.4105 0.93667 0.013 0.032
11 0.40525 0.96033 0.0135 0.03133
4 0.62025 0.95167 0.0435 0.09667
4 0.62075 0.808 0.0365 0.08
3 0.6715 0.69867 0.021 0.028
6 0.61175 0.708 0.0345 0.104
1 0.57275 0.53667 0.0075 0.02
1 0.62425 0.54933 0.0065 0.02267
5 0.626 0.466 0.015 0.03467
1 0.64775 0.45733 0.0045 0.016
1 0.64325 0.45633 0.0035 0.01
10 0.6225 0.43267 0.005 0.01333
1 0.614 0.39467 0.004 0.01333
1 0.61625 0.39733 0.0035 0.012
1 0.6215 0.40233 0.004 0.01533
1 0.63325 0.414 0.0055 0.01733
1 0.63625 0.41467 0.0045 0.012
1 0.642 0.403 0.005 0.01667
1 0.64675 0.39533 0.0045 0.016
1 0.6515 0.39433 0.004 0.01533
10 0.65625 0.422 0.0105 0.01067
1 0.65675 0.38333 0.0035 0.01467
1 0.66 0.38767 0.004 0.01533
2 0.66075 0.34933 0.0035 0.008
2 0.6675 0.35667 0.004 0.01067
2 0.66125 0.33667 0.0045 0.008
3 0.66075 0.355 0.0045 0.00733
3 0.66725 0.361 0.0045 0.01
3 0.66025 0.34167 0.0035 0.00867
1 0.66825 0.34733 0.0035 0.012
1 0.67125 0.32833 0.0035 0.01133
1 0.686 0.32333 0.003 0.012
1 0.698 0.31467 0.003 0.008
4 0.685 0.341 0.014 0.014
5 0.69375 0.33067 0.0135 0.01733
1 0.69925 0.322 0.0035 0.00933
5 0.66725 0.3 0.0115 0.01067
5 0.677 0.30167 0.01 0.01
0 0.6905 0.234 0.153 0.112
0 0.559 0.20867 0.109 0.04533
