2 0.02107 0.91952 0.00929 0.01619
1 0.01464 0.74 0.01071 0.01714
10 0.02179 0.91857 0.01071 0.02762
1 0.30786 0.89286 0.00714 0.01429
2 0.31607 0.97524 0.00929 0.01333
10 0.31714 0.97619 0.01857 0.03238
4 0.37857 0.96667 0.03857 0.06667
1 0.62429 0.98333 0.00857 0.01238
4 0.52929 0.66857 0.02571 0.06095
4 0.56607 0.43762 0.02214 0.04476
4 0.51714 0.44048 0.01857 0.03524
2 0.54857 0.39286 0.00429 0.01048
10 0.54893 0.39381 0.00643 0.02
4 0.58643 0.34143 0.01857 0.03524
2 0.56929 0.33524 0.00571 0.01143
10 0.56893 0.33762 0.00786 0.0181
4 0.51107 0.2981 0.015 0.03238
4 0.52 0.25857 0.01857 0.03714
4 0.53 0.22 0.01857 0.03619
10 0.66929 0.22048 0.01 0.01238
10 0.66143 0.21714 0.01143 0.01333
10 0.6575 0.2119 0.01071 0.01429
10 0.63321 0.16762 0.005 0.01905
4 0.62214 0.15476 0.01571 0.02571
10 0.62607 0.13286 0.01214 0.01238
4 0.63107 0.10429 0.015 0.02762
4 0.54179 0.18905 0.01786 0.03333
4 0.55071 0.15571 0.01857 0.03333
4 0.55964 0.12714 0.01786 0.02952
4 0.57464 0.07286 0.015 0.02762
4 0.565 0.09619 0.01571 0.03048
4 0.5825 0.04619 0.01786 0.02762
2 0.56643 0.03048 0.00286 0.00762
10 0.56643 0.03333 0.00571 0.01333
1 0.62643 0.08857 0.00286 0.01333
4 0.64357 0.05762 0.01143 0.02
6 0.62393 0.03571 0.01071 0.02381
1 0.13143 0.41429 0.00714 0.00952
4 0.21 0.1481 0.03 0.02952
4 0.2225 0.13429 0.03071 0.02095
4 0.23393 0.11286 0.03214 0.0219
