4 0.43932 0.40787 0.04427 0.06944
4 0.5526 0.31713 0.05104 0.04352
1 0.61745 0.5625 0.0151 0.03241
4 0.59036 0.0662 0.03385 0.03426
1 0.43854 0.1287 0.00729 0.02593
1 0.43438 0.10972 0.00521 0.02315
1 0.47891 0.10185 0.00677 0.02407
1 0.48542 0.09722 0.00625 0.02222
1 0.36198 0.35139 0.00729 0.0287
1 0.33307 0.37037 0.00781 0.02593
1 0.32656 0.36944 0.00521 0.02963
1 0.23073 0.43194 0.00833 0.03426
1 0.23255 0.42407 0.00885 0.03333
1 0.16823 0.3125 0.00937 0.03056
1 0.16901 0.27917 0.00885 0.0287
4 0.20938 0.13056 0.04167 0.03704
5 0.27031 0.15 0.04167 0.04815
4 0.33359 0.17593 0.03906 0.03704
1 0.27813 0.09583 0.00521 0.0213
