1 0.14974 0.12778 0.00365 0.01111
4 0.14896 0.25741 0.02292 0.02037
4 0.21484 0.28935 0.02552 0.01944
4 0.21927 0.26157 0.02292 0.01759
4 0.18438 0.39074 0.025 0.02037
1 0.2099 0.43565 0.00417 0.01019
4 0.30026 0.24213 0.0224 0.01944
10 0.09844 0.58704 0.00729 0.01111
10 0.27422 0.54028 0.0099 0.00833
1 0.44401 0.61806 0.00365 0.01204
1 0.26276 0.19861 0.00365 0.01019
1 0.26276 0.19074 0.00365 0.01111
1 0.2526 0.1912 0.00313 0.01019
9 0.34193 0.21111 0.06198 0.04259
6 0.40495 0.23426 0.03385 0.03148
1 0.44297 0.19444 0.0026 0.01296
1 0.44557 0.19907 0.00365 0.01296
1 0.45547 0.20417 0.00365 0.01389
1 0.67344 0.63472 0.00313 0.01019
4 0.45026 0.00787 0.01406 0.01574
4 0.46432 0.02315 0.01615 0.02593
5 0.50469 0.06574 0.01771 0.02963
4 0.52109 0.05324 0.01094 0.01574
4 0.51198 0.04537 0.01042 0.01667
4 0.5487 0.1125 0.0151 0.02685
4 0.55781 0.12407 0.01562 0.02778
4 0.52995 0.09491 0.01719 0.03056
4 0.4901 0.14167 0.02187 0.01481
4 0.56302 0.2537 0.02813 0.01852
