9 0.1175 0.75063 0.05643 0.16624
9 0.14286 0.75063 0.04714 0.12563
9 0.15464 0.92386 0.05643 0.14975
9 0.18429 0.90419 0.04857 0.12817
9 0.23107 0.96764 0.035 0.06218
9 0.23393 0.78553 0.055 0.14721
4 0.20821 0.79949 0.02643 0.06091
4 0.27143 0.97462 0.02714 0.04822
4 0.2225 0.63388 0.03071 0.06726
4 0.25 0.62056 0.02857 0.06853
1 0.57679 0.78299 0.01071 0.02538
1 0.58429 0.76206 0.01286 0.02411
1 0.30821 0.18909 0.01214 0.03807
1 0.3325 0.18528 0.01643 0.02792
1 0.33464 0.16434 0.01786 0.02919
1 0.385 0.23921 0.01286 0.03173
1 0.40107 0.24048 0.01357 0.03173
1 0.38679 0.26015 0.01214 0.0203
1 0.39643 0.28299 0.01143 0.02538
1 0.4 0.32487 0.01 0.02792
1 0.49464 0.27348 0.01071 0.02157
1 0.50536 0.26015 0.01071 0.01777
1 0.525 0.14023 0.01429 0.02919
1 0.49321 0.20558 0.01786 0.02284
1 0.56286 0.15419 0.01286 0.02411
0 0.47 0.24937 0.02429 0.07487
1 0.34536 0.03299 0.01357 0.0203
1 0.33429 0.05203 0.00857 0.01777
1 0.35321 0.06345 0.00929 0.0203
0 0.38357 0.10279 0.05143 0.10406
0 0.44714 0.22589 0.03714 0.06853
5 0.43393 0.94543 0.03643 0.07614
