4 0.75214 0.5 0.02857 0.11675
4 0.67464 0.49492 0.02786 0.09645
4 0.57143 0.51459 0.02571 0.11294
4 0.51429 0.49937 0.02714 0.0901
4 0.47607 0.52792 0.02929 0.1066
4 0.63607 0.74239 0.02643 0.10406
4 0.56571 0.74746 0.02714 0.1066
4 0.51964 0.74556 0.04214 0.08249
4 0.2525 0.18274 0.05786 0.04315
4 0.24 0.44734 0.05143 0.04695
4 0.04286 0.44353 0.06857 0.05711
4 0.41607 0.62373 0.05786 0.05457
4 0.42893 0.68591 0.06214 0.05964
4 0.41286 0.73921 0.05714 0.07487
4 0.34821 0.53236 0.025 0.10279
4 0.31536 0.54442 0.02643 0.10152
4 0.28464 0.53553 0.025 0.09898
4 0.22179 0.53807 0.02643 0.09898
4 0.18786 0.54315 0.03 0.10406
4 0.15571 0.52665 0.02571 0.09137
4 0.12607 0.53046 0.02643 0.09391
4 0.09214 0.53363 0.03 0.10279
4 0.06 0.53744 0.02714 0.08249
4 0.02857 0.53553 0.02857 0.10406
4 0.0275 0.75825 0.04786 0.09772
4 0.0625 0.76079 0.04071 0.09772
4 0.09964 0.75825 0.04786 0.10533
4 0.18679 0.73921 0.055 0.10279
4 0.2375 0.74937 0.045 0.0901
4 0.35893 0.75381 0.05214 0.09645
5 0.30393 0.76079 0.03929 0.08756
4 0.26964 0.74365 0.03357 0.10406
5 0.38821 0.55711 0.04643 0.09645
4 0.25179 0.53363 0.03214 0.09772
5 0.14036 0.75254 0.06357 0.10406
4 0.33786 0.18782 0.05571 0.04822
5 0.07571 0.18338 0.05286 0.04442
5 0.59893 0.74175 0.02214 0.09264
5 0.79179 0.52665 0.02643 0.09391
4 0.84536 0.74556 0.03214 0.10025
4 0.88071 0.74239 0.02714 0.09898
4 0.92036 0.74429 0.02929 0.0901
1 0.42071 0.40609 0.00857 0.01777
1 0.41179 0.41815 0.00786 0.0165
