4,0.22005208333333334,0.10925925925925926,0.10885416666666667,0.09074074074074075
1,0.24739583333333334,0.04351851851851852,0.017708333333333333,0.06666666666666667
1,0.26536458333333335,0.05092592592592592,0.0171875,0.06296296296296296
1,0.31536458333333334,0.0125,0.009895833333333333,0.025
1,0.33880208333333334,0.012962962962962963,0.0067708333333333336,0.025925925925925925
1,0.2552083333333333,0.19907407407407407,0.0125,0.05
1,0.16536458333333334,0.2375,0.024479166666666666,0.058333333333333334
5,0.2716145833333333,0.26666666666666666,0.09635416666666667,0.10555555555555556
1,0.15703125,0.34444444444444444,0.028645833333333332,0.05
1,0.19921875,0.42685185185185187,0.021354166666666667,0.040740740740740744
1,0.0828125,0.45740740740740743,0.027083333333333334,0.044444444444444446
1,0.04583333333333333,0.5662037037037037,0.034375,0.04351851851851852
1,0.022135416666666668,0.5893518518518519,0.0421875,0.04722222222222222
8,0.05755208333333333,0.5282407407407408,0.11510416666666666,0.07685185185185185
8,0.054427083333333334,0.4060185185185185,0.10885416666666667,0.1398148148148148
8,0.13489583333333333,0.38981481481481484,0.065625,0.07962962962962963
8,0.21223958333333334,0.487962962962963,0.0296875,0.0962962962962963
2,0.20260416666666667,0.5597222222222222,0.020833333333333332,0.03425925925925926
1,0.478125,0.6074074074074074,0.021875,0.04814814814814815
1,0.41302083333333334,0.48657407407407405,0.019791666666666666,0.041666666666666664
1,0.48880208333333336,0.5208333333333334,0.0265625,0.041666666666666664
1,0.5143229166666666,0.4898148148148148,0.027604166666666666,0.03888888888888889
1,0.53984375,0.4912037037037037,0.024479166666666666,0.04351851851851852
1,0.53046875,0.45787037037037037,0.024479166666666666,0.04351851851851852
1,0.5598958333333334,0.48009259259259257,0.022916666666666665,0.03981481481481482
1,0.5627604166666667,0.4375,0.018229166666666668,0.03981481481481482
2,0.5463541666666667,0.44537037037037036,0.019791666666666666,0.03333333333333333
2,0.5458333333333333,0.4,0.01875,0.037037037037037035
2,0.53203125,0.337037037037037,0.0265625,0.03518518518518519
2,0.4596354166666667,0.3527777777777778,0.019270833333333334,0.04814814814814815
2,0.5630208333333333,0.1912037037037037,0.016666666666666666,0.058333333333333334
1,0.3692708333333333,0.3712962962962963,0.013541666666666667,0.04259259259259259
1,0.6161458333333333,0.34953703703703703,0.030208333333333334,0.049074074074074076
1,0.6354166666666666,0.3458333333333333,0.027083333333333334,0.04351851851851852
10,0.5630208333333333,0.29768518518518516,0.040625,0.03796296296296296
10,0.45677083333333335,0.35833333333333334,0.034375,0.06296296296296296
10,0.5619791666666667,0.19074074074074074,0.03958333333333333,0.040740740740740744
8,0.61171875,0.47175925925925927,0.05677083333333333,0.05277777777777778
2,0.12890625,0.7134259259259259,0.04010416666666667,0.032407407407407406
2,0.12682291666666667,0.7425925925925926,0.0328125,0.03518518518518519
