4 0.80571 0.86952 0.11 0.22667
4 0.84857 0.63095 0.11143 0.19714
0 0.77214 0.08524 0.02143 0.05619
4 0.04571 0.88238 0.09143 0.1
4 0.41107 0.97952 0.12786 0.03905
4 0.38571 0.89952 0.15714 0.11524
4 0.37286 0.79238 0.16857 0.1181
4 0.36929 0.69286 0.14 0.09048
4 0.35714 0.59429 0.14143 0.10476
4 0.35679 0.51381 0.13214 0.08476
4 0.35464 0.43857 0.12643 0.07524
5 0.34643 0.36476 0.1 0.08
4 0.34571 0.30524 0.09714 0.06
4 0.33607 0.2519 0.11214 0.0619
4 0.32607 0.10381 0.10357 0.05524
4 0.32143 0.06095 0.09286 0.04952
4 0.32071 0.02714 0.09714 0.05429
4 0.33071 0.15333 0.10571 0.06667
10 0.33964 0.21238 0.04786 0.03238
10 0.17714 0.36905 0.03143 0.05238
3 0.17036 0.4019 0.045 0.03429
10 0.18571 0.30571 0.01714 0.05143
1 0.71786 0.34238 0.02 0.04857
3 0.14107 0.62143 0.03929 0.06571
3 0.13821 0.58714 0.03643 0.06381
1 0.80964 0.02333 0.02214 0.04286
5 0.84571 0.0281 0.06 0.05619
4 0.91214 0.02143 0.05857 0.04286
1 0.98821 0.12429 0.02214 0.04476
1 0.98857 0.78619 0.02286 0.0219
