10 0.14896 0.1375 0.00208 0.01019
3 0.14661 0.13843 0.00156 0.00833
3 0.13646 0.14167 0.00208 0.00741
3 0.13411 0.14028 0.00156 0.00833
3 0.13177 0.14074 0.00208 0.00741
4 0.18802 0.14491 0.01667 0.01204
4 0.18594 0.1588 0.01562 0.01389
4 0.18333 0.18148 0.01667 0.01481
4 0.18411 0.20787 0.01615 0.01389
4 0.18307 0.27407 0.01615 0.01296
4 0.18333 0.19491 0.01562 0.01389
4 0.21016 0.22454 0.00885 0.02685
4 0.20964 0.2588 0.00781 0.02685
4 0.18151 0.31759 0.01823 0.01481
4 0.18229 0.28935 0.01562 0.01574
4 0.18333 0.26111 0.01667 0.01481
4 0.20911 0.29491 0.00781 0.02685
2 0.19844 0.34861 0.00313 0.00463
10 0.1987 0.35 0.00677 0.00741
1 0.2013 0.32361 0.0026 0.00648
5 0.21016 0.19398 0.00677 0.025
4 0.1612 0.37083 0.01927 0.01574
10 0.16979 0.45231 0.00313 0.01389
4 0.20859 0.4537 0.00885 0.03148
4 0.20807 0.49213 0.00885 0.03426
4 0.10833 0.58009 0.02187 0.01759
10 0.16927 0.73056 0.00729 0.0037
10 0.16875 0.72176 0.00625 0.01204
4 0.14375 0.8037 0.01146 0.04074
4 0.14089 0.8537 0.01094 0.04074
4 0.10938 0.94028 0.01354 0.04722
4 0.13776 0.93194 0.01198 0.04537
1 0.14193 0.74444 0.00469 0.00741
4 0.20286 0.80046 0.0099 0.04352
4 0.23359 0.73796 0.00885 0.03148
4 0.2349 0.83519 0.00833 0.03519
4 0.23438 0.8912 0.01042 0.03611
4 0.25156 0.62315 0.01979 0.01667
4 0.25052 0.57685 0.02187 0.02037
4 0.25365 0.59954 0.02083 0.01759
4 0.28672 0.59306 0.01198 0.03426
4 0.30052 0.6 0.01354 0.03333
4 0.31276 0.59491 0.0099 0.025
4 0.32474 0.60324 0.01198 0.03426
4 0.33646 0.60972 0.01146 0.03241
4 0.36224 0.61852 0.01094 0.03333
4 0.3776 0.62917 0.01042 0.03611
4 0.38906 0.6375 0.01042 0.03426
4 0.40208 0.64954 0.00937 0.03426
4 0.41328 0.64352 0.0099 0.03704
5 0.23411 0.65556 0.00885 0.03704
4 0.23542 0.52361 0.00729 0.0287
1 0.56927 0.82639 0.00417 0.00278
1 0.57057 0.82222 0.00469 0.00556
2 0.49141 0.61759 0.00365 0.00556
4 0.52135 0.41667 0.0125 0.02593
5 0.59896 0.2338 0.0125 0.02315
2 0.58568 0.27778 0.0026 0.0037
10 0.58464 0.27917 0.00365 0.00833
10 0.5901 0.40046 0.00417 0.00833
10 0.58125 0.39028 0.00417 0.00648
10 0.58333 0.39352 0.00417 0.00741
10 0.58672 0.39583 0.00365 0.00833
2 0.51953 0.4662 0.00365 0.00463
10 0.51849 0.46759 0.00677 0.01111
4 0.64948 0.1338 0.0125 0.0213
4 0.66536 0.09676 0.01198 0.02315
4 0.67214 0.09583 0.0099 0.0213
4 0.66536 0.05602 0.00885 0.025
4 0.69609 0.09352 0.01094 0.02037
4 0.71484 0.09028 0.01198 0.0213
4 0.68646 0.05093 0.01042 0.02407
4 0.69609 0.05093 0.01094 0.02407
5 0.70625 0.04769 0.01458 0.02685
5 0.71276 0.04676 0.00885 0.01944
5 0.71979 0.04491 0.01042 0.01944
