4 0.79932 0.60668 0.02766 0.07421
4 0.76957 0.60436 0.03079 0.08256
4 0.74008 0.60158 0.02923 0.07699
7 0.82933 0.5974 0.01775 0.04267
10 0.70251 0.59369 0.01044 0.03711
5 0.58455 0.58024 0.02088 0.08071
4 0.29854 0.54963 0.02818 0.07699
4 0.20485 0.54731 0.03184 0.07978
4 0.17719 0.54545 0.03706 0.07607
4 0.12343 0.53896 0.03706 0.07792
4 0.09055 0.53896 0.03914 0.07978
4 0.00939 0.52412 0.01879 0.06679
4 0.61952 0.88265 0.04593 0.10111
4 0.50052 0.19295 0.03967 0.03711
4 0.52244 0.28757 0.03236 0.05566
