1 0.35964 0.72398 0.01214 0.04188
1 0.31321 0.5368 0.00643 0.0203
1 0.27393 0.51777 0.01357 0.0533
1 0.45214 0.66561 0.01571 0.03173
1 0.46571 0.57107 0.01143 0.03553
1 0.51679 0.44289 0.01214 0.04315
1 0.495 0.44607 0.01143 0.02665
1 0.51857 0.3915 0.01143 0.0368
1 0.55393 0.36231 0.00929 0.0368
1 0.70714 0.14911 0.01 0.03934
1 0.70357 0.13198 0.01286 0.03299
1 0.57821 0.04759 0.00929 0.03173
1 0.585 0.02411 0.00714 0.03807
1 0.625 0.04378 0.00714 0.02157
1 0.6275 0.01015 0.00929 0.0203
1 0.61679 0.01015 0.00786 0.0203
1 0.60393 0.01142 0.00643 0.02284
1 0.59929 0.00571 0.00429 0.01142
1 0.39821 0.0165 0.00643 0.0203
1 0.50857 0.00761 0.00714 0.01523
1 0.54321 0.00444 0.00786 0.00888
1 0.28714 0.07678 0.01143 0.04188
1 0.06964 0.06472 0.00643 0.02284
1 0.06357 0.0552 0.00571 0.0165
1 0.10857 0.02284 0.01143 0.04061
1 0.11429 0.01777 0.01143 0.03553
4 0.06714 0.91561 0.11286 0.16624
4 0.01643 0.77982 0.03286 0.11294
