1 0.81964 0.82381 0.02643 0.08381
1 0.56286 0.84905 0.02571 0.08476
1 0.63536 0.84667 0.01929 0.08952
1 0.60857 0.78619 0.02571 0.07524
2 0.61643 0.83333 0.03286 0.06857
2 0.38964 0.90524 0.03929 0.06952
3 0.61607 0.84476 0.04214 0.07238
10 0.38571 0.91714 0.05714 0.11619
10 0.85429 0.63286 0.05286 0.04286
2 0.85393 0.61952 0.03071 0.05429
4 0.68643 0.54952 0.13857 0.0819
4 0.17036 0.6319 0.16786 0.08095
4 0.11357 0.52381 0.13286 0.06857
4 0.45679 0.38095 0.08071 0.05524
4 0.06036 0.58429 0.11643 0.07333
4 0.18214 0.3881 0.08857 0.04286
4 0.33679 0.33619 0.06071 0.0381
4 0.06143 0.36905 0.07857 0.03333
4 0.02929 0.4319 0.05714 0.05429
4 0.92143 0.40333 0.10571 0.05238
4 0.02071 0.31333 0.04143 0.03429
4 0.04786 0.31095 0.03571 0.03524
4 0.07821 0.31 0.035 0.03524
5 0.10929 0.30619 0.04286 0.03905
4 0.135 0.3081 0.03857 0.04286
4 0.16571 0.30571 0.03571 0.03429
5 0.19679 0.3 0.035 0.04381
1 0.20107 0.3219 0.01071 0.02857
1 0.19964 0.31333 0.00929 0.03238
1 0.1975 0.33905 0.01071 0.03238
1 0.23036 0.34286 0.01214 0.03238
1 0.30429 0.26524 0.01 0.02381
1 0.28286 0.2919 0.01 0.02952
1 0.25929 0.32714 0.01143 0.03143
1 0.21679 0.34905 0.01357 0.02952
1 0.21036 0.34762 0.015 0.03048
1 0.21679 0.33667 0.01357 0.03714
1 0.20857 0.33571 0.01143 0.02952
1 0.1625 0.35476 0.01214 0.03143
1 0.18286 0.35714 0.01571 0.0381
1 0.17286 0.34714 0.01143 0.03143
1 0.16857 0.35714 0.01429 0.03429
1 0.16071 0.36095 0.01143 0.02667
1 0.14786 0.36381 0.01286 0.02286
1 0.13964 0.35905 0.015 0.03429
7 0.1325 0.32381 0.03071 0.01905
7 0.21393 0.30905 0.02071 0.02952
4 0.26143 0.28524 0.03286 0.04286
2 0.25179 0.33714 0.015 0.03238
2 0.29357 0.31667 0.01143 0.0219
3 0.25214 0.34238 0.02571 0.0219
10 0.295 0.32333 0.01857 0.02381
4 0.31179 0.24286 0.045 0.02286
4 0.315 0.23381 0.03714 0.0219
1 0.34571 0.32095 0.01 0.0381
1 0.4075 0.32 0.01071 0.03238
4 0.41786 0.27667 0.04286 0.02762
4 0.35321 0.28667 0.02786 0.02857
4 0.38071 0.28 0.02857 0.03429
5 0.45893 0.30286 0.04357 0.0419
4 0.46786 0.27952 0.02286 0.02571
4 0.46857 0.2619 0.02143 0.02667
4 0.47071 0.2481 0.01714 0.02
4 0.47321 0.23905 0.01786 0.01714
1 0.45821 0.24238 0.00643 0.0181
4 0.38786 0.25952 0.02714 0.02381
4 0.39429 0.25048 0.01857 0.02095
4 0.40071 0.23857 0.01857 0.0219
4 0.41429 0.22333 0.01857 0.02
4 0.42179 0.21619 0.01357 0.01905
5 0.42179 0.20476 0.01643 0.02095
4 0.43179 0.1981 0.015 0.01714
4 0.395 0.20905 0.01571 0.01619
4 0.36821 0.21095 0.015 0.01619
4 0.4025 0.20048 0.01357 0.01619
4 0.41214 0.18667 0.01143 0.01333
4 0.41643 0.18238 0.01 0.01429
4 0.42 0.17619 0.00857 0.01143
4 0.42321 0.17429 0.00786 0.01143
2 0.42893 0.17381 0.00357 0.01048
3 0.42964 0.17857 0.005 0.01048
4 0.38679 0.19619 0.01929 0.01143
2 0.35536 0.21 0.00357 0.01429
2 0.35964 0.21 0.00357 0.01619
4 0.37429 0.20238 0.01429 0.01619
4 0.39143 0.18714 0.01429 0.01429
5 0.39321 0.18333 0.01214 0.01429
1 0.41321 0.16476 0.00357 0.01143
2 0.51607 0.34095 0.01214 0.03238
10 0.51429 0.34762 0.02857 0.02286
1 0.54607 0.27952 0.01071 0.02571
1 0.61 0.31857 0.01143 0.03524
1 0.65286 0.29762 0.01286 0.03143
1 0.56143 0.32762 0.00714 0.03238
1 0.56857 0.32524 0.00857 0.03333
1 0.60357 0.32381 0.00857 0.02667
4 0.58964 0.29667 0.05643 0.02952
4 0.72857 0.28476 0.04714 0.02857
4 0.67071 0.28857 0.06143 0.03048
4 0.54 0.26667 0.02571 0.03048
4 0.53357 0.23857 0.01857 0.0219
4 0.50071 0.22381 0.02 0.02667
4 0.52786 0.21286 0.01429 0.02
4 0.5275 0.20238 0.01357 0.0219
4 0.79143 0.28238 0.06429 0.02952
4 0.8925 0.27619 0.06214 0.03238
2 0.77786 0.29571 0.01143 0.02381
3 0.78036 0.2981 0.01786 0.01524
