4 0.80107 0.26142 0.04071 0.0736
1 0.48071 0.06345 0.00571 0.02792
1 0.49 0.05647 0.00429 0.01396
1 0.49571 0.08439 0.00714 0.02919
1 0.50107 0.08503 0.00643 0.02538
1 0.48964 0.33629 0.005 0.02792
1 0.49536 0.34137 0.00786 0.02792
1 0.55464 0.25825 0.00786 0.02157
1 0.57 0.28744 0.00429 0.02157
1 0.46321 0.24746 0.00929 0.01523
1 0.47571 0.18464 0.00571 0.02411
1 0.48179 0.18655 0.005 0.02284
1 0.49107 0.18655 0.005 0.02284
1 0.49286 0.18274 0.00429 0.02538
1 0.4575 0.65165 0.00929 0.03934
1 0.49893 0.68845 0.00643 0.02157
2 0.63107 0.67766 0.01786 0.02538
2 0.63786 0.66688 0.01 0.02665
2 0.63321 0.43718 0.01214 0.0165
1 0.67679 0.43084 0.00786 0.03426
2 0.58786 0.08376 0.00714 0.01523
2 0.59464 0.08756 0.00643 0.01269
1 0.60321 0.05964 0.00643 0.02284
2 0.54357 0.07424 0.01571 0.00888
2 0.54214 0.06409 0.00714 0.01396
0 0.65214 0.92513 0.03286 0.10406
0 0.52464 0.03236 0.02071 0.02919
0 0.54357 0.00761 0.02429 0.01523
0 0.59071 0.04188 0.01714 0.03046
