4 0.31198 0.4713 0.01979 0.01852
4 0.30755 0.49074 0.02552 0.02037
4 0.37526 0.4463 0.02135 0.01667
4 0.37083 0.55648 0.02917 0.02222
4 0.37422 0.58194 0.02865 0.02315
4 0.38099 0.65509 0.03281 0.025
4 0.31406 0.69815 0.02917 0.02593
4 0.46667 0.71806 0.01771 0.04537
4 0.48594 0.71435 0.01771 0.04537
4 0.45339 0.81343 0.01927 0.05278
4 0.49323 0.80463 0.02396 0.0537
4 0.51458 0.79722 0.025 0.0463
4 0.53411 0.78565 0.02135 0.03981
4 0.60156 0.61991 0.02083 0.03241
6 0.63047 0.56759 0.0276 0.02222
6 0.63906 0.57546 0.03438 0.02685
4 0.64609 0.70093 0.03073 0.03148
4 0.5763 0.56296 0.01615 0.03519
4 0.6737 0.42037 0.0224 0.02593
4 0.69141 0.44028 0.01094 0.02685
4 0.6875 0.46528 0.01146 0.02685
4 0.68385 0.49398 0.01146 0.02315
5 0.73411 0.47685 0.02344 0.02407
6 0.72656 0.49954 0.03542 0.03241
1 0.71771 0.44167 0.00417 0.01667
4 0.75833 0.38796 0.01875 0.01667
6 0.50885 1.06991 0.04271 0.11759
6 0.47734 1.3338 0.09531 0.10278
4 0.45547 1.11713 0.05573 0.05463
4 0.4401 1.05185 0.05104 0.05741
4 0.42422 0.93102 0.04635 0.04352
4 0.42083 0.9 0.04063 0.03333
4 0.36719 0.47315 0.02813 0.01852
4 0.36224 0.48843 0.02135 0.02315
4 0.36667 0.5213 0.02396 0.01852
4 0.39661 0.5088 0.02865 0.025
4 0.37812 0.60509 0.03229 0.02315
4 0.3862 0.68056 0.02969 0.02407
4 0.3888 0.70046 0.03698 0.03056
4 0.3263 0.75185 0.01719 0.0463
10 0.36172 1.09074 0.00781 0.03519
10 0.35625 1.04028 0.00625 0.0287
10 0.33203 1.08981 0.01406 0.02222
10 0.33411 1.10972 0.01927 0.03426
4 0.3263 0.41296 0.01823 0.01296
4 0.32448 0.43657 0.02187 0.01574
5 0.32448 0.425 0.01771 0.01481
5 0.37682 0.42454 0.02031 0.01574
5 0.93906 0.87593 0.03958 0.03889
5 0.92917 0.84537 0.04688 0.03333
5 0.86016 0.63843 0.04219 0.03611
6 0.90026 0.75324 0.06302 0.05093
4 0.9849 0.66806 0.04375 0.0287
4 0.90495 0.42778 0.02656 0.02037
4 0.90703 0.40833 0.0224 0.02037
4 0.9888 0.44167 0.02656 0.02407
4 0.9526 0.43565 0.02396 0.01944
4 0.93151 0.48148 0.03073 0.02037
4 0.93464 0.4963 0.03281 0.02037
4 0.93359 0.50741 0.03073 0.02037
4 0.97969 0.51667 0.03229 0.02222
4 0.98021 0.52824 0.03125 0.01944
5 1.0151 0.51944 0.03021 0.02593
5 0.97474 0.5 0.02448 0.02222
8 1.03542 0.48102 0.0125 0.01759
4 1.03255 0.49676 0.01823 0.01574
4 1.03542 0.51019 0.0125 0.01667
4 0.15833 0.33565 0.01875 0.01204
4 0.16771 0.33935 0.02187 0.01204
4 0.17214 0.3537 0.02031 0.01481
4 0.16406 0.36806 0.01771 0.01389
4 0.12969 0.41389 0.02396 0.01667
4 0.11771 0.34815 0.01875 0.01481
4 0.1276 0.35926 0.02187 0.01667
4 0.1276 0.36528 0.02396 0.01574
5 0.14661 0.38889 0.02344 0.01852
5 0.17161 0.34815 0.0224 0.01481
5 0.12552 0.35046 0.01979 0.01574
