4 0.47704 0.01113 0.00522 0.00928
4 0.48356 0.02968 0.00678 0.01484
6 0.48121 0.05056 0.00835 0.01948
6 0.51018 0.09555 0.01618 0.05195
4 0.50861 0.1475 0.00992 0.0167
11 0.51722 0.1679 0.01357 0.04267
11 0.4953 0.09416 0.00731 0.01577
11 0.49713 0.28432 0.01931 0.06586
11 0.52844 0.29128 0.01931 0.04453
4 0.45459 0.27505 0.01566 0.03247
4 0.44859 0.31401 0.01827 0.03247
4 0.44703 0.40677 0.02035 0.04917
11 0.53967 0.3859 0.02818 0.06494
5 0.54071 0.4462 0.02192 0.05009
4 0.5501 0.51902 0.02296 0.04917
4 0.43737 0.48377 0.02088 0.0436
5 0.43241 0.58534 0.02244 0.07236
4 0.4238 0.64378 0.02401 0.06122
4 0.5595 0.69202 0.02818 0.07236
4 0.42276 0.73006 0.02714 0.08349
8 0.40658 0.82978 0.02296 0.06957
11 0.57594 0.90306 0.04123 0.18275
8 0.55741 0.56262 0.0167 0.04731
8 0.44703 0.51855 0.01931 0.03896
8 0.4679 0.49722 0.01722 0.04638
10 0.37761 0.4782 0.01618 0.01948
10 0.5107 0.50974 0.00783 0.02876
10 0.5227 0.50742 0.00887 0.02968
10 0.41127 0.30566 0.00731 0.01763
10 0.41649 0.29453 0.01148 0.01206
10 0.40945 0.28989 0.00783 0.01763
2 0.50992 0.50325 0.00939 0.02319
2 0.52218 0.50325 0.00992 0.02134
2 0.51487 0.30334 0.00574 0.0167
10 0.51487 0.30751 0.0047 0.01948
2 0.50939 0.20965 0.00626 0.01484
2 0.45355 0.24119 0.00522 0.01113
2 0.47808 0.13961 0.00418 0.0102
2 0.4953 0.04917 0.00313 0.00928
2 0.47338 0.03247 0.00313 0.00742
2 0.49765 0.01577 0.00261 0.00557
2 0.5 0.01345 0.00418 0.00835
2 0.46895 0.01252 0.00261 0.00649
10 0.49817 0.01809 0.00261 0.00649
10 0.5 0.01484 0.00313 0.00557
10 0.4953 0.05009 0.00313 0.00557
10 0.47286 0.03525 0.00313 0.00742
10 0.46947 0.01391 0.00261 0.00557
10 0.47808 0.14286 0.00418 0.00928
10 0.50939 0.21521 0.00626 0.01855
1 0.40866 0.26252 0.00522 0.01855
1 0.4178 0.26206 0.0047 0.02319
1 0.4118 0.25974 0.00313 0.0167
2 0.41414 0.25742 0.0047 0.01391
10 0.41362 0.25974 0.00678 0.01299
1 0.41728 0.22217 0.00365 0.01948
1 0.41467 0.22078 0.00365 0.0167
1 0.41284 0.22263 0.00418 0.0167
7 0.45251 0.2449 0.01148 0.01484
10 0.45668 0.25371 0.00835 0.01391
10 0.45016 0.25417 0.00887 0.0167
8 0.46268 0.21429 0.00887 0.02597
8 0.45877 0.17718 0.00731 0.02041
5 0.4251 0.22032 0.01618 0.0436
5 0.4619 0.15028 0.00939 0.02041
1 0.46764 0.08998 0.00418 0.01113
3 0.46634 0.09045 0.00365 0.0102
11 0.50574 0.04777 0.01148 0.01948
1 0.51227 0.14703 0.00365 0.01391
1 0.51514 0.1475 0.00418 0.0167
2 0.49504 0.09091 0.00365 0.00742
5 0.65605 0.07096 0.02192 0.02134
4 0.67041 0.09647 0.01827 0.01484
4 0.6678 0.09276 0.01618 0.0167
4 0.82124 0.30241 0.02871 0.03711
4 0.78053 0.37523 0.02244 0.03989
4 0.86378 0.35297 0.02923 0.03803
4 0.83977 0.35529 0.02714 0.03711
4 0.81863 0.35529 0.0214 0.03525
4 0.85856 0.52365 0.04071 0.0436
4 0.89823 0.60575 0.0501 0.04082
4 0.96268 0.49258 0.04541 0.03711
4 0.88309 0.57792 0.05428 0.04638
4 0.95668 0.71753 0.07307 0.05288
4 0.9773 0.76948 0.04436 0.04917
