4 0.27839 0.86991 0.1099 0.20463
4 0.05026 0.82407 0.10052 0.14259
4 0.08672 0.74676 0.12344 0.13241
4 0.17422 0.65 0.10052 0.0963
4 0.41797 0.71574 0.05781 0.12778
4 0.28385 0.58657 0.08125 0.06759
4 0.27109 0.54907 0.08073 0.0537
4 0.30677 0.49676 0.07083 0.05093
4 0.40495 0.5838 0.05573 0.10278
4 0.46146 0.57083 0.04167 0.07315
4 0.58802 0.57824 0.05 0.0787
4 0.62943 0.52778 0.0724 0.0537
4 0.63021 0.50231 0.075 0.05463
4 0.62005 0.47917 0.07031 0.04352
4 0.60339 0.46481 0.07344 0.05185
4 0.60703 0.44213 0.07135 0.04352
4 0.47969 0.49769 0.03333 0.06389
5 0.43125 0.51296 0.03333 0.07593
4 0.43776 0.46852 0.03385 0.05
4 0.4526 0.41898 0.02292 0.04907
4 0.48177 0.4125 0.02396 0.04352
4 0.38906 0.44352 0.03125 0.05556
4 0.45833 0.35602 0.02083 0.0287
4 0.4638 0.31157 0.01719 0.0287
4 0.39687 0.4162 0.02396 0.03426
4 0.40391 0.38889 0.02135 0.03519
5 0.41224 0.36157 0.01719 0.04167
4 0.42057 0.33796 0.01719 0.03333
1 0.43281 0.3375 0.00625 0.01944
1 0.43984 0.33935 0.00677 0.02315
4 0.58047 0.40046 0.05677 0.03241
4 0.57344 0.38981 0.05 0.03519
4 0.5599 0.35787 0.04688 0.03056
4 0.55026 0.34676 0.04219 0.0287
4 0.54323 0.32454 0.03333 0.02685
4 0.53307 0.31157 0.02969 0.02685
4 0.52552 0.30741 0.02917 0.02778
4 0.48255 0.29722 0.01615 0.01852
4 0.43203 0.29028 0.01406 0.025
4 0.46953 0.2838 0.01198 0.01759
5 0.55365 0.91204 0.06979 0.12037
