3,0.7450520833333333,1.099537037037037,0.005729166666666666,0.028703703703703703
3,0.7354166666666667,1.0837962962962964,0.005208333333333333,0.023148148148148147
4,0.7567708333333333,1.012037037037037,0.021875,0.04814814814814815
4,0.7846354166666667,1.0175925925925926,0.0265625,0.053703703703703705
4,0.8088541666666667,1.0115740740740742,0.027083333333333334,0.049074074074074076
4,0.73359375,1.0162037037037037,0.021354166666666667,0.05092592592592592
4,0.7104166666666667,1.012037037037037,0.017708333333333333,0.04259259259259259
4,0.6875,1.000925925925926,0.01875,0.04814814814814815
4,0.6640625,1.000925925925926,0.019791666666666666,0.05
1,0.44973958333333336,1.0587962962962962,0.0046875,0.021296296296296296
4,0.24635416666666668,1.026851851851852,0.035416666666666666,0.06296296296296296
4,0.36953125,0.9643518518518519,0.025520833333333333,0.04722222222222222
4,0.39348958333333334,0.9657407407407408,0.0234375,0.04814814814814815
4,0.41744791666666664,0.9708333333333333,0.022395833333333334,0.04351851851851852
4,0.4388020833333333,0.9736111111111111,0.018229166666666668,0.041666666666666664
4,0.46119791666666665,0.9745370370370371,0.0203125,0.03981481481481482
4,0.4825520833333333,0.9777777777777777,0.018229166666666668,0.04259259259259259
4,0.5059895833333333,0.9800925925925926,0.0203125,0.04722222222222222
4,0.5296875,0.9819444444444444,0.01875,0.049074074074074076
4,0.5546875,0.986574074074074,0.01875,0.04722222222222222
4,0.5786458333333333,0.9893518518518518,0.01875,0.04722222222222222
3,0.60703125,1.0097222222222222,0.0140625,0.019444444444444445
3,0.5989583333333334,1.0013888888888889,0.014583333333333334,0.023148148148148147
3,0.6080729166666666,0.9935185185185185,0.016145833333333335,0.018518518518518517
4,0.6802083333333333,0.9143518518518519,0.015625,0.03796296296296296
4,0.72265625,0.924537037037037,0.0171875,0.03796296296296296
4,0.7442708333333333,0.9231481481481482,0.020833333333333332,0.04259259259259259
4,0.76640625,0.9268518518518518,0.022395833333333334,0.03333333333333333
4,0.7893229166666667,0.9273148148148148,0.024479166666666666,0.03425925925925926
1,0.6966145833333334,0.7277777777777777,0.0036458333333333334,0.014814814814814815
0,0.671875,0.711574074074074,0.009375,0.01574074074074074
2,0.7059895833333333,0.736574074074074,0.0046875,0.01574074074074074
3,0.7067708333333333,0.7407407407407407,0.007291666666666667,0.012962962962962963
4,0.6049479166666667,0.9055555555555556,0.016145833333333335,0.037037037037037035
4,0.5859375,0.9037037037037037,0.015625,0.03518518518518519
4,0.5518229166666667,0.8986111111111111,0.015104166666666667,0.03796296296296296
4,0.5263020833333333,0.9009259259259259,0.0140625,0.027777777777777776
4,0.5059895833333333,0.8944444444444445,0.0171875,0.02962962962962963
4,0.46432291666666664,0.8893518518518518,0.034895833333333334,0.028703703703703703
9,0.41380208333333335,0.8694444444444445,0.04635416666666667,0.04259259259259259
1,0.13802083333333334,1.0087962962962962,0.005208333333333333,0.019444444444444445
2,0.09036458333333333,0.8629629629629629,0.0067708333333333336,0.020370370370370372
3,0.09088541666666666,0.8680555555555556,0.011979166666666667,0.013888888888888888
6,0.51796875,0.8152777777777778,0.0140625,0.023148148148148147
0,0.53203125,0.8166666666666667,0.011979166666666667,0.020370370370370372
3,0.5328125,0.7930555555555555,0.005208333333333333,0.012037037037037037
7,0.4973958333333333,0.8013888888888889,0.011458333333333333,0.026851851851851852
1,0.4669270833333333,0.7324074074074074,0.0036458333333333334,0.018518518518518517
2,0.45651041666666664,0.6703703703703704,0.0026041666666666665,0.014814814814814815
3,0.45625,0.6726851851851852,0.008333333333333333,0.010185185185185186
5,0.4747395833333333,0.5935185185185186,0.0109375,0.025925925925925925
3,0.5361979166666667,0.6615740740740741,0.008854166666666666,0.010185185185185186
2,0.60546875,0.725925925925926,0.005729166666666666,0.012962962962962963
7,0.6088541666666667,0.6962962962962963,0.00625,0.012962962962962963
1,0.6330729166666667,0.7125,0.0046875,0.01574074074074074
1,0.63515625,0.6958333333333333,0.0036458333333333334,0.010185185185185186
