0 0.52393 0.17857 0.03071 0.02
0 0.485 0.17095 0.00286 0.00667
0 0.50643 0.15667 0.01 0.01238
0 0.47893 0.21238 0.02929 0.02857
0 0.50929 0.2181 0.01 0.01143
0 0.46571 0.2381 0.02571 0.02667
4 0.46643 0.9181 0.02 0.07429
4 0.50107 0.90619 0.01929 0.06381
4 0.56964 0.94667 0.025 0.07429
4 0.67857 0.62667 0.03571 0.02286
4 0.62857 0.49429 0.02429 0.01714
4 0.545 0.6881 0.01857 0.04286
4 0.69571 0.66714 0.03714 0.0219
4 0.70321 0.68762 0.03929 0.02476
4 0.70929 0.71286 0.04 0.02381
4 0.73 0.76429 0.04143 0.02762
4 0.71643 0.73857 0.04286 0.02762
9 0.485 0.69714 0.02571 0.12762
6 0.51643 0.52619 0.01857 0.03714
6 0.55 0.57 0.02 0.04286
6 0.50679 0.46143 0.01786 0.0619
6 0.52786 0.42952 0.01857 0.0419
6 0.47571 0.3681 0.01571 0.07333
6 0.50179 0.40048 0.01357 0.02952
6 0.51107 0.34048 0.01071 0.0219
6 0.47179 0.2981 0.01071 0.03429
6 0.49536 0.32286 0.01214 0.02476
6 0.48893 0.26095 0.00929 0.02667
6 0.49821 0.24143 0.00929 0.0219
6 0.50536 0.29476 0.01214 0.02381
6 0.50893 0.31476 0.00929 0.0219
6 0.51071 0.20381 0.03 0.01714
6 0.53071 0.20095 0.02286 0.01333
4 0.53286 0.31238 0.00857 0.01143
4 0.49536 0.34286 0.00786 0.01333
4 0.51464 0.37238 0.00786 0.01333
4 0.49893 0.36238 0.00786 0.01619
4 0.49179 0.29857 0.005 0.00857
4 0.46393 0.33905 0.00786 0.01524
4 0.49929 0.37905 0.00857 0.01333
4 0.51464 0.38952 0.00786 0.01524
4 0.51857 0.40857 0.00857 0.01905
5 0.5475 0.36381 0.00786 0.01714
4 0.11036 0.72429 0.03357 0.04286
5 0.08607 0.63857 0.03929 0.02571
0 0.47571 0.15238 0.02429 0.02286
6 0.46786 0.19333 0.00714 0.01333
6 0.47607 0.19048 0.00643 0.01333
4 0.53929 0.20571 0.01143 0.00571
4 0.50714 0.2419 0.00571 0.00762
4 0.50321 0.28048 0.00643 0.00476
4 0.50107 0.27286 0.00643 0.00857
4 0.50214 0.26476 0.00429 0.00762
4 0.50107 0.25857 0.005 0.00857
4 0.54357 0.2781 0.00714 0.01143
4 0.53286 0.30333 0.01143 0.01048
4 0.46536 0.28143 0.00643 0.01048
4 0.49357 0.27714 0.00571 0.00762
6 0.49036 0.28524 0.00786 0.01429
0 0.56643 0.40952 0.04571 0.03238
4 0.53857 0.48667 0.01429 0.02095
4 0.47607 0.49429 0.01214 0.02667
5 0.5375 0.52857 0.015 0.03048
1 0.33179 0.56381 0.00643 0.02095
1 0.36429 0.50143 0.00571 0.02
1 0.3425 0.53238 0.005 0.01714
1 0.42214 0.45143 0.00429 0.01714
1 0.35464 0.48048 0.005 0.0181
1 0.33607 0.55238 0.00643 0.02095
1 0.36786 0.43333 0.00429 0.01905
1 0.36286 0.42524 0.00429 0.01619
1 0.38071 0.38286 0.00571 0.01524
1 0.37321 0.37571 0.00357 0.01619
8 0.45536 0.37286 0.00786 0.01429
10 0.58929 0.4481 0.01143 0.00857
0 0.55643 0.34476 0.00714 0.01333
4 0.47179 0.17952 0.00357 0.00476
4 0.46929 0.18524 0.00429 0.00476
6 0.37857 0.21714 0.03714 0.01714
6 0.34429 0.22286 0.02429 0.01333
0 0.5025 0.12762 0.01786 0.02476
3 0.63607 0.81429 0.00786 0.02286
2 0.63607 0.81048 0.00786 0.01714
