1 0.14141 0.93333 0.02448 0.06111
1 0.14505 0.90417 0.02031 0.03796
3 0.16771 0.96343 0.02708 0.08611
3 0.17969 0.89398 0.02604 0.075
3 0.8237 0.22917 0.0224 0.0213
3 0.82526 0.2213 0.01927 0.02407
10 0.77109 0.1625 0.01719 0.01759
10 0.7638 0.14444 0.01823 0.02407
10 0.75651 0.07824 0.00573 0.01759
10 0.84219 0.25046 0.01771 0.01759
10 0.85807 0.26204 0.02448 0.02963
10 1.02448 0.61296 0.03125 0.06852
3 0.775 0.23333 0.00833 0.03704
2 0.80937 0.37731 0.01458 0.04537
1 0.75313 0.14769 0.00729 0.03611
2 0.6237 0.13426 0.00677 0.02593
10 0.62474 0.14259 0.00781 0.02407
10 0.65781 0.12593 0.01667 0.02593
2 0.65729 0.11806 0.00833 0.02315
1 0.33672 0.12593 0.00781 0.03333
1 0.39479 0.12917 0.00417 0.03796
1 0.3487 0.12407 0.00469 0.03333
1 0.33177 0.11667 0.00417 0.03333
2 0.40964 0.14537 0.00781 0.02593
2 0.40911 0.14352 0.00781 0.02407
10 0.40937 0.15278 0.00833 0.02963
3 0.32292 0.15324 0.00625 0.025
1 0.38411 0.65139 0.01927 0.06944
1 0.45417 0.64259 0.0125 0.06852
4 0.25729 0.64074 0.06771 0.15
4 0.31068 0.475 0.05469 0.1
4 0.32943 0.31111 0.03698 0.08333
4 0.36224 0.1662 0.02552 0.04907
4 0.38047 0.07963 0.01823 0.03148
4 0.45182 0.07917 0.01823 0.03241
4 0.38984 0.0463 0.0151 0.02593
4 0.39818 0.01019 0.01615 0.02037
4 0.39427 0.0213 0.01458 0.02222
5 0.36719 0.13472 0.02292 0.04907
4 0.67005 0.84398 0.14635 0.14722
4 0.80521 0.60093 0.07812 0.10926
4 0.96484 0.60046 0.07448 0.10833
4 0.8388 0.4875 0.06823 0.08241
4 0.83906 0.40602 0.04063 0.06944
4 0.6862 0.31157 0.04323 0.06019
4 0.59531 0.23472 0.02708 0.04537
4 0.68464 0.19954 0.02552 0.04167
4 0.63255 0.06065 0.02448 0.02685
9 0.57057 0.05093 0.03698 0.07407
4 0.71198 0.11806 0.04792 0.03796
4 0.66875 0.74815 0.13958 0.12407
5 0.63776 0.63796 0.13073 0.1463
4 0.90339 0.50046 0.07552 0.08796
4 0.80391 0.35093 0.05469 0.06111
5 0.77057 0.32083 0.05781 0.06574
4 0.76146 0.27917 0.04896 0.05463
4 0.74922 0.23194 0.04219 0.06204
4 0.72578 0.19583 0.0349 0.04722
4 0.7 0.16898 0.02917 0.03796
4 0.68411 0.14907 0.02865 0.03704
4 0.66979 0.13148 0.03229 0.03333
4 0.65339 0.08889 0.02135 0.03519
4 0.62578 0.04676 0.01927 0.02315
5 0.62135 0.03241 0.01771 0.03148
4 0.60911 0.02454 0.02448 0.02685
4 0.60417 0.01852 0.025 0.02407
5 0.66172 0.01065 0.0349 0.0213
4 0.66406 0.0162 0.03438 0.0213
4 0.66719 0.02176 0.03333 0.02315
4 0.6737 0.02778 0.03594 0.02222
6 0.68177 0.03704 0.0375 0.02963
5 0.69193 0.04907 0.03385 0.02963
5 0.70052 0.05509 0.03438 0.0287
5 0.70937 0.0625 0.04063 0.03426
5 0.7388 0.01759 0.03698 0.03333
4 0.75052 0.03102 0.03438 0.02685
4 0.75547 0.03935 0.03385 0.0287
5 0.71901 0.075 0.04323 0.03333
5 0.72865 0.07963 0.04063 0.03519
4 0.71146 0.09815 0.04792 0.02963
