4 0.35104 1.31065 0.14375 0.15648
4 0.96797 1.19722 0.14427 0.16481
1 0.50729 0.69722 0.01042 0.05185
4 0.40234 0.69722 0.07865 0.06111
1 0.41563 0.66759 0.00521 0.02593
1 0.42109 0.65972 0.00781 0.03796
4 0.22083 0.63657 0.06979 0.05833
1 0.20781 0.64167 0.01354 0.04444
4 0.11406 0.57963 0.06042 0.05185
4 0.01094 0.30787 0.02187 0.025
4 0.03255 0.30787 0.02969 0.03056
4 0.05417 0.31667 0.03438 0.02778
4 0.10625 0.31157 0.02604 0.02685
4 0.17604 0.25926 0.02708 0.02037
4 0.21641 0.35602 0.03802 0.025
4 0.18333 0.38194 0.0375 0.02685
4 0.14818 0.37176 0.03594 0.0287
4 0.12656 0.36713 0.03542 0.025
4 0.29766 0.40648 0.03906 0.03519
4 0.30833 0.37639 0.03542 0.025
4 0.2724 0.35648 0.03542 0.02963
1 0.3112 0.47222 0.00677 0.02963
1 0.34818 0.44722 0.00469 0.02593
10 0.34141 0.44306 0.01094 0.01944
4 0.33932 0.35509 0.03594 0.02685
4 0.39635 0.35 0.03542 0.03148
4 0.41042 0.34537 0.03021 0.02407
4 0.48047 0.30139 0.02448 0.01574
1 0.44375 0.34491 0.00208 0.01389
1 0.44505 0.34306 0.0026 0.01389
