5 0.06524 0.37662 0.06054 0.12801
1 0.04906 0.52551 0.02192 0.04174
1 0.12213 0.51994 0.02088 0.03618
1 0.14796 0.47913 0.01827 0.03247
1 0.13831 0.51763 0.01775 0.03896
2 0.01409 0.65167 0.01983 0.03247
2 0.01018 0.64842 0.02035 0.02783
10 0.01983 0.65353 0.03653 0.04174
4 0.1524 0.75139 0.10021 0.0872
10 0.25104 0.52319 0.03445 0.02968
4 0.46059 0.9026 0.05376 0.18924
1 0.40605 0.45362 0.00835 0.04082
1 0.39692 0.51484 0.01514 0.03711
7 0.39092 0.55056 0.04384 0.03618
2 0.59499 0.6141 0.01566 0.0334
7 0.58507 0.61827 0.05115 0.04917
1 0.84943 0.71289 0.01827 0.03061
7 0.92928 0.59416 0.06106 0.05473
10 0.81133 0.37199 0.012 0.03154
2 0.66884 0.53618 0.01096 0.02226
2 0.67015 0.53386 0.01566 0.02876
2 0.67641 0.53571 0.01253 0.03061
10 0.66675 0.54082 0.02871 0.02597
6 0.96738 0.66698 0.0642 0.11317
