6 0.02318 0.52269 0.0276 0.05833
4 0.09505 0.70463 0.01615 0.03519
5 0.1099 0.66713 0.01562 0.03426
5 0.12448 0.62546 0.01354 0.03056
1 0.07865 0.28056 0.00521 0.00741
1 0.10807 0.28796 0.00365 0.00556
1 0.18385 0.0787 0.00313 0.00926
1 0.18255 0.06944 0.00365 0.00556
1 0.15937 0.08287 0.00208 0.00463
1 0.29609 0.02963 0.00365 0.01111
1 0.29948 0.03102 0.00313 0.00833
1 0.16068 0.26759 0.0026 0.00556
2 0.14167 0.30278 0.00521 0.00556
1 0.11667 0.51296 0.00417 0.00741
4 0.30938 0.57639 0.01354 0.03241
5 0.31849 0.59259 0.01406 0.03333
5 0.32786 0.60509 0.01406 0.03611
11 0.35182 0.54167 0.01094 0.02407
4 0.33021 0.40833 0.0125 0.02963
6 0.33568 0.47315 0.02969 0.07778
6 0.36094 0.3963 0.02292 0.05741
11 0.37917 0.34167 0.01771 0.04444
5 0.35938 0.51898 0.0125 0.03241
5 0.36667 0.49861 0.01146 0.03241
5 0.3724 0.47269 0.01042 0.03426
5 0.37839 0.45185 0.0099 0.02963
4 0.38516 0.43194 0.0099 0.03241
5 0.39245 0.40972 0.01198 0.03426
10 0.39818 0.40741 0.00365 0.02222
10 0.40078 0.38935 0.00781 0.01204
4 0.41719 0.34259 0.01771 0.02037
5 0.62448 0.7125 0.0125 0.03241
1 0.65365 0.72454 0.00417 0.00463
1 0.63854 0.58472 0.00417 0.00648
1 0.63385 0.56667 0.00313 0.00741
5 0.61771 0.59213 0.00937 0.03426
4 0.61745 0.53565 0.00885 0.03611
4 0.61562 0.45324 0.00833 0.03426
1 0.64922 0.20139 0.00469 0.00833
5 0.62682 0.16111 0.0099 0.03148
5 0.63542 0.02731 0.00833 0.03056
5 0.50911 0.67315 0.00885 0.03704
5 0.48333 0.67407 0.00937 0.03889
4 0.46589 0.61759 0.00885 0.03704
5 0.39297 0.68194 0.01198 0.03426
5 0.42786 0.65556 0.01094 0.03889
5 0.40234 0.62593 0.01094 0.03704
9 0.49219 0.47546 0.00937 0.03426
5 0.43542 0.58935 0.01042 0.03796
6 0.41224 0.67407 0.01198 0.04074
9 0.37656 0.63704 0.03125 0.08889
9 0.41354 0.49167 0.02604 0.08333
5 0.40443 0.57685 0.01198 0.03519
5 0.41901 0.6125 0.01302 0.03796
5 0.42734 0.55648 0.0099 0.03333
5 0.43958 0.5338 0.01146 0.03796
5 0.43411 0.50417 0.0099 0.03426
5 0.44635 0.46852 0.00937 0.03333
4 0.44688 0.41991 0.01042 0.03056
5 0.43438 0.41898 0.00937 0.03241
6 0.44167 0.35463 0.01458 0.05
5 0.45807 0.34676 0.00885 0.03426
5 0.50104 0.34213 0.00833 0.03426
5 0.48958 0.30741 0.00833 0.02778
4 0.46536 0.2912 0.00781 0.01944
4 0.42031 0.32731 0.01667 0.01944
5 0.42292 0.31157 0.01771 0.01944
4 0.43125 0.28611 0.0125 0.01667
5 0.43203 0.26852 0.01719 0.01667
4 0.4362 0.23889 0.01719 0.01852
11 0.40625 0.23102 0.00833 0.01944
11 0.41641 0.20139 0.00781 0.01944
4 0.43958 0.225 0.01562 0.01481
4 0.44219 0.21019 0.01458 0.01667
5 0.45625 0.26944 0.01042 0.02963
5 0.4724 0.23981 0.00833 0.02407
4 0.51146 0.23102 0.00833 0.0287
4 0.53073 0.14676 0.00833 0.0287
4 0.46563 0.20417 0.00937 0.0287
4 0.47995 0.17407 0.00781 0.02222
4 0.47448 0.13657 0.00729 0.025
9 0.48802 0.10787 0.00833 0.02685
4 0.5263 0.08102 0.00781 0.02315
5 0.49635 0.05463 0.00937 0.02407
4 0.48776 0.02454 0.00885 0.02315
4 0.46849 0.03796 0.00781 0.02593
4 0.46484 0.06204 0.01198 0.02407
6 0.45651 0.08796 0.01615 0.04815
6 0.43568 0.11806 0.02135 0.06389
6 0.44349 0.13704 0.02135 0.05741
6 0.45365 0.15 0.01458 0.04815
2 0.00365 0.28935 0.00417 0.01019
