6 0.17943 0.69722 0.02865 0.06296
5 0.22917 0.70972 0.02187 0.03796
10 0.24063 0.67593 0.0125 0.01852
10 0.24714 0.66065 0.00573 0.025
11 0.19427 0.60648 0.02708 0.08519
4 0.26068 0.58102 0.03073 0.025
4 0.26224 0.55139 0.02969 0.025
5 0.2638 0.5213 0.03177 0.02593
4 0.27422 0.46296 0.02344 0.02407
4 0.27031 0.43287 0.03021 0.025
11 0.21693 0.3787 0.01406 0.04074
11 0.22734 0.31759 0.0151 0.04074
4 0.27214 0.37361 0.03073 0.025
5 0.27448 0.34444 0.02917 0.02407
5 0.27604 0.31528 0.02604 0.02315
6 0.24271 0.14074 0.02917 0.12963
6 0.26224 0.17546 0.02969 0.11574
6 0.28151 0.18657 0.02031 0.08611
6 0.27214 0.06574 0.0224 0.09259
4 0.28281 0.01481 0.01562 0.02963
5 0.325 0.01852 0.01146 0.03704
4 0.34349 0.07824 0.01198 0.05278
4 0.34193 0.21759 0.01198 0.0537
9 0.31927 0.31157 0.02292 0.13241
5 0.34089 0.34907 0.01302 0.05185
5 0.33672 0.49676 0.01198 0.05648
5 0.33542 0.59444 0.01146 0.05185
4 0.3099 0.55602 0.0125 0.05648
4 0.3112 0.69259 0.01198 0.05926
4 0.33542 0.69213 0.01354 0.05833
1 0.63047 0.51528 0.00573 0.01204
1 0.63281 0.50463 0.00625 0.00741
1 0.6388 0.50741 0.00573 0.00741
4 0.57891 0.30648 0.0151 0.04815
1 0.63568 0.11111 0.00677 0.01296
1 0.61406 0.02593 0.00521 0.01111
1 0.60911 0.00787 0.00365 0.01019
1 0.62135 0.01852 0.00625 0.00926
1 0.62813 0.00602 0.00521 0.01019
1 0.61979 0.00509 0.00521 0.00833
9 0.42422 0.19907 0.01927 0.1463
