1 0.42682 0.78333 0.00781 0.01852
1 0.425 0.71991 0.00625 0.01389
6 0.41094 0.66435 0.01562 0.05648
1 0.38698 0.59861 0.00625 0.01574
4 0.47109 0.64676 0.03594 0.03981
4 0.47813 0.57778 0.05 0.04259
1 0.43464 0.66759 0.00781 0.01481
10 0.36224 0.52315 0.02031 0.01667
2 0.36016 0.52269 0.01094 0.01389
1 0.37734 0.52963 0.00781 0.01667
1 0.36094 0.42917 0.00833 0.01389
1 0.41484 0.46574 0.00677 0.01111
10 0.31771 0.45833 0.00937 0.02407
10 0.32917 0.45556 0.01562 0.03148
0 0.34714 0.36713 0.01719 0.04167
1 0.27813 0.30972 0.00729 0.01574
10 0.26849 0.25324 0.01406 0.03056
3 0.29349 0.17083 0.01719 0.025
10 0.30651 0.12454 0.00885 0.03611
7 0.28464 0.15093 0.02552 0.02037
1 0.33307 0.39028 0.01094 0.01759
