1 0.12 0.47619 0.05 0.12
1 0.21357 0.36 0.03429 0.07429
1 0.33643 0.31905 0.01714 0.05524
1 0.37643 0.33095 0.03143 0.08095
1 0.41536 0.33667 0.02643 0.07333
1 0.4575 0.30333 0.02071 0.06952
1 0.4975 0.50762 0.03643 0.14095
1 0.53036 0.36619 0.035 0.06
1 0.48714 0.40238 0.03 0.1
1 0.47429 0.3919 0.03 0.09048
1 0.14429 0.46048 0.05286 0.12476
1 0.28643 0.58857 0.06714 0.15048
1 0.31821 0.59524 0.03929 0.12381
1 0.02321 0.51667 0.04643 0.13619
1 0.06643 0.66095 0.06714 0.15619
1 0.24393 0.65571 0.06214 0.1781
1 0.3325 0.68048 0.05071 0.15143
1 0.41964 0.66667 0.05929 0.1581
1 0.53643 0.66714 0.04857 0.15905
1 0.65821 0.64286 0.055 0.16
1 0.70429 0.67952 0.04857 0.15905
1 0.79857 0.66381 0.05143 0.17333
1 0.86464 0.65857 0.06929 0.17238
1 0.92071 0.66429 0.04857 0.14
1 0.97393 0.64714 0.05214 0.18762
1 0.95643 0.91619 0.04571 0.12381
1 0.93821 0.38238 0.04929 0.08476
2 0.69107 0.36952 0.03643 0.07429
2 0.66571 0.36905 0.04 0.0619
2 0.72571 0.3481 0.02857 0.05429
1 0.46143 0.2719 0.01143 0.05238
1 0.03571 0.49571 0.03571 0.08857
2 0.24357 0.59476 0.03857 0.08476
