1 0.45143 0.85048 0.01286 0.01905
1 0.4425 0.83714 0.01071 0.01714
1 0.43893 0.83381 0.01214 0.02
1 0.4475 0.79238 0.01071 0.01524
2 0.53464 0.72476 0.00786 0.00762
8 0.54 0.73286 0.01714 0.02571
4 0.37393 0.98238 0.02643 0.03524
4 0.49107 0.87095 0.02929 0.05619
4 0.4475 0.96476 0.035 0.07048
4 0.43893 0.89905 0.02786 0.05714
4 0.51143 0.76143 0.02714 0.04476
4 0.42714 0.84238 0.02571 0.05048
4 0.39607 0.85667 0.02357 0.04857
4 0.34821 0.87952 0.01929 0.04286
4 0.4175 0.80381 0.02071 0.0381
4 0.41143 0.76476 0.01714 0.03429
4 0.39179 0.77095 0.01643 0.02952
4 0.46679 0.70143 0.01929 0.02952
9 0.48464 0.65571 0.035 0.04286
4 0.43714 0.69333 0.01571 0.02667
9 0.34821 0.76095 0.025 0.05714
4 0.36571 0.71333 0.01143 0.02095
4 0.39643 0.66714 0.01286 0.0219
4 0.42464 0.61333 0.01214 0.01714
4 0.40893 0.54 0.00643 0.00762
4 0.40393 0.53143 0.005 0.00762
4 0.39929 0.52429 0.00429 0.00667
4 0.38714 0.52619 0.00429 0.00667
4 0.38143 0.50381 0.00286 0.00381
4 0.375 0.49762 0.00286 0.00286
4 0.37607 0.49286 0.00214 0.00286
4 0.36 0.50619 0.00286 0.00286
4 0.35357 0.51476 0.00286 0.00286
4 0.36107 0.51095 0.00214 0.00286
4 0.35607 0.52238 0.00357 0.00286
4 0.355 0.52476 0.00286 0.0019
4 0.36429 0.51667 0.00286 0.00476
4 0.3725 0.5219 0.00357 0.00381
4 0.36893 0.53 0.00357 0.00476
4 0.375 0.53524 0.00429 0.00571
4 0.36893 0.53952 0.00357 0.00476
4 0.36464 0.53905 0.00357 0.00571
4 0.35964 0.54476 0.00357 0.00571
4 0.35214 0.55714 0.00429 0.00762
4 0.34857 0.58143 0.00571 0.00857
4 0.2875 0.66095 0.01214 0.01714
4 0.30393 0.67762 0.01357 0.01619
9 0.19786 0.77095 0.01571 0.02
4 0.20571 0.76667 0.01 0.01143
4 0.19107 0.78143 0.00929 0.01238
4 0.18607 0.78381 0.00786 0.01333
1 0.71893 0.32857 0.00786 0.01333
