4 0.22675 0.76133 0.0385 0.064
4 0.22125 0.696 0.0325 0.048
4 0.2505 0.61933 0.026 0.03733
5 0.22575 0.64 0.0255 0.05067
6 0.21525 0.59833 0.0355 0.074
9 0.2615 0.57033 0.036 0.07267
4 0.218 0.56033 0.019 0.022
4 0.24375 0.55067 0.0175 0.02533
4 0.2475 0.52633 0.018 0.022
4 0.246 0.513 0.015 0.01667
4 0.243 0.50233 0.015 0.018
6 0.219 0.51433 0.026 0.07
6 0.217 0.464 0.019 0.04133
6 0.2705 0.42867 0.011 0.01867
6 0.218 0.41933 0.012 0.02
4 0.249 0.421 0.008 0.00867
4 0.2375 0.45633 0.008 0.014
2 0.20475 0.50767 0.0045 0.01267
10 0.20425 0.512 0.0035 0.01467
4 0.9665 0.73967 0.062 0.05267
4 0.69775 0.671 0.0495 0.03
4 0.679 0.659 0.041 0.02733
1 0.68475 0.598 0.0065 0.024
4 0.60425 0.53133 0.0325 0.01867
4 0.63075 0.55367 0.0345 0.02067
5 0.55025 0.51833 0.0175 0.022
4 0.482 0.48733 0.017 0.016
5 0.45725 0.45467 0.0195 0.01333
4 0.436 0.44767 0.017 0.01
5 0.4415 0.452 0.012 0.01333
5 0.44725 0.46533 0.0145 0.01467
4 0.4205 0.47567 0.023 0.014
4 0.359 0.41 0.007 0.00667
4 0.47025 0.50833 0.0285 0.01267
4 0.4715 0.515 0.03 0.01667
4 0.477 0.51967 0.027 0.018
4 0.4875 0.52367 0.027 0.01933
4 0.50875 0.54 0.0275 0.01333
4 0.5155 0.54333 0.026 0.01333
5 0.53025 0.549 0.0285 0.018
10 0.72425 0.621 0.0145 0.022
10 0.736 0.61633 0.011 0.01933
10 0.74975 0.63567 0.0115 0.01933
10 0.7685 0.63867 0.013 0.016
10 0.7845 0.64933 0.012 0.02
10 0.757 0.63733 0.008 0.01733
0 0.227 0.36267 0.036 0.03867
