0 0.50857 0.18667 0.03429 0.02667
0 0.51357 0.15905 0.01429 0.02857
0 0.51714 0.11238 0.02286 0.01905
9 0.49464 0.23286 0.00643 0.02
9 0.46786 0.29619 0.01143 0.03048
6 0.48607 0.15048 0.00643 0.01714
6 0.5025 0.20762 0.00643 0.01905
6 0.47929 0.23476 0.00571 0.01429
6 0.5025 0.14667 0.005 0.01143
6 0.47857 0.18476 0.00571 0.01333
6 0.48107 0.16714 0.005 0.01238
11 0.48321 0.19048 0.00643 0.01524
4 0.54179 0.21429 0.01071 0.00762
4 0.49 0.12857 0.00286 0.00381
4 0.48464 0.17905 0.00357 0.00571
4 0.50179 0.1881 0.00357 0.00667
4 0.50036 0.19381 0.00357 0.00667
6 0.485 0.1381 0.00571 0.00952
1 0.52357 0.15905 0.00143 0.00762
4 0.52607 0.16095 0.00357 0.00571
4 0.4925 0.22 0.005 0.00762
4 0.4975 0.25857 0.005 0.00857
4 0.53071 0.30857 0.01571 0.00952
4 0.47286 0.26476 0.00571 0.00952
4 0.54786 0.23571 0.01286 0.00667
4 0.54929 0.23952 0.01143 0.00667
4 0.55 0.24333 0.01143 0.00667
4 0.54964 0.2481 0.01214 0.00857
4 0.55107 0.2519 0.01214 0.00667
4 0.52893 0.3 0.01643 0.00952
0 0.46714 0.23571 0.01143 0.0181
4 0.53571 0.33905 0.01714 0.01333
5 0.49071 0.31095 0.00714 0.01619
5 0.49321 0.33952 0.00929 0.0181
0 0.50643 0.35238 0.00286 0.01143
6 0.46179 0.35286 0.01643 0.0581
6 0.48393 0.42238 0.01357 0.02952
6 0.52464 0.41429 0.00929 0.02286
1 0.5425 0.43286 0.00357 0.01048
4 0.55643 0.44714 0.02286 0.01238
4 0.56 0.45524 0.02143 0.00952
4 0.47107 0.56381 0.01357 0.02857
4 0.4675 0.69381 0.01786 0.04095
9 0.4125 0.76762 0.03357 0.10667
6 0.455 0.88143 0.03 0.09619
6 0.02107 0.69143 0.04214 0.13143
4 0.02286 0.62714 0.04 0.0219
4 0.10393 0.52905 0.03357 0.01619
4 0.24357 0.40619 0.01571 0.0181
4 0.31679 0.36857 0.01357 0.01905
4 0.1925 0.43571 0.01786 0.02
4 0.14036 0.51619 0.03214 0.01714
4 0.09643 0.54667 0.03286 0.02095
0 0.19964 0.45238 0.00786 0.01524
1 0.16964 0.51571 0.005 0.01429
6 0.30857 0.43 0.02429 0.03143
0 0.22607 0.37476 0.01071 0.01429
0 0.2575 0.36095 0.025 0.02095
10 0.19214 0.4219 0.01 0.00952
1 0.32 0.33762 0.00286 0.00857
6 0.25143 0.23095 0.01 0.01238
6 0.29929 0.28524 0.02857 0.02952
5 0.29321 0.30952 0.00929 0.01524
5 0.30107 0.31095 0.00786 0.01429
5 0.31429 0.26429 0.01 0.01048
5 0.33714 0.22952 0.01 0.00762
4 0.35429 0.24048 0.00714 0.00857
4 0.325 0.25571 0.01143 0.00667
4 0.31929 0.26238 0.01 0.00857
4 0.31179 0.27143 0.01357 0.00952
11 0.3875 0.24905 0.00929 0.0219
6 0.23893 0.22667 0.01214 0.01714
6 0.24536 0.22905 0.00929 0.01429
6 0.21143 0.23143 0.02571 0.01905
6 0.20071 0.23476 0.02286 0.0181
0 0.27286 0.2319 0.00857 0.01048
0 0.6525 0.48571 0.01071 0.01143
4 0.63893 0.47143 0.025 0.01524
6 0.43071 0.13524 0.02286 0.01143
0 0.49821 0.16619 0.01357 0.01429
6 0.49571 0.1519 0.00571 0.01238
4 0.50286 0.15619 0.00429 0.00571
0 0.52179 0.21048 0.02071 0.01524
0 0.44143 0.15905 0.01714 0.01714
0 0.48679 0.11143 0.005 0.01143
0 0.5125 0.09952 0.02786 0.01619
