4 0.95616 0.53154 0.03236 0.06865
4 0.82072 0.16187 0.0381 0.03432
4 0.44154 0.64193 0.0334 0.09091
4 0.40371 0.62523 0.03497 0.08905
4 0.50809 0.57607 0.03079 0.09276
4 0.52035 0.49536 0.02714 0.06865
4 0.53836 0.40677 0.02453 0.06215
4 0.54932 0.33395 0.02557 0.06122
4 0.54541 0.18275 0.01775 0.05195
1 0.3643 0.68043 0.00835 0.02505
2 0.36769 0.66373 0.00783 0.01577
4 0.33899 0.5923 0.03184 0.07699
4 0.31159 0.5821 0.03758 0.08256
4 0.2868 0.56262 0.03497 0.07514
4 0.25913 0.55241 0.0381 0.08442
5 0.22495 0.54221 0.03967 0.08627
10 0.17328 0.53942 0.01775 0.03247
5 0.15527 0.51948 0.04332 0.08534
4 0.09238 0.49258 0.04175 0.08163
