6 0.19245 0.29398 0.01302 0.0287
6 0.23464 0.28981 0.01302 0.02407
6 0.26719 0.30324 0.01667 0.02685
5 0.28568 0.34815 0.01406 0.02407
1 0.19193 0.35648 0.00677 0.01852
6 0.32786 0.2625 0.01406 0.03056
6 0.31432 0.25787 0.01302 0.03426
11 0.30052 0.25602 0.01562 0.04167
4 0.02969 0.75509 0.05625 0.09537
4 0.53021 0.86065 0.06042 0.14537
4 0.50104 0.73287 0.04167 0.10093
4 0.48958 0.64398 0.03333 0.06759
4 0.47396 0.58009 0.02813 0.05463
4 0.46771 0.52731 0.02604 0.04722
4 0.39609 0.49583 0.01927 0.03611
4 0.39687 0.40787 0.01354 0.0213
4 0.44661 0.39074 0.01302 0.02407
4 0.39948 0.38426 0.0125 0.02407
4 0.43932 0.35093 0.0099 0.02037
4 0.68333 0.56065 0.05104 0.05833
4 0.62526 0.47639 0.02865 0.03241
4 0.59609 0.43426 0.02448 0.02963
4 0.65547 0.5213 0.03802 0.0463
1 0.45026 0.63241 0.01094 0.04259
1 0.41693 0.63333 0.00885 0.03519
1 0.42031 0.61806 0.00937 0.03981
1 0.425 0.39167 0.00521 0.02037
1 0.41563 0.39028 0.00625 0.0213
3 0.41276 0.39259 0.00573 0.01667
4 0.4 0.36852 0.0125 0.02037
4 0.40156 0.35463 0.01042 0.01481
4 0.40339 0.34213 0.0099 0.01944
4 0.40625 0.31806 0.01667 0.01759
4 0.4375 0.34167 0.00937 0.01667
4 0.43724 0.33611 0.00781 0.01481
4 0.4349 0.32315 0.00833 0.01481
4 0.58125 0.41389 0.02187 0.02778
4 0.56875 0.39722 0.01875 0.02037
4 0.525 0.33935 0.0125 0.01759
4 0.51589 0.33009 0.0151 0.01389
4 0.51146 0.32685 0.01458 0.01296
4 0.50495 0.31759 0.0151 0.01481
4 0.5013 0.31204 0.01406 0.01481
4 0.49948 0.30324 0.00729 0.01019
4 0.49583 0.29676 0.00937 0.01204
4 0.5237 0.30046 0.00885 0.01204
4 0.52292 0.29028 0.00729 0.01204
4 0.51641 0.29213 0.00781 0.01204
1 0.52552 0.30602 0.00313 0.01204
4 0.58568 0.38009 0.0224 0.025
6 0.57344 0.35463 0.04375 0.03519
1 0.55104 0.36389 0.00417 0.01852
1 0.54219 0.36435 0.00417 0.01759
1 0.53724 0.3588 0.00365 0.01944
1 0.54479 0.36111 0.00521 0.01852
0 0.43906 0.22176 0.00937 0.01574
0 0.45599 0.24398 0.00885 0.01574
0 0.44766 0.2338 0.00573 0.00833
5 0.47344 0.2662 0.00625 0.01019
4 0.46823 0.26019 0.00417 0.00741
4 0.46667 0.25833 0.00521 0.00741
0 0.48177 0.27963 0.00521 0.01852
0 0.47292 0.29259 0.01562 0.01481
4 0.50208 0.28843 0.00625 0.00833
4 0.4901 0.29352 0.00521 0.00926
4 0.65026 0.43704 0.04115 0.02407
4 0.69453 0.49444 0.0526 0.03148
4 0.70911 0.51667 0.03906 0.03704
4 0.70026 0.40556 0.04323 0.03889
