4 0.01484 0.44444 0.02969 0.03704
10 0.05677 0.47778 0.02187 0.02037
2 0.05417 0.475 0.00937 0.02222
4 0.11667 0.41528 0.04479 0.04352
4 0.19635 0.37917 0.04271 0.04167
10 0.20104 0.4162 0.01667 0.02315
2 0.2 0.41435 0.01042 0.02315
4 0.19453 0.31204 0.03073 0.03889
10 0.23984 0.30648 0.01823 0.02037
4 0.11094 0.33241 0.04271 0.03704
4 0.05573 0.25926 0.02187 0.04444
10 0.12734 0.2625 0.01719 0.01944
6 0.32292 0.28796 0.04063 0.05741
2 0.33776 0.22778 0.00677 0.02222
10 0.3737 0.27639 0.01406 0.02685
4 0.37552 0.31019 0.03646 0.03704
10 0.38854 0.2787 0.00937 0.02593
4 0.43125 0.2463 0.01875 0.0463
4 0.18776 0.5713 0.04948 0.0463
4 0.32708 0.51389 0.04896 0.04444
10 0.29714 0.46991 0.0224 0.0213
2 0.29661 0.46852 0.01198 0.02037
10 0.38203 0.46296 0.02031 0.01667
2 0.38229 0.46111 0.01042 0.02037
10 0.36901 0.87315 0.02552 0.01852
2 0.36823 0.8713 0.01354 0.02222
10 0.69036 0.75324 0.0224 0.025
2 0.69219 0.75278 0.01771 0.02222
10 0.57865 0.46852 0.01979 0.01852
10 0.48672 0.4537 0.01927 0.01852
10 0.51589 0.41852 0.02031 0.01852
2 0.48854 0.45046 0.00937 0.01944
2 0.57995 0.46481 0.01198 0.01852
2 0.51589 0.41713 0.00885 0.01759
2 0.51979 0.4162 0.00937 0.0213
4 0.57786 0.26944 0.03906 0.03519
10 0.5 0.26435 0.01042 0.0287
2 0.50026 0.25833 0.00885 0.01852
2 0.52161 0.23565 0.00573 0.01204
1 0.52656 0.23426 0.00417 0.01296
1 0.53307 0.22824 0.00573 0.0213
1 0.52865 0.20972 0.00521 0.01759
4 0.49297 0.22639 0.02344 0.04352
4 0.46146 0.13241 0.01875 0.03519
4 0.42161 0.16204 0.01719 0.04259
1 0.45599 0.03009 0.00573 0.01944
