4 0.46849 1.37407 0.03594 0.02963
1 0.47266 1.34352 0.00573 0.03519
4 0.55312 1.34398 0.03646 0.04352
4 0.6151 1.31343 0.03229 0.03611
4 0.69479 1.33102 0.04271 0.03796
1 0.8737 1.20324 0.00677 0.01944
1 0.92005 1.1875 0.00677 0.02315
4 0.9099 1.17222 0.02604 0.03148
4 0.94557 1.15278 0.02656 0.02593
4 0.91198 1.11944 0.02708 0.03148
4 0.95547 1.09769 0.02448 0.02315
4 0.94271 1.08657 0.025 0.01944
4 1.00234 1.10139 0.02135 0.03056
4 1.00339 1.07083 0.02865 0.0213
4 0.99583 1.06111 0.01875 0.02037
4 1.01875 1.15556 0.01875 0.03148
