4 0.61719 0.25139 0.04063 0.07685
4 0.69375 0.08194 0.03854 0.07685
1 0.31328 0.63194 0.00781 0.025
1 0.39583 0.67639 0.00625 0.02685
1 0.4 0.68657 0.00729 0.03056
1 0.32135 0.32639 0.00625 0.03056
1 0.34141 0.22685 0.00677 0.02593
1 0.3474 0.19676 0.00625 0.025
1 0.45521 0.51065 0.00729 0.02315
1 0.45573 0.52361 0.00521 0.0213
1 0.57135 0.66991 0.00937 0.0213
1 0.57917 0.66667 0.01042 0.02778
1 0.41198 0.3037 0.00521 0.02593
1 0.41615 0.30185 0.00625 0.02593
1 0.49479 0.1875 0.00625 0.025
1 0.50807 0.20278 0.00573 0.02407
1 0.37083 0.17685 0.00625 0.02037
1 0.36198 0.1838 0.00729 0.02315
2 0.35677 0.10787 0.00729 0.01574
1 0.33698 0.07917 0.00417 0.0213
1 0.34635 0.07222 0.00625 0.02407
1 0.32656 0.04167 0.00521 0.02407
2 0.35469 0.05093 0.00625 0.01852
1 0.40911 0.03657 0.00573 0.01389
