6 0.08047 0.53519 0.09115 0.07037
6 0.09714 0.43056 0.0901 0.07222
6 0.10312 0.38333 0.09167 0.06481
6 0.10391 0.33519 0.0776 0.06111
6 0.10781 0.3 0.07083 0.05926
6 0.11589 0.25648 0.06615 0.0537
6 0.13073 0.22639 0.06771 0.06759
6 0.26276 0.34907 0.07969 0.05926
6 0.24688 0.54028 0.07708 0.06759
6 0.25885 0.39583 0.07604 0.06944
6 0.26484 0.27269 0.07656 0.06574
5 0.31875 0.59491 0.05729 0.05463
5 0.47656 0.60278 0.025 0.10556
5 0.59036 0.27639 0.03073 0.05833
5 0.43932 0.34676 0.02448 0.08981
5 0.32708 0.38657 0.05625 0.04352
4 0.32318 0.54954 0.05573 0.04907
4 0.32839 0.46204 0.04844 0.0463
4 0.32682 0.425 0.04844 0.03889
4 0.42005 0.60463 0.02656 0.0963
4 0.44557 0.60509 0.02448 0.08796
4 0.52812 0.61157 0.03333 0.10463
4 0.55885 0.62454 0.02813 0.09537
4 0.63828 0.60972 0.02865 0.09907
4 0.67161 0.61065 0.04635 0.10648
4 0.68776 0.53426 0.03802 0.1
4 0.63073 0.49074 0.03542 0.09074
4 0.6013 0.51852 0.0276 0.1037
4 0.5737 0.51204 0.03177 0.0963
4 0.5474 0.51343 0.02917 0.09352
4 0.52031 0.51574 0.03021 0.09074
4 0.46979 0.50787 0.02813 0.09352
4 0.41354 0.3537 0.025 0.08148
4 0.33073 0.35463 0.05208 0.03889
4 0.33151 0.28796 0.05052 0.04815
4 0.3362 0.25463 0.04948 0.03704
4 0.33594 0.19815 0.04479 0.0463
4 0.40469 0.17407 0.02187 0.07593
4 0.56797 0.15694 0.0349 0.05463
4 0.57891 0.2 0.0276 0.06111
4 0.58281 0.23981 0.02708 0.0463
4 0.57135 0.42731 0.05104 0.05278
4 0.5612 0.38333 0.0526 0.05
4 0.55599 0.34722 0.05156 0.04815
4 0.6 0.32407 0.03333 0.05741
4 0.55104 0.30648 0.04375 0.04259
4 0.42969 0.16204 0.02187 0.06296
4 0.3349 0.14815 0.03542 0.04259
4 0.54349 0.275 0.04323 0.04259
4 0.5401 0.23519 0.03958 0.04259
4 0.53802 0.2037 0.03958 0.03889
4 0.52812 0.17361 0.04063 0.03796
4 0.52344 0.14583 0.03958 0.04167
6 0.71068 0.48935 0.03698 0.17685
