2 0.94143 0.76286 0.00857 0.01905
10 0.94143 0.76952 0.01429 0.01333
4 0.40357 0.97476 0.05143 0.05048
4 0.30536 0.90476 0.04357 0.05333
4 0.27214 0.79381 0.03 0.03333
4 0.20571 0.73429 0.02571 0.02476
4 0.17786 0.69857 0.01857 0.02
4 0.1975 0.67571 0.01786 0.0181
4 0.19571 0.65381 0.01286 0.01238
4 0.13429 0.63048 0.01286 0.01333
4 0.13464 0.6019 0.01214 0.00952
4 0.11429 0.58429 0.00857 0.00857
0 0.12714 0.55952 0.04 0.02381
9 0.09964 0.55476 0.01643 0.01048
4 0.06821 0.55667 0.00786 0.00667
4 0.08357 0.59143 0.01 0.00952
4 0.08679 0.61571 0.01071 0.01238
4 0.10679 0.62952 0.01071 0.01333
4 0.11214 0.64333 0.01286 0.01619
4 0.11286 0.65952 0.01429 0.01238
4 0.11393 0.67286 0.01929 0.0181
4 0.11679 0.68 0.01643 0.02286
4 0.12107 0.69571 0.01929 0.02
4 0.1225 0.71095 0.01929 0.0219
4 0.13357 0.72476 0.02 0.02476
4 0.13607 0.74571 0.02071 0.02667
4 0.14571 0.77429 0.02429 0.02857
4 0.15179 0.8019 0.02786 0.04
4 0.16357 0.8381 0.03 0.04381
4 0.16893 0.87905 0.035 0.04762
4 0.20214 0.96762 0.04429 0.06476
4 0.1225 0.92905 0.03929 0.06762
4 0.14571 0.98429 0.04143 0.03143
4 0.11571 0.86476 0.03143 0.04952
4 0.11643 0.83238 0.02857 0.0381
4 0.10929 0.8019 0.02714 0.0381
4 0.10679 0.76857 0.025 0.03619
5 0.10107 0.74714 0.02071 0.03143
4 0.10179 0.73095 0.01786 0.02571
4 0.09607 0.71524 0.01786 0.02286
4 0.09107 0.69952 0.01929 0.0219
5 0.095 0.68429 0.01429 0.0219
4 0.08964 0.67714 0.01214 0.01905
1 0.0675 0.70714 0.00643 0.01619
4 0.06964 0.65333 0.015 0.02286
9 0.09107 0.64619 0.01786 0.04667
4 0.06607 0.62 0.00786 0.01524
4 0.06643 0.59667 0.00714 0.02
