4 0.52679 0.92 0.25357 0.15238
4 0.955 0.71429 0.09 0.14286
4 0.92 0.56381 0.16 0.13333
4 0.89643 0.4381 0.19857 0.12381
1 0.8575 0.79619 0.04786 0.08571
1 0.70393 0.42667 0.02929 0.08952
1 0.68786 0.3981 0.02571 0.06476
1 0.34607 0.28667 0.02357 0.06857
1 0.36679 0.28952 0.02071 0.07048
4 0.52714 0.76238 0.24 0.1419
4 0.51929 0.62952 0.20429 0.1219
4 0.52107 0.51952 0.16786 0.10571
4 0.51464 0.42667 0.17071 0.09333
4 0.51321 0.28952 0.155 0.07238
4 0.51214 0.22619 0.14 0.07333
4 0.50857 0.1781 0.12429 0.05333
4 0.5075 0.1481 0.11357 0.06381
4 0.50607 0.11238 0.11214 0.05143
4 0.50286 0.05429 0.09429 0.06095
5 0.51393 0.34095 0.13643 0.09524
5 0.49964 0.01905 0.07643 0.03429
