1 0.1 0.01571 0.01 0.02381
3 0.03929 0.1119 0.01714 0.01619
1 0.0175 0.05857 0.01357 0.02571
2 0.02821 0.07952 0.01071 0.02
2 0.02143 0.10286 0.01429 0.01714
1 0.03321 0.10286 0.01357 0.02286
1 0.10179 0.22095 0.01643 0.02667
1 0.12929 0.22714 0.01429 0.02571
1 0.09 0.75619 0.02714 0.03238
3 0.2825 0.40619 0.015 0.03333
1 0.32536 0.36952 0.015 0.03048
1 0.3225 0.35905 0.015 0.03429
1 0.36321 0.37714 0.01214 0.03619
1 0.35286 0.35857 0.01143 0.03143
1 0.36393 0.26048 0.01357 0.03524
1 0.43464 0.94429 0.02786 0.05429
1 0.49464 0.88048 0.02071 0.04667
1 0.51964 0.88714 0.02214 0.04857
2 0.40857 0.4519 0.02429 0.02381
2 0.50036 0.43619 0.03214 0.03048
1 0.44964 0.22952 0.00786 0.03238
1 0.43679 0.23952 0.01071 0.02952
1 0.42 0.26762 0.01286 0.03048
1 0.4275 0.2519 0.00929 0.03714
1 0.38286 0.22857 0.01286 0.03619
1 0.46964 0.05905 0.01071 0.02857
1 0.5025 0.31048 0.00929 0.03238
1 0.5125 0.30905 0.01071 0.03143
1 0.52857 0.29667 0.01 0.03333
1 0.51 0.29619 0.01 0.03048
1 0.52643 0.28095 0.01143 0.03619
1 0.55 0.83286 0.02429 0.03524
1 0.69 0.83619 0.02429 0.03619
1 0.69893 0.82 0.02071 0.02667
1 0.76821 0.76571 0.02357 0.03619
1 0.73964 0.7 0.02071 0.03619
1 0.56786 0.31619 0.01143 0.03619
2 0.59893 0.35381 0.02071 0.03524
1 0.615 0.37238 0.01143 0.03619
1 0.65571 0.3919 0.01286 0.03714
1 0.65357 0.36238 0.01714 0.03714
1 0.67 0.37381 0.01286 0.03333
1 0.6875 0.02429 0.01071 0.02952
1 0.75357 0.09286 0.00857 0.03333
1 0.63036 0.15429 0.00643 0.02476
2 0.62857 0.1819 0.01429 0.02286
2 0.66857 0.17905 0.00857 0.02286
10 0.67643 0.16762 0.01143 0.02667
1 0.90929 0.01952 0.01143 0.03143
3 0.78679 0.37476 0.01357 0.02952
1 0.82107 0.46857 0.02071 0.04571
1 0.85893 0.73143 0.01929 0.04571
1 0.85964 0.78143 0.01929 0.03714
1 0.91071 0.84524 0.02429 0.03714
1 0.93286 0.97714 0.03286 0.0381
10 0.8425 0.96952 0.04357 0.0419
1 0.63464 0.15286 0.00643 0.02571
