4,0.40546875,1.2782407407407408,0.06822916666666666,0.2212962962962963
4,0.41848958333333336,0.9976851851851852,0.058854166666666666,0.2175925925925926
4,0.4591145833333333,0.3736111111111111,0.0296875,0.06574074074074074
4,0.61328125,0.39444444444444443,0.05677083333333333,0.07777777777777778
4,0.6841145833333333,0.7222222222222222,0.0515625,0.12407407407407407
4,0.03671875,0.41759259259259257,0.059895833333333336,0.08148148148148149
4,0.46588541666666666,0.1162037037037037,0.0171875,0.032407407407407406
4,0.46927083333333336,0.058333333333333334,0.014583333333333334,0.03148148148148148
4,0.5552083333333333,0.02546296296296296,0.014583333333333334,0.025
6,0.471875,0.01898148148148148,0.013541666666666667,0.028703703703703703
7,0.48359375,0.07407407407407407,0.0109375,0.027777777777777776
2,0.4830729166666667,0.07083333333333333,0.005729166666666666,0.013888888888888888
4,0.5143229166666666,0.05462962962962963,0.0140625,0.02962962962962963
4,0.5872395833333334,0.1087962962962963,0.0296875,0.030555555555555555
4,0.5627604166666667,0.046296296296296294,0.019270833333333334,0.025925925925925925
4,0.62421875,0.18425925925925926,0.0453125,0.03888888888888889
4,0.46588541666666666,0.1486111111111111,0.025520833333333333,0.032407407407407406
4,0.4591145833333333,0.20601851851851852,0.021354166666666667,0.04537037037037037
4,0.46041666666666664,0.29953703703703705,0.025,0.062037037037037036
4,0.2921875,0.5064814814814815,0.08020833333333334,0.06666666666666667
4,0.74140625,0.5972222222222222,0.0953125,0.06851851851851852
4,0.7421875,0.5412037037037037,0.08125,0.058333333333333334
4,0.74609375,0.4930555555555556,0.07552083333333333,0.06018518518518518
4,0.6619791666666667,0.2884259259259259,0.06041666666666667,0.05092592592592592
4,0.653125,0.27175925925925926,0.059375,0.04351851851851852
1,0.609375,0.027777777777777776,0.005208333333333333,0.027777777777777776
1,0.60078125,0.022685185185185187,0.005729166666666666,0.023148148148148147
1,0.5567708333333333,0.10231481481481482,0.004166666666666667,0.026851851851851852
1,0.6106770833333334,0.02175925925925926,0.0046875,0.026851851851851852
1,0.5778645833333333,0.026851851851851852,0.0036458333333333334,0.024074074074074074
1,0.5671875,0.028703703703703703,0.004166666666666667,0.024074074074074074
1,0.55390625,0.09444444444444444,0.0036458333333333334,0.024074074074074074
1,0.55390625,0.10648148148148148,0.0036458333333333334,0.018518518518518517
2,0.55859375,0.09537037037037037,0.0026041666666666665,0.012962962962962963
1,0.5825520833333333,0.01990740740740741,0.0036458333333333334,0.01574074074074074
10,0.5822916666666667,0.06018518518518518,0.0125,0.016666666666666666
10,0.6203125,0.15462962962962962,0.013541666666666667,0.018518518518518517
3,0.6171875,0.13055555555555556,0.013541666666666667,0.020370370370370372
2,0.4901041666666667,0.03935185185185185,0.00625,0.025
2,0.5307291666666667,0.27314814814814814,0.009375,0.027777777777777776
2,0.6104166666666667,0.5745370370370371,0.013541666666666667,0.03425925925925926
2,0.6080729166666666,0.5722222222222222,0.0109375,0.03518518518518519
2,0.6546875,0.3611111111111111,0.013541666666666667,0.037037037037037035
2,0.42083333333333334,0.6523148148148148,0.019791666666666666,0.03796296296296296
2,0.12109375,0.5259259259259259,0.0078125,0.016666666666666666
5,0.35911458333333335,0.6898148148148148,0.043229166666666666,0.1037037037037037
5,0.6966145833333334,0.4078703703703704,0.06302083333333333,0.06018518518518518
5,0.6684895833333333,0.31851851851851853,0.0578125,0.05555555555555555
4,0.46588541666666666,0.08425925925925926,0.015104166666666667,0.027777777777777776
1,0.7567708333333333,0.7162037037037037,0.022916666666666665,0.05277777777777778
3,0.7921875,0.6898148148148148,0.022916666666666665,0.04259259259259259
1,0.12708333333333333,0.5319444444444444,0.014583333333333334,0.04351851851851852
1,0.134375,0.5291666666666667,0.013541666666666667,0.028703703703703703
10,0.4236979166666667,0.6643518518518519,0.013020833333333334,0.05277777777777778
10,0.6109375,0.5851851851851851,0.011458333333333333,0.04814814814814815
10,0.7765625,0.4532407407407407,0.028125,0.026851851851851852
2,0.7796875,0.4444444444444444,0.011458333333333333,0.03518518518518519
2,0.6885416666666667,0.3490740740740741,0.004166666666666667,0.016666666666666666
1,0.68984375,0.3592592592592593,0.0078125,0.037037037037037035
10,0.6622395833333333,0.35138888888888886,0.008854166666666666,0.041666666666666664
3,0.6541666666666667,0.3680555555555556,0.011458333333333333,0.032407407407407406
3,0.6510416666666666,0.35555555555555557,0.0125,0.024074074074074074
1,0.4901041666666667,0.10833333333333334,0.005208333333333333,0.027777777777777776
1,0.44244791666666666,0.08935185185185185,0.005729166666666666,0.026851851851851852
5,0.40859375,0.020833333333333332,0.0296875,0.030555555555555555
6,0.4080729166666667,0.275,0.033854166666666664,0.10740740740740741
