4 0.4775 0.29381 0.02214 0.04667
4 0.43714 0.39333 0.02857 0.06286
4 0.84964 0.43095 0.04786 0.06
4 0.58679 0.17714 0.02214 0.03048
10 0.31036 0.19 0.01786 0.01619
10 0.31821 0.16476 0.015 0.01143
1 0.02 0.94714 0.02714 0.0219
2 0.34714 0.92143 0.01714 0.02762
2 0.33214 0.52238 0.00857 0.0219
2 0.31214 0.56524 0.01143 0.02381
2 0.39321 0.05667 0.005 0.01048
2 0.6275 0.09429 0.005 0.01524
2 0.74321 0.4119 0.01214 0.02
3 0.39357 0.0619 0.00571 0.01714
3 0.33357 0.53381 0.01 0.02952
3 0.3125 0.57476 0.00786 0.03143
10 0.34679 0.92619 0.01357 0.07333
1 0.515 0.2219 0.00714 0.02286
3 0.62714 0.09952 0.00429 0.01619
3 0.74143 0.4181 0.01143 0.03048
4 0.97679 0.72238 0.04643 0.09238
5 0.89464 0.51143 0.05357 0.06667
1 0.83679 0.39381 0.00643 0.02571
1 0.79143 0.30619 0.01 0.02381
4 0.81321 0.35238 0.02786 0.0381
4 0.77214 0.0219 0.03 0.01905
4 0.76571 0.01476 0.02857 0.01619
