9 0.0151 0.26157 0.03021 0.10093
5 0.03958 0.10741 0.04063 0.05741
5 0.12891 0.09444 0.03177 0.05
4 0.11901 0.03148 0.0276 0.03704
4 0.18906 0.01296 0.02396 0.02593
4 0.01484 0.08843 0.02969 0.03426
1 0.20234 0.4375 0.00781 0.03056
1 0.19401 0.42593 0.0099 0.03148
1 0.1651 0.71713 0.02083 0.02315
1 0.26224 0.3037 0.00781 0.02037
1 0.14271 0.27685 0.00521 0.02037
1 0.14427 0.27546 0.00729 0.0213
1 0.34141 0.42731 0.00573 0.02685
1 0.32188 0.17685 0.00417 0.02222
1 0.58307 0.35 0.00573 0.02593
1 0.59323 0.34907 0.01042 0.02963
1 0.58464 0.34306 0.00781 0.02685
1 0.51328 0.33426 0.00573 0.01481
1 0.51615 0.32546 0.00625 0.02315
1 0.52734 0.31852 0.00677 0.02407
10 0.5737 0.37269 0.02448 0.03241
10 0.54401 0.35741 0.01823 0.03519
10 0.45937 0.29444 0.01354 0.03519
6 0.71042 0.37731 0.0375 0.07315
6 0.63047 0.53704 0.07135 0.08148
4 0.56406 0.57176 0.0625 0.06389
3 0.35625 0.42731 0.01146 0.02685
3 0.32786 0.37778 0.01302 0.02407
3 0.31823 0.31852 0.00729 0.01667
3 0.32031 0.24167 0.00417 0.01852
3 0.3125 0.28009 0.00417 0.01759
2 0.35625 0.41852 0.00833 0.02593
2 0.32812 0.36898 0.00729 0.0287
2 0.31771 0.30833 0.00625 0.02222
2 0.31276 0.27037 0.00573 0.01852
2 0.31953 0.23472 0.00573 0.01759
6 0.37448 0.13843 0.01875 0.06019
4 0.41927 0.13102 0.01354 0.0287
4 0.41875 0.10741 0.0125 0.02778
4 0.41563 0.08472 0.0125 0.0287
4 0.35469 0.07731 0.01771 0.02315
4 0.3526 0.06065 0.0125 0.0213
6 0.4151 0.04167 0.01458 0.05
5 0.35391 0.03102 0.0099 0.02315
