4 0.59536 0.81571 0.03214 0.07333
4 0.7175 0.36333 0.02071 0.02952
4 0.73571 0.33 0.02857 0.02
4 0.75607 0.29333 0.02929 0.01524
5 0.81464 0.30238 0.02071 0.01619
6 0.79071 0.33857 0.04286 0.02762
6 0.85714 0.28095 0.04571 0.02476
6 0.85321 0.25 0.02643 0.02952
6 0.99464 0.28143 0.01071 0.02
6 0.83143 0.2481 0.02571 0.03524
6 0.79179 0.32143 0.07786 0.03524
6 0.81679 0.25048 0.02357 0.03238
6 0.47286 0.19905 0.01571 0.03238
1 0.93964 0.28333 0.00643 0.01429
4 0.72714 0.41 0.02286 0.02762
11 0.92393 0.29286 0.03214 0.02762
3 0.48536 0.24 0.005 0.00952
3 0.45643 0.17619 0.00429 0.00952
7 0.45643 0.18952 0.00571 0.01143
4 0.45214 0.10571 0.00714 0.01143
4 0.44143 0.07381 0.00571 0.01048
4 0.4225 0.05952 0.00643 0.00857
0 0.42786 0.04048 0.02571 0.02571
