4 0.24036 0.02284 0.02214 0.04061
4 0.25536 0.06091 0.02071 0.04061
4 0.28429 0.13135 0.02286 0.04442
4 0.29357 0.04695 0.02143 0.04061
5 0.32357 0.11675 0.02429 0.04569
5 0.34143 0.15673 0.02571 0.04695
4 0.32857 0.1802 0.02571 0.04569
5 0.36464 0.21447 0.02643 0.04822
5 0.33714 0.25571 0.02714 0.05203
4 0.3575 0.30584 0.02786 0.0533
4 0.40964 0.31091 0.025 0.04569
4 0.40714 0.36421 0.02857 0.05584
5 0.435 0.37119 0.02571 0.04949
5 0.45964 0.42893 0.03214 0.06345
5 0.48893 0.49365 0.03214 0.06091
4 0.515 0.55584 0.03143 0.06091
4 0.54107 0.62183 0.035 0.06853
4 0.525 0.65736 0.03429 0.07107
4 0.93464 0.97018 0.045 0.05711
4 0.86286 0.79949 0.04286 0.06599
10 0.92321 0.79505 0.01357 0.02411
1 0.44286 0.05013 0.00286 0.01396
1 0.45071 0.06536 0.00571 0.0165
1 0.46857 0.05838 0.00571 0.01523
1 0.46607 0.09962 0.00357 0.0165
1 0.47679 0.09898 0.00357 0.01523
1 0.45357 0.04569 0.00429 0.01269
1 0.45607 0.04124 0.00357 0.01142
1 0.52321 0.08185 0.005 0.01396
1 0.52821 0.07297 0.00357 0.0165
1 0.51786 0.03617 0.00429 0.01904
1 0.52286 0.03363 0.00429 0.01904
1 0.58643 0.04124 0.00286 0.0165
1 0.46571 0.02919 0.00286 0.01523
1 0.50821 0.01586 0.00357 0.01396
1 0.51679 0.01332 0.00357 0.01396
1 0.5275 0.02602 0.00357 0.01904
1 0.53036 0.02475 0.00357 0.0165
1 0.5325 0.02221 0.00357 0.0165
1 0.46071 0.02728 0.00286 0.0165
1 0.45536 0.02855 0.00357 0.01396
1 0.45214 0.02284 0.00429 0.0203
1 0.46071 0.01904 0.00286 0.01269
1 0.46179 0.01523 0.00214 0.01269
1 0.505 0.00508 0.00286 0.01015
1 0.52286 0.23604 0.00429 0.01777
1 0.575 0.1802 0.00429 0.01777
1 0.54107 0.29061 0.005 0.01777
1 0.53643 0.30964 0.00429 0.01269
1 0.585 0.38959 0.00286 0.01015
1 0.58464 0.38388 0.00357 0.01142
1 0.59857 0.36548 0.00429 0.01523
1 0.59679 0.3769 0.00357 0.01269
1 0.60286 0.38515 0.00286 0.01142
1 0.60071 0.38071 0.00429 0.01269
1 0.59679 0.38959 0.005 0.00761
1 0.60286 0.40863 0.00571 0.01777
1 0.60786 0.38959 0.00429 0.01015
1 0.62179 0.38071 0.00786 0.01777
1 0.62536 0.40609 0.005 0.01269
1 0.63286 0.44289 0.00429 0.01269
1 0.63607 0.44416 0.00357 0.01777
1 0.62393 0.46066 0.005 0.01269
1 0.63143 0.47652 0.00714 0.01904
1 0.74893 0.40355 0.005 0.01523
1 0.75107 0.39784 0.00357 0.01396
1 0.75179 0.40165 0.005 0.01396
1 0.75679 0.40102 0.00357 0.01269
1 0.75964 0.40736 0.005 0.01015
1 0.76107 0.40165 0.00357 0.00888
1 0.76321 0.38579 0.005 0.01015
1 0.7625 0.32107 0.005 0.01015
1 0.775 0.27792 0.00571 0.01269
1 0.78821 0.29251 0.00643 0.0165
1 0.795 0.28617 0.00571 0.01396
1 0.725 0.24492 0.00714 0.01523
1 0.70321 0.19734 0.005 0.01396
1 0.70786 0.20368 0.00429 0.01142
1 0.71071 0.20939 0.00429 0.01269
1 0.71286 0.21447 0.00429 0.01269
1 0.72179 0.20241 0.00786 0.02157
1 0.71893 0.1986 0.005 0.0165
1 0.7225 0.1986 0.00357 0.01904
1 0.71893 0.18972 0.00357 0.01142
1 0.7775 0.17893 0.00643 0.02284
1 0.66857 0.02728 0.00714 0.02411
1 0.71393 0.09201 0.00786 0.0165
1 0.65786 0.00888 0.00571 0.01269
1 0.61536 0.00761 0.00643 0.01523
1 0.40929 0.13261 0.00571 0.01904
1 0.40214 0.11231 0.00429 0.01396
