4 0.33516 0.68981 0.01615 0.04444
4 0.31927 0.59769 0.01354 0.03611
5 0.38984 0.67037 0.0151 0.05741
5 0.30026 0.52824 0.01406 0.03611
6 0.41563 0.47176 0.01146 0.03426
4 0.38542 0.46806 0.01042 0.0287
4 0.34766 0.45463 0.00885 0.02407
5 0.31328 0.45741 0.01198 0.02222
5 0.39297 0.33056 0.00781 0.01481
5 0.3724 0.33009 0.00729 0.01944
5 0.38776 0.30509 0.00677 0.01944
4 0.37214 0.28333 0.00573 0.01111
4 0.38125 0.2625 0.00521 0.01019
4 0.35026 0.24444 0.00573 0.01111
4 0.36094 0.20463 0.00521 0.01111
4 0.35391 0.20463 0.00573 0.00926
0 0.37135 0.09491 0.04583 0.18981
5 0.56432 0.59259 0.03281 0.03148
5 0.625 0.58611 0.03333 0.02963
4 0.66354 0.58148 0.02604 0.02222
5 0.70208 0.57685 0.03333 0.02778
6 0.59531 0.71528 0.05417 0.02685
