1 0.53125 0.71157 0.01042 0.05093
1 0.51484 0.71574 0.01406 0.04444
1 0.39453 0.48241 0.00885 0.03704
1 0.02266 0.71481 0.01823 0.0537
1 0.00755 0.45509 0.0151 0.03796
2 0.2987 0.48611 0.01198 0.03333
10 0.2974 0.48843 0.02292 0.025
4 0.55599 0.54213 0.0651 0.05093
4 0.51771 0.475 0.05729 0.04074
4 0.54688 0.50139 0.06042 0.04167
4 0.42344 0.4338 0.03958 0.04352
4 0.46094 0.42824 0.02604 0.04722
4 0.31302 0.37917 0.01771 0.03241
4 0.30599 0.35 0.01406 0.02222
4 0.2901 0.31667 0.03438 0.02593
4 0.24766 0.35787 0.01615 0.0287
4 0.15286 0.31898 0.02031 0.03056
4 0.1651 0.29167 0.01562 0.02037
4 0.17708 0.26898 0.01458 0.01944
4 0.18828 0.24954 0.01094 0.01574
4 0.19089 0.24074 0.01094 0.01667
4 0.19583 0.2338 0.01042 0.01574
4 0.19922 0.22639 0.00781 0.01574
4 0.20833 0.20972 0.00833 0.01204
4 0.22266 0.21389 0.00781 0.01296
0 0.25208 0.12639 0.00833 0.01759
0 0.24245 0.14306 0.00781 0.01574
0 0.23229 0.16019 0.00937 0.01481
0 0.22682 0.17731 0.0099 0.01759
0 0.21589 0.19352 0.00885 0.01667
0 0.30182 0.15926 0.00885 0.01667
0 0.28385 0.2287 0.01146 0.02593
4 0.32448 0.21852 0.01667 0.01296
4 0.31667 0.25231 0.01042 0.01574
4 0.24401 0.33565 0.0151 0.025
4 0.24818 0.31667 0.01406 0.02407
4 0.24844 0.30139 0.01458 0.02315
5 0.33411 0.24028 0.01927 0.01759
5 0.33151 0.23796 0.02135 0.01667
5 0.28906 0.36713 0.01667 0.04352
4 0.38333 0.35 0.03438 0.02963
4 0.3724 0.37546 0.02083 0.03056
4 0.37682 0.34074 0.03385 0.02963
4 0.36901 0.33194 0.03281 0.02315
4 0.36641 0.32269 0.03281 0.02315
4 0.3612 0.31759 0.02865 0.02222
4 0.35964 0.30972 0.02865 0.02315
4 0.41719 0.36435 0.02083 0.03796
4 0.43776 0.3662 0.0224 0.03426
4 0.45911 0.36435 0.02344 0.03426
4 0.5487 0.41389 0.02969 0.04444
4 0.63073 0.40509 0.03646 0.04722
4 0.65677 0.39815 0.02813 0.04259
4 0.70443 0.44676 0.04844 0.03426
4 0.68385 0.40417 0.03646 0.04167
4 0.59115 0.4125 0.03646 0.04352
4 0.70573 0.4 0.03542 0.03704
4 0.64219 0.48796 0.05729 0.04259
4 0.58594 0.46343 0.04792 0.03981
4 0.64297 0.52593 0.06615 0.0537
4 0.70599 0.50833 0.04635 0.05185
4 0.70677 0.47546 0.04479 0.04352
4 0.66693 0.34352 0.02135 0.03148
3 0.42943 0.45046 0.01406 0.02685
1 0.52057 0.69306 0.01406 0.05648
4 0.08385 0.38102 0.02708 0.03056
4 0.09531 0.35741 0.02396 0.02963
4 0.11094 0.33194 0.02187 0.03241
4 0.12057 0.3162 0.02135 0.02685
4 0.13255 0.29861 0.01823 0.02685
4 0.09401 0.29074 0.01823 0.02778
5 0.05078 0.22917 0.0151 0.0213
6 0.02109 0.19583 0.01302 0.02315
6 0.03776 0.19398 0.01615 0.01944
6 0.03411 0.18565 0.02344 0.0213
6 0.11823 0.17963 0.01042 0.02778
6 0.11068 0.1713 0.01198 0.02222
11 0.0849 0.16204 0.02813 0.02037
4 0.2901 0.30694 0.02813 0.01944
4 0.28646 0.29583 0.02292 0.0213
5 0.28802 0.28472 0.02604 0.01944
4 0.28672 0.27546 0.0224 0.01759
1 0.24141 0.20093 0.00365 0.00926
0 0.24245 0.18287 0.01198 0.01574
4 0.68984 0.86528 0.07865 0.10278
