4 0.51964 0.18972 0.02786 0.11802
4 0.69143 0.24429 0.02571 0.10533
4 0.69393 0.09772 0.02786 0.1066
4 0.69679 0.39086 0.02643 0.10914
4 0.68786 0.80203 0.02571 0.11929
4 0.68786 0.9448 0.03 0.10787
4 0.38286 0.78299 0.05429 0.05076
4 0.38714 0.84581 0.06429 0.05457
4 0.38143 0.91878 0.05857 0.05076
4 0.29 0.86802 0.06143 0.0533
4 0.295 0.81091 0.06143 0.04569
4 0.29893 0.67069 0.06786 0.05203
4 0.39036 0.52094 0.06357 0.05203
4 0.3925 0.62881 0.05929 0.0698
4 0.39036 0.33249 0.065 0.05584
4 0.385 0.25825 0.05857 0.04949
4 0.38536 0.17957 0.05929 0.04949
4 0.38643 0.03617 0.05857 0.04949
4 0.30107 0.04569 0.06929 0.04569
4 0.29357 0.10723 0.05714 0.04442
4 0.29536 0.17703 0.06214 0.04949
4 0.295 0.30901 0.05857 0.04695
4 0.29107 0.36421 0.05786 0.04569
4 0.29821 0.42132 0.05786 0.04569
4 0.23071 0.32678 0.04143 0.10787
4 0.18679 0.31345 0.03071 0.1066
4 0.19071 0.04759 0.05 0.09518
4 0.22643 0.59645 0.03143 0.10914
4 0.30179 0.73287 0.06214 0.04949
5 0.17714 0.59518 0.02714 0.09645
6 0.21964 0.80203 0.02786 0.12437
6 0.29857 0.52982 0.08429 0.05711
5 0.29143 0.47843 0.05857 0.03807
3 0.16607 0.06472 0.01786 0.04061
10 0.17286 0.83058 0.02 0.03934
1 0.43214 0.91878 0.00714 0.02538
1 0.65929 0.88515 0.01 0.01904
4 0.37964 0.97525 0.06643 0.04695
4 0.29714 0.93084 0.06571 0.05711
4 0.29964 0.98033 0.06357 0.0368
