4 0.33214 0.6081 0.02 0.04667
4 0.3025 0.92 0.035 0.10667
4 0.60786 0.51286 0.03286 0.0219
4 0.46643 0.48429 0.03857 0.0219
4 0.30429 0.44714 0.01571 0.02381
4 0.34821 0.44143 0.01643 0.02
4 0.34464 0.37857 0.01071 0.01429
4 0.56286 0.56714 0.03714 0.03333
4 0.32786 0.35571 0.01286 0.0181
4 0.30393 0.30857 0.01071 0.01333
9 0.33429 0.46857 0.03571 0.06476
9 0.39464 0.44238 0.06071 0.0581
0 0.20071 0.29714 0.02 0.09333
4 0.28607 0.24667 0.00786 0.00952
4 0.26321 0.23286 0.00643 0.00667
4 0.25857 0.2181 0.00571 0.00762
4 0.25286 0.2119 0.00571 0.00667
9 0.33643 0.40905 0.03 0.05048
9 0.31893 0.37238 0.02214 0.0419
0 0.24179 0.49476 0.04214 0.03524
0 0.27893 0.4581 0.025 0.03238
4 0.21857 0.4581 0.02714 0.03238
1 0.20036 0.54333 0.00786 0.0181
1 0.18929 0.51048 0.00714 0.01905
1 0.18357 0.62857 0.00857 0.01714
1 0.1625 0.70143 0.01071 0.0219
1 0.15464 0.70524 0.01071 0.0219
2 0.13964 0.68095 0.00786 0.02095
3 0.1425 0.68619 0.01929 0.01238
1 0.18036 0.82095 0.01214 0.02476
1 0.18821 0.81143 0.01214 0.02667
0 0.24286 0.90714 0.01143 0.03905
0 0.10143 0.70476 0.01286 0.02667
2 0.09036 0.6819 0.01071 0.01333
3 0.09214 0.68476 0.01857 0.01143
1 0.53071 0.50095 0.00571 0.01524
1 0.53036 0.48571 0.005 0.01524
1 0.51857 0.50619 0.00571 0.01429
2 0.44571 0.51619 0.00857 0.01143
2 0.52536 0.72238 0.00929 0.01429
10 0.52607 0.73095 0.00929 0.02
10 0.44571 0.52048 0.00714 0.01429
1 0.51464 0.45476 0.005 0.01429
1 0.50679 0.45143 0.005 0.01333
1 0.46714 0.42952 0.00429 0.01143
1 0.45714 0.46476 0.00571 0.01333
1 0.4725 0.46476 0.005 0.01524
5 0.48429 0.42619 0.01714 0.03143
4 0.54321 0.45238 0.02786 0.02095
4 0.56357 0.44524 0.02 0.02571
4 0.59321 0.44048 0.02929 0.01619
4 0.5875 0.43381 0.02786 0.01429
4 0.58 0.42619 0.02714 0.0181
4 0.65071 0.42143 0.02857 0.0181
4 0.65714 0.42857 0.03 0.01905
4 0.66607 0.44 0.03071 0.02095
4 0.59 0.4881 0.03571 0.02
4 0.59429 0.50238 0.03429 0.0219
4 0.63179 0.46905 0.035 0.0181
4 0.68571 0.47333 0.03429 0.02095
4 0.7775 0.48667 0.03643 0.02095
4 0.82929 0.50381 0.04 0.02095
4 0.675 0.49952 0.03571 0.02
5 0.65429 0.48381 0.04286 0.02667
9 0.76964 0.44857 0.06929 0.0419
0 0.6275 0.43571 0.01643 0.01238
1 0.61107 0.43048 0.00357 0.01524
0 0.60214 0.41381 0.00857 0.01429
3 0.78286 0.56714 0.01286 0.01048
1 0.7825 0.56333 0.00929 0.01238
1 0.6425 0.86524 0.01071 0.02571
2 0.635 0.74619 0.01429 0.0219
2 0.63393 0.6681 0.00929 0.01238
2 0.63179 0.69571 0.01071 0.01619
2 0.63643 0.6619 0.00857 0.01524
