1 0.08607 0.42905 0.00786 0.00667
1 0.08321 0.4319 0.00786 0.00857
2 0.065 0.50714 0.00714 0.00476
4 0.17036 0.49238 0.01929 0.03238
4 0.18643 0.48905 0.01571 0.02952
4 0.20036 0.50143 0.01214 0.03143
4 0.21286 0.51 0.01286 0.03333
4 0.23036 0.52095 0.01357 0.03048
4 0.26107 0.5319 0.01357 0.03143
4 0.27536 0.53952 0.01357 0.03333
4 0.29 0.54952 0.01143 0.02476
4 0.30571 0.54571 0.01571 0.03238
4 0.3225 0.55238 0.01357 0.03238
4 0.36893 0.57333 0.02786 0.02286
4 0.36607 0.55143 0.02786 0.01524
4 0.36964 0.53 0.02643 0.01619
4 0.3925 0.50333 0.01357 0.03333
4 0.38571 0.62714 0.01143 0.02571
4 0.38429 0.66762 0.01143 0.03238
4 0.42143 0.6681 0.01286 0.03905
4 0.38214 0.71619 0.01143 0.03429
4 0.38036 0.76524 0.01214 0.04095
4 0.37786 0.81714 0.01286 0.04
4 0.37429 0.86857 0.01429 0.0419
4 0.37107 0.92762 0.015 0.04
4 0.41893 0.95333 0.01214 0.04571
4 0.37179 0.98286 0.01214 0.03429
10 0.43107 0.91905 0.00643 0.00381
3 0.43393 0.72857 0.00929 0.00571
3 0.43357 0.72 0.00857 0.00381
10 0.43464 0.69476 0.00643 0.00476
10 0.43571 0.68905 0.00857 0.00476
4 0.42143 0.71476 0.01143 0.03714
4 0.39607 0.44 0.01071 0.03048
4 0.39571 0.40095 0.01286 0.02857
4 0.39679 0.37095 0.01071 0.02762
4 0.39929 0.33857 0.01 0.02762
4 0.40107 0.30762 0.01071 0.02667
4 0.40321 0.27952 0.00929 0.02571
4 0.40321 0.25429 0.00929 0.02286
4 0.40607 0.18857 0.00786 0.02286
4 0.40464 0.21857 0.00929 0.0219
4 0.4075 0.16048 0.00929 0.02381
4 0.40857 0.13524 0.00857 0.02286
4 0.41 0.11048 0.00857 0.01905
6 0.41143 0.08619 0.01 0.02952
4 0.26929 0.21714 0.01286 0.02857
2 0.27286 0.13476 0.00143 0.00286
10 0.2725 0.13571 0.00214 0.01048
4 0.29143 0.07333 0.01 0.02095
10 0.46893 0.44952 0.00786 0.00571
10 0.46964 0.45762 0.00786 0.00857
5 0.49714 0.45762 0.02 0.02381
4 0.49429 0.40095 0.01 0.03048
4 0.49393 0.36857 0.00929 0.02857
4 0.52071 0.32095 0.01 0.02667
4 0.49321 0.32333 0.01071 0.02762
4 0.49357 0.29429 0.01 0.02667
4 0.49429 0.26619 0.01 0.02571
4 0.49321 0.24048 0.00929 0.02381
4 0.4925 0.20667 0.00929 0.02476
5 0.75643 0.14286 0.01429 0.02286
1 0.74357 0.07381 0.00286 0.00667
10 0.77036 0.07286 0.005 0.00857
1 0.47679 0.69857 0.00214 0.00286
10 0.47679 0.6981 0.00357 0.01333
10 0.47714 0.71714 0.00429 0.01524
4 0.49429 0.83 0.03143 0.0181
4 0.46393 0.91429 0.03071 0.02095
4 0.46321 0.96429 0.02929 0.0219
4 0.46357 0.99 0.02857 0.02
0 0.75357 0.0681 0.01429 0.01048
4 0.61893 0.44857 0.02643 0.01333
4 0.76071 0.44524 0.02429 0.01429
4 0.68 0.44619 0.02857 0.01429
5 0.71321 0.44714 0.02929 0.0181
