1 0.92714 0.15619 0.00857 0.01333
1 0.85821 0.18 0.00786 0.01333
1 0.85214 0.24048 0.01 0.02
2 0.83321 0.27429 0.00929 0.01333
1 0.84464 0.28048 0.00643 0.01429
1 0.87393 0.33857 0.00929 0.01619
1 0.8575 0.36238 0.00929 0.01238
2 0.86929 0.42238 0.01 0.01048
1 0.85929 0.4281 0.00714 0.01238
10 0.88393 0.59619 0.02214 0.01714
10 0.90714 0.60429 0.01857 0.01429
2 0.92536 0.72333 0.00929 0.0181
10 0.65536 0.02571 0.01929 0.01905
10 0.65357 0.05238 0.01714 0.01333
10 0.655 0.06238 0.01857 0.01238
10 0.65143 0.07476 0.01857 0.01238
10 0.65321 0.09048 0.01214 0.01714
10 0.64929 0.09429 0.01714 0.01905
10 0.64607 0.11857 0.02071 0.0181
10 0.64429 0.13238 0.02143 0.01524
10 0.63893 0.17333 0.01929 0.01524
10 0.63571 0.21667 0.01714 0.01619
10 0.63286 0.22571 0.01857 0.01143
10 0.63286 0.23286 0.01857 0.01429
10 0.63179 0.24286 0.02071 0.01524
10 0.59143 0.11333 0.01714 0.01333
1 0.58714 0.11762 0.00714 0.01619
10 0.57357 0.20095 0.01857 0.01333
10 0.57 0.22381 0.02143 0.01333
10 0.57036 0.23952 0.02071 0.01619
10 0.56893 0.2681 0.01786 0.01429
10 0.56536 0.27619 0.015 0.01143
1 0.56464 0.3019 0.005 0.01333
10 0.5475 0.38905 0.02214 0.01619
10 0.53393 0.41 0.01929 0.01619
8 0.52893 0.43286 0.02643 0.02952
10 0.59643 0.50333 0.02 0.02381
10 0.59321 0.54571 0.02071 0.01524
10 0.50857 0.45857 0.01429 0.02381
10 0.47679 0.46143 0.00929 0.02571
8 0.49607 0.46048 0.025 0.03524
10 0.46393 0.46857 0.01071 0.02667
10 0.49107 0.54667 0.015 0.02667
3 0.45929 0.47952 0.01 0.02
10 0.38786 0.45714 0.01 0.02667
10 0.37964 0.46048 0.00786 0.02762
10 0.38714 0.49714 0.01143 0.02667
10 0.37464 0.49762 0.00929 0.02571
10 0.58929 0.58619 0.02286 0.01619
10 0.58893 0.60048 0.025 0.01429
10 0.58607 0.62524 0.01929 0.01429
10 0.58607 0.63857 0.02214 0.01238
10 0.59 0.7 0.02143 0.01524
10 0.59179 0.7281 0.02071 0.02
10 0.595 0.75619 0.02 0.01905
10 0.59821 0.77429 0.01929 0.02286
10 0.575 0.79571 0.02286 0.01619
10 0.64071 0.81095 0.02714 0.0181
10 0.62607 0.86571 0.01929 0.01524
10 0.62929 0.88333 0.02429 0.02
10 0.64036 0.89571 0.01786 0.01238
10 0.64071 0.90857 0.02143 0.01524
10 0.59036 0.9819 0.02071 0.03429
10 0.38714 0.96 0.01714 0.03238
10 0.37071 0.94286 0.02143 0.02667
10 0.36071 0.93143 0.02286 0.01714
10 0.39071 0.82333 0.01571 0.02762
3 0.5325 0.65333 0.00786 0.02667
8 0.465 0.55286 0.01429 0.04095
10 0.30786 0.48381 0.01857 0.01524
10 0.325 0.54 0.01286 0.02857
10 0.31679 0.53476 0.01643 0.02952
10 0.30821 0.52714 0.015 0.02952
10 0.29964 0.51286 0.01643 0.03143
10 0.1375 0.41429 0.00929 0.03048
10 0.0325 0.35857 0.02357 0.03905
10 0.11179 0.48619 0.01929 0.01619
10 0.18571 0.54952 0.02286 0.01714
10 0.15857 0.57905 0.02143 0.01524
4 0.05929 0.41 0.05429 0.04095
4 0.11857 0.44286 0.05 0.04571
4 0.13179 0.61952 0.045 0.04476
10 0.11071 0.64857 0.03286 0.01905
10 0.1275 0.66762 0.02786 0.01714
10 0.14107 0.68048 0.02643 0.02571
10 0.17214 0.71286 0.02286 0.0219
10 0.18607 0.7319 0.02643 0.02571
10 0.19893 0.75 0.02786 0.02
10 0.21571 0.75714 0.01571 0.03048
10 0.34714 0.80524 0.01571 0.0219
10 0.285 0.73571 0.00857 0.03333
10 0.27393 0.82857 0.02357 0.02095
10 0.28393 0.83476 0.01786 0.02
10 0.285 0.84905 0.02429 0.02381
10 0.30714 0.86857 0.01571 0.02667
10 0.31679 0.87238 0.01786 0.02857
10 0.32571 0.88381 0.01714 0.02857
10 0.17857 0.66667 0.01429 0.03048
8 0.20714 0.35905 0.03 0.0381
6 0.59571 0.07048 0.02143 0.06286
1 0.61393 0.06952 0.00643 0.01905
1 0.635 0.07476 0.00571 0.0219
1 0.60393 0.14762 0.00643 0.02095
1 0.59464 0.18381 0.00643 0.01905
1 0.52607 0.37429 0.005 0.01333
1 0.59214 0.45286 0.00714 0.01619
1 0.51857 0.5181 0.00571 0.01333
1 0.51179 0.5219 0.00643 0.01714
1 0.51679 0.53381 0.005 0.01048
1 0.55357 0.67667 0.00857 0.01429
1 0.47571 0.63857 0.00571 0.01238
8 0.56857 0.67333 0.01571 0.05905
2 0.57679 0.79476 0.00929 0.01619
1 0.52964 0.65048 0.00929 0.01143
2 0.59214 0.9819 0.01429 0.01905
6 0.67607 0.98095 0.03214 0.0381
2 0.39214 0.82333 0.01 0.01429
2 0.18393 0.54714 0.01214 0.01238
2 0.1575 0.57762 0.01071 0.01238
2 0.11 0.48333 0.01 0.01238
4 0.23286 0.66667 0.05857 0.06286
4 0.25786 0.75476 0.05714 0.06762
4 0.31786 0.76905 0.05143 0.07333
4 0.36464 0.56286 0.045 0.07048
4 0.3625 0.62571 0.04929 0.06667
4 0.39214 0.67429 0.05286 0.06476
4 0.42714 0.61238 0.04571 0.07048
4 0.4525 0.63952 0.04929 0.07524
4 0.47536 0.71857 0.05357 0.0619
6 0.38714 0.73762 0.06714 0.06571
5 0.50357 0.84857 0.06143 0.08571
4 0.47357 0.90571 0.06 0.08762
4 0.42286 0.93952 0.05571 0.07905
