2 0.26484 0.70046 0.01615 0.04167
2 0.275 0.69074 0.01354 0.03333
2 0.28203 0.68102 0.01719 0.03426
2 0.28568 0.66389 0.01406 0.04259
2 0.29479 0.65139 0.01562 0.03426
2 0.35286 0.52083 0.01094 0.03611
2 0.34896 0.52963 0.01146 0.03519
1 0.63646 0.47639 0.0125 0.03611
2 0.33281 0.1912 0.00937 0.01944
2 0.3375 0.18935 0.00625 0.02315
2 0.34193 0.1875 0.00885 0.01574
2 0.40807 0.28333 0.00885 0.02222
2 0.41849 0.28565 0.00677 0.01944
2 0.42578 0.29583 0.00677 0.02315
2 0.42474 0.27917 0.00885 0.01944
2 0.42682 0.25833 0.00677 0.01667
2 0.44271 0.2588 0.00521 0.02315
2 0.43828 0.27731 0.00781 0.025
1 0.43203 0.28565 0.00573 0.0287
1 0.40208 0.30556 0.01042 0.03519
2 0.39193 0.21343 0.00781 0.0213
2 0.4026 0.20787 0.00625 0.0213
2 0.40807 0.20139 0.00677 0.0213
2 0.41484 0.19954 0.00885 0.01574
2 0.41615 0.18843 0.00833 0.02315
