5 0.99974 1.32546 0.07135 0.12685
4 0.96354 1.1588 0.1375 0.13056
4 0.75156 1.09028 0.13646 0.12315
1 0.87552 0.78796 0.02708 0.06481
6 0.7388 0.71343 0.0724 0.1713
4 0.38724 1.17407 0.06719 0.26481
1 0.29609 0.95648 0.02031 0.04815
4 0.05859 0.20602 0.04323 0.06389
4 0.08958 0.30231 0.08958 0.06574
5 0.11771 0.99259 0.1375 0.11667
6 0.09714 1.10972 0.19427 0.11574
5 0.07448 1.23981 0.14896 0.12963
4 0.05833 1.36481 0.1125 0.04815
4 0.40208 0.8713 0.06146 0.19074
4 0.50078 0.72778 0.05052 0.16852
4 0.57448 0.60093 0.04896 0.12593
4 0.4 0.66574 0.04479 0.13889
4 0.40156 0.51898 0.04167 0.11759
4 0.46927 0.36991 0.03333 0.08796
4 0.53464 0.38009 0.03802 0.0787
4 0.59375 0.35833 0.03542 0.07593
5 0.34766 0.3537 0.03177 0.07963
2 0.39349 0.33009 0.01406 0.03426
10 0.39687 0.34491 0.00937 0.03611
4 0.64141 0.28148 0.07135 0.05556
4 0.64427 0.24398 0.06146 0.04167
4 0.65078 0.21157 0.06302 0.04352
5 0.61536 0.16204 0.05052 0.0537
10 0.58854 0.14583 0.01875 0.025
2 0.58151 0.12454 0.00781 0.01944
3 0.57995 0.13241 0.0151 0.01667
2 0.59219 0.11204 0.00625 0.02593
2 0.59792 0.10694 0.00625 0.03611
5 0.59401 0.09676 0.04635 0.04352
4 0.5901 0.07963 0.05 0.04444
4 0.58307 0.06898 0.04948 0.04352
4 0.54635 0.15648 0.04896 0.06111
4 0.49219 0.16528 0.025 0.05093
1 0.37917 0.17315 0.00937 0.03889
4 0.41745 0.15324 0.02552 0.05463
4 0.41719 0.09815 0.02292 0.0463
11 0.35495 0.14028 0.03073 0.11204
6 0.37214 0.07824 0.03177 0.08981
4 0.4138 0.0287 0.01927 0.04074
4 0.49167 0.04398 0.01979 0.03981
4 0.56016 0.00972 0.04115 0.01944
4 0.46172 0.00926 0.01719 0.01852
2 0.43672 0.00741 0.00781 0.01481
10 0.43698 0.01667 0.00833 0.02037
