4,0.37421875,0.028703703703703703,0.019270833333333334,0.03148148148148148
4,0.33046875,0.008796296296296297,0.0421875,0.017592592592592594
7,0.5552083333333333,0.39490740740740743,0.05625,0.05648148148148148
1,0.5453125,0.4736111111111111,0.013541666666666667,0.049074074074074076
1,0.5390625,0.4462962962962963,0.011458333333333333,0.05
1,0.5315104166666667,0.4550925925925926,0.0140625,0.04722222222222222
1,0.5213541666666667,0.425,0.01875,0.05
2,0.5143229166666666,0.41435185185185186,0.015104166666666667,0.032407407407407406
1,0.5067708333333333,0.4361111111111111,0.013541666666666667,0.05
5,0.3619791666666667,0.30324074074074076,0.07708333333333334,0.075
1,0.4395833333333333,0.4287037037037037,0.013541666666666667,0.044444444444444446
1,0.46510416666666665,0.42824074074074076,0.013541666666666667,0.04722222222222222
1,0.45338541666666665,0.41388888888888886,0.0140625,0.044444444444444446
7,0.45625,0.38055555555555554,0.052083333333333336,0.06296296296296296
1,0.39947916666666666,0.39861111111111114,0.010416666666666666,0.041666666666666664
1,0.3890625,0.41064814814814815,0.007291666666666667,0.03981481481481482
1,0.37421875,0.38981481481481484,0.0140625,0.04814814814814815
5,0.3502604166666667,0.44305555555555554,0.10989583333333333,0.10833333333333334
2,0.32369791666666664,0.44212962962962965,0.0265625,0.04537037037037037
1,0.1828125,0.287962962962963,0.0125,0.040740740740740744
1,0.22005208333333334,0.399537037037037,0.009895833333333333,0.04351851851851852
1,0.22838541666666667,0.4046296296296296,0.013020833333333334,0.05185185185185185
1,0.24895833333333334,0.3958333333333333,0.011458333333333333,0.049074074074074076
4,0.20598958333333334,0.4648148148148148,0.10052083333333334,0.09074074074074075
2,0.13359375,0.28703703703703703,0.015104166666666667,0.037037037037037035
4,0.06927083333333334,0.2152777777777778,0.07291666666666667,0.058333333333333334
7,0.07395833333333333,0.2791666666666667,0.053125,0.04722222222222222
8,0.03958333333333333,0.4101851851851852,0.07395833333333333,0.07222222222222222
2,0.07213541666666666,0.39444444444444443,0.016145833333333335,0.02962962962962963
2,0.07057291666666667,0.3638888888888889,0.0140625,0.03333333333333333
3,0.07578125,0.3712962962962963,0.028645833333333332,0.03518518518518519
1,0.48489583333333336,0.6773148148148148,0.016666666666666666,0.049074074074074076
1,0.48359375,0.6537037037037037,0.0140625,0.05925925925925926
