4,0.21276041666666667,0.6259259259259259,0.03802083333333333,0.1
4,0.3216145833333333,0.5768518518518518,0.0328125,0.1
4,0.3,0.4199074074074074,0.03333333333333333,0.08981481481481482
4,0.28098958333333335,0.32685185185185184,0.034895833333333334,0.09074074074074075
4,0.34401041666666665,0.22361111111111112,0.0328125,0.08981481481481482
4,0.39036458333333335,0.25972222222222224,0.034895833333333334,0.08981481481481482
4,0.4828125,0.3111111111111111,0.053125,0.05925925925925926
4,0.5015625,0.25,0.04895833333333333,0.05185185185185185
4,0.5026041666666666,0.19537037037037036,0.05416666666666667,0.04814814814814815
4,0.5106770833333333,0.1300925925925926,0.049479166666666664,0.04351851851851852
4,0.5208333333333334,0.07777777777777778,0.051041666666666666,0.05
4,0.5328125,0.016203703703703703,0.041666666666666664,0.032407407407407406
5,0.09765625,0.4324074074074074,0.033854166666666664,0.07592592592592592
3,0.3640625,0.6560185185185186,0.009375,0.03611111111111111
2,0.3645833333333333,0.6574074074074074,0.008333333333333333,0.016666666666666666
4,0.38697916666666665,0.03564814814814815,0.03229166666666667,0.0712962962962963
4,0.35572916666666665,0.024537037037037038,0.03125,0.049074074074074076
2,0.234375,0.5208333333333334,0.009375,0.01574074074074074
10,0.23515625,0.5185185185185185,0.011979166666666667,0.03148148148148148
2,0.20364583333333333,0.5504629629629629,0.009375,0.019444444444444445
3,0.20520833333333333,0.55,0.0125,0.03333333333333333
2,0.36796875,0.5611111111111111,0.008854166666666666,0.020370370370370372
10,0.3671875,0.5606481481481481,0.0125,0.041666666666666664
2,0.3359375,0.1638888888888889,0.007291666666666667,0.022222222222222223
3,0.06744791666666666,0.39444444444444443,0.011979166666666667,0.03148148148148148
2,0.39453125,0.36435185185185187,0.0078125,0.021296296296296296
10,0.39505208333333336,0.362962962962963,0.009895833333333333,0.03148148148148148
2,0.29270833333333335,0.2162037037037037,0.009375,0.019444444444444445
10,0.29244791666666664,0.21851851851851853,0.009895833333333333,0.027777777777777776
1,0.08489583333333334,0.21064814814814814,0.0125,0.021296296296296296
1,0.06458333333333334,0.19953703703703704,0.0125,0.01574074074074074
3,0.04609375,0.21805555555555556,0.021354166666666667,0.012037037037037037
4,0.015364583333333333,0.2351851851851852,0.030729166666666665,0.05185185185185185
10,0.05963541666666667,0.38842592592592595,0.011979166666666667,0.030555555555555555
10,0.09088541666666666,0.37083333333333335,0.011979166666666667,0.03611111111111111
10,0.04765625,0.3851851851851852,0.013020833333333334,0.02962962962962963
10,0.05625,0.35185185185185186,0.015625,0.02962962962962963
10,0.08411458333333334,0.3587962962962963,0.013020833333333334,0.032407407407407406
10,0.0546875,0.32916666666666666,0.015625,0.030555555555555555
10,0.04739583333333333,0.3175925925925926,0.014583333333333334,0.03148148148148148
10,0.03984375,0.3162037037037037,0.0171875,0.032407407407407406
3,0.038802083333333334,0.37083333333333335,0.0140625,0.032407407407407406
3,0.02890625,0.3680555555555556,0.009895833333333333,0.03611111111111111
10,0.018489583333333334,0.2962962962962963,0.0109375,0.037037037037037035
3,0.221875,0.31805555555555554,0.013541666666666667,0.026851851851851852
10,0.17083333333333334,0.32314814814814813,0.013541666666666667,0.037037037037037035
3,0.17526041666666667,0.26944444444444443,0.018229166666666668,0.016666666666666666
3,0.19505208333333332,0.29444444444444445,0.0140625,0.020370370370370372
10,0.1953125,0.3296296296296296,0.015625,0.020370370370370372
10,0.18151041666666667,0.25046296296296294,0.0171875,0.025
10,0.4942708333333333,0.37962962962962965,0.016666666666666666,0.014814814814814815
1,0.51640625,0.05462962962962963,0.009895833333333333,0.020370370370370372
1,0.4875,0.1,0.008333333333333333,0.016666666666666666
10,0.56171875,0.11481481481481481,0.0171875,0.024074074074074074
10,0.55078125,0.10601851851851851,0.015104166666666667,0.025
