0,0.2630208333333333,0.12453703703703704,0.08958333333333333,0.026851851851851852
0,0.25833333333333336,0.1685185185185185,0.017708333333333333,0.03148148148148148
0,0.3723958333333333,0.175,0.01875,0.05
0,0.23177083333333334,0.17175925925925925,0.035416666666666666,0.05648148148148148
0,0.4546875,0.3416666666666667,0.0375,0.011111111111111112
0,0.20234375,0.2013888888888889,0.04010416666666667,0.03611111111111111
0,0.1203125,0.21435185185185185,0.01875,0.017592592592592594
9,0.3234375,0.18333333333333332,0.011458333333333333,0.025925925925925925
9,0.33645833333333336,0.1574074074074074,0.011458333333333333,0.018518518518518517
4,0.3421875,0.18333333333333332,0.00625,0.011111111111111112
1,0.34661458333333334,0.17314814814814813,0.0026041666666666665,0.011111111111111112
4,0.34869791666666666,0.1787037037037037,0.0046875,0.009259259259259259
9,0.35703125,0.19166666666666668,0.0109375,0.02962962962962963
9,0.35546875,0.1814814814814815,0.0109375,0.024074074074074074
4,0.35494791666666664,0.20462962962962963,0.0140625,0.016666666666666666
4,0.3515625,0.21064814814814814,0.007291666666666667,0.012037037037037037
1,0.3796875,0.21712962962962962,0.0020833333333333333,0.01574074074074074
1,0.3809895833333333,0.22175925925925927,0.0026041666666666665,0.01574074074074074
1,0.37552083333333336,0.20879629629629629,0.0020833333333333333,0.013888888888888888
1,0.39010416666666664,0.22453703703703703,0.003125,0.017592592592592594
4,0.38203125,0.23333333333333334,0.013020833333333334,0.018518518518518517
4,0.33828125,0.25833333333333336,0.013020833333333334,0.020370370370370372
1,0.32317708333333334,0.26944444444444443,0.0078125,0.03333333333333333
1,0.28802083333333334,0.26990740740740743,0.009375,0.03796296296296296
4,0.378125,0.2611111111111111,0.01875,0.025925925925925925
1,0.39479166666666665,0.2652777777777778,0.003125,0.021296296296296296
4,0.3953125,0.25972222222222224,0.0125,0.023148148148148147
1,0.40078125,0.25277777777777777,0.0046875,0.018518518518518517
1,0.39817708333333335,0.24953703703703703,0.0026041666666666665,0.019444444444444445
1,0.40130208333333334,0.2847222222222222,0.008854166666666666,0.032407407407407406
1,0.42109375,0.27546296296296297,0.0067708333333333336,0.03611111111111111
1,0.42083333333333334,0.2726851851851852,0.007291666666666667,0.032407407407407406
9,0.37734375,0.3958333333333333,0.050520833333333334,0.13055555555555556
0,0.40703125,0.22037037037037038,0.0203125,0.03333333333333333
1,0.4747395833333333,0.22916666666666666,0.0036458333333333334,0.01574074074074074
1,0.48723958333333334,0.22824074074074074,0.0036458333333333334,0.01574074074074074
1,0.49947916666666664,0.25324074074074077,0.0020833333333333333,0.017592592592592594
1,0.503125,0.2550925925925926,0.003125,0.017592592592592594
1,0.4869791666666667,0.26481481481481484,0.004166666666666667,0.022222222222222223
1,0.490625,0.28194444444444444,0.004166666666666667,0.021296296296296296
1,0.4947916666666667,0.29398148148148145,0.004166666666666667,0.026851851851851852
1,0.4984375,0.2675925925925926,0.004166666666666667,0.018518518518518517
1,0.49192708333333335,0.22037037037037038,0.0015625,0.016666666666666666
1,0.4947916666666667,0.22037037037037038,0.003125,0.014814814814814815
1,0.4934895833333333,0.23981481481481481,0.0036458333333333334,0.016666666666666666
1,0.4934895833333333,0.23703703703703705,0.0036458333333333334,0.016666666666666666
1,0.5671875,0.2671296296296296,0.007291666666666667,0.03981481481481482
1,0.56015625,0.27824074074074073,0.0067708333333333336,0.028703703703703703
1,0.5291666666666667,0.27685185185185185,0.007291666666666667,0.03888888888888889
1,0.53515625,0.27824074074074073,0.005729166666666666,0.03796296296296296
1,0.5348958333333333,0.26481481481481484,0.005208333333333333,0.03518518518518519
1,0.5291666666666667,0.2638888888888889,0.00625,0.03333333333333333
1,0.5143229166666666,0.4597222222222222,0.0109375,0.03796296296296296
1,0.49973958333333335,0.4476851851851852,0.008854166666666666,0.041666666666666664
1,0.48723958333333334,0.38935185185185184,0.008854166666666666,0.032407407407407406
1,0.48932291666666666,0.36898148148148147,0.0078125,0.032407407407407406
1,0.4765625,0.3814814814814815,0.005208333333333333,0.03148148148148148
1,0.4625,0.3712962962962963,0.005208333333333333,0.03148148148148148
1,0.46067708333333335,0.36574074074074076,0.0036458333333333334,0.03148148148148148
1,0.45625,0.36342592592592593,0.005208333333333333,0.030555555555555555
1,0.4778645833333333,0.36064814814814816,0.0067708333333333336,0.032407407407407406
1,0.46979166666666666,0.3638888888888889,0.005208333333333333,0.03148148148148148
1,0.46536458333333336,0.362962962962963,0.0046875,0.02962962962962963
3,0.49921875,0.4152777777777778,0.0203125,0.019444444444444445
3,0.49765625,0.4064814814814815,0.0109375,0.024074074074074074
3,0.55859375,0.49722222222222223,0.011979166666666667,0.04259259259259259
3,0.6052083333333333,0.5138888888888888,0.027083333333333334,0.03148148148148148
3,0.5885416666666666,0.5037037037037037,0.028125,0.03518518518518519
4,0.29140625,0.19722222222222222,0.008854166666666666,0.014814814814814815
4,0.28828125,0.2013888888888889,0.008854166666666666,0.010185185185185186
4,0.2890625,0.20787037037037037,0.008333333333333333,0.012037037037037037
4,0.2869791666666667,0.21435185185185185,0.010416666666666666,0.012037037037037037
4,0.29010416666666666,0.2222222222222222,0.010416666666666666,0.014814814814814815
4,0.2875,0.22870370370370371,0.009375,0.014814814814814815
5,0.28098958333333335,0.2324074074074074,0.0109375,0.024074074074074074
4,0.278125,0.24444444444444444,0.0125,0.016666666666666666
4,0.2755208333333333,0.2537037037037037,0.013541666666666667,0.016666666666666666
4,0.27265625,0.2611111111111111,0.013020833333333334,0.018518518518518517
4,0.278125,0.19074074074074074,0.008333333333333333,0.011111111111111112
4,0.27760416666666665,0.19722222222222222,0.008333333333333333,0.011111111111111112
4,0.2747395833333333,0.2064814814814815,0.008854166666666666,0.014814814814814815
4,0.2721354166666667,0.2111111111111111,0.0109375,0.016666666666666666
4,0.27265625,0.21944444444444444,0.009895833333333333,0.012962962962962963
4,0.271875,0.2273148148148148,0.011458333333333333,0.017592592592592594
4,0.26145833333333335,0.2175925925925926,0.010416666666666666,0.014814814814814815
4,0.25859375,0.22546296296296298,0.0109375,0.01574074074074074
4,0.26223958333333336,0.2337962962962963,0.011979166666666667,0.019444444444444445
4,0.2596354166666667,0.24212962962962964,0.013020833333333334,0.017592592592592594
4,0.24973958333333332,0.20972222222222223,0.008854166666666666,0.01574074074074074
4,0.24609375,0.21805555555555556,0.0109375,0.019444444444444445
4,0.2421875,0.2351851851851852,0.011458333333333333,0.020370370370370372
4,0.25442708333333336,0.2587962962962963,0.015104166666666667,0.021296296296296296
9,0.23151041666666666,0.23333333333333334,0.0265625,0.05740740740740741
0,0.20677083333333332,0.24305555555555555,0.015625,0.023148148148148147
1,0.22161458333333334,0.26944444444444443,0.0067708333333333336,0.03333333333333333
1,0.21953125,0.26481481481481484,0.005729166666666666,0.03333333333333333
4,0.25,0.35694444444444445,0.023958333333333335,0.04351851851851852
4,0.21614583333333334,0.3597222222222222,0.029166666666666667,0.03981481481481482
4,0.23723958333333334,0.38935185185185184,0.024479166666666666,0.04351851851851852
4,0.22421875,0.4310185185185185,0.03177083333333333,0.05277777777777778
4,0.19244791666666666,0.40879629629629627,0.0296875,0.049074074074074076
4,0.21510416666666668,0.48935185185185187,0.0375,0.0712962962962963
4,0.19427083333333334,0.5597222222222222,0.046875,0.08981481481481482
4,0.17005208333333333,0.45787037037037037,0.04114583333333333,0.0712962962962963
4,0.12239583333333333,0.475,0.046875,0.06851851851851852
4,0.07890625,0.5509259259259259,0.06197916666666667,0.09259259259259259
4,0.09921875,0.6337962962962963,0.0703125,0.11388888888888889
4,0.16302083333333334,0.6569444444444444,0.06354166666666666,0.10277777777777777
4,0.24114583333333334,0.6694444444444444,0.053125,0.07777777777777778
9,0.02890625,0.6199074074074075,0.0578125,0.17685185185185184
1,0.17057291666666666,0.22361111111111112,0.0036458333333333334,0.01574074074074074
1,0.16614583333333333,0.2351851851851852,0.003125,0.016666666666666666
1,0.16276041666666666,0.2351851851851852,0.0036458333333333334,0.016666666666666666
1,0.14817708333333332,0.2152777777777778,0.0046875,0.01574074074074074
1,0.14557291666666666,0.21481481481481482,0.0036458333333333334,0.014814814814814815
1,0.11953125,0.23796296296296296,0.005729166666666666,0.018518518518518517
1,0.11197916666666667,0.23564814814814813,0.004166666666666667,0.019444444444444445
1,0.175,0.2675925925925926,0.008333333333333333,0.044444444444444446
1,0.17239583333333333,0.26296296296296295,0.007291666666666667,0.04259259259259259
1,0.1609375,0.2662037037037037,0.008333333333333333,0.04351851851851852
1,0.14322916666666666,0.26944444444444443,0.008333333333333333,0.037037037037037035
1,0.13567708333333334,0.2712962962962963,0.0078125,0.037037037037037035
1,0.11510416666666666,0.2814814814814815,0.00625,0.04259259259259259
2,0.10572916666666667,0.23935185185185184,0.004166666666666667,0.01574074074074074
1,0.10598958333333333,0.23564814814814813,0.0036458333333333334,0.021296296296296296
1,0.09973958333333334,0.2763888888888889,0.0109375,0.04537037037037037
1,0.09036458333333333,0.27361111111111114,0.0078125,0.03611111111111111
1,0.08489583333333334,0.2523148148148148,0.008333333333333333,0.03425925925925926
1,0.08151041666666667,0.2773148148148148,0.008854166666666666,0.03611111111111111
1,0.07890625,0.27361111111111114,0.005729166666666666,0.03796296296296296
1,0.07005208333333333,0.2800925925925926,0.008854166666666666,0.049074074074074076
1,0.06510416666666667,0.28194444444444444,0.011458333333333333,0.049074074074074076
1,0.011979166666666667,0.29259259259259257,0.007291666666666667,0.046296296296296294
1,0.00859375,0.4027777777777778,0.008854166666666666,0.03518518518518519
1,0.002864583333333333,0.4078703703703704,0.005729166666666666,0.03611111111111111
1,0.01875,0.4046296296296296,0.007291666666666667,0.03518518518518519
1,0.07682291666666667,0.3476851851851852,0.0067708333333333336,0.032407407407407406
1,0.06354166666666666,0.3375,0.005208333333333333,0.032407407407407406
1,0.0578125,0.3351851851851852,0.007291666666666667,0.03518518518518519
1,0.13828125,0.35694444444444445,0.005729166666666666,0.03425925925925926
1,0.14296875,0.3574074074074074,0.005729166666666666,0.03518518518518519
1,0.14791666666666667,0.3490740740740741,0.005208333333333333,0.03148148148148148
1,0.16640625,0.337037037037037,0.0067708333333333336,0.03148148148148148
1,0.16015625,0.33564814814814814,0.005729166666666666,0.03611111111111111
1,0.15416666666666667,0.3277777777777778,0.004166666666666667,0.02962962962962963
1,0.14401041666666667,0.34814814814814815,0.0046875,0.02962962962962963
9,0.190625,0.3050925925925926,0.040625,0.08981481481481482
