1,0.06510416666666667,0.2574074074074074,0.022916666666666665,0.07222222222222222
1,0.04895833333333333,0.2412037037037037,0.025,0.062037037037037036
4,0.03359375,0.20185185185185187,0.0671875,0.13518518518518519
4,0.11041666666666666,0.05694444444444444,0.06458333333333334,0.11388888888888889
1,0.020572916666666666,0.021296296296296296,0.021354166666666667,0.04259259259259259
10,0.42083333333333334,0.10277777777777777,0.014583333333333334,0.06666666666666667
10,0.6916666666666667,0.49027777777777776,0.03333333333333333,0.049074074074074076
5,0.6684895833333333,0.36944444444444446,0.0796875,0.10925925925925926
2,0.6307291666666667,0.43796296296296294,0.019791666666666666,0.06481481481481481
10,0.6247395833333333,0.43287037037037035,0.0484375,0.04351851851851852
1,0.6838541666666667,0.30185185185185187,0.019791666666666666,0.053703703703703705
1,0.6955729166666667,0.32916666666666666,0.011979166666666667,0.05092592592592592
1,0.6549479166666666,0.29398148148148145,0.0296875,0.06018518518518518
1,0.6440104166666667,0.26435185185185184,0.025520833333333333,0.05648148148148148
1,0.61484375,0.16342592592592592,0.0203125,0.05648148148148148
1,0.6299479166666667,0.18055555555555555,0.024479166666666666,0.06111111111111111
1,0.6299479166666667,0.15694444444444444,0.027604166666666666,0.062037037037037036
1,0.6427083333333333,0.16944444444444445,0.021875,0.06666666666666667
1,0.6513020833333333,0.12824074074074074,0.024479166666666666,0.06759259259259259
1,0.6614583333333334,0.15046296296296297,0.020833333333333332,0.05648148148148148
3,0.6981770833333333,0.1388888888888889,0.0203125,0.05
3,0.6833333333333333,0.13518518518518519,0.029166666666666667,0.03888888888888889
3,0.6729166666666667,0.16666666666666666,0.029166666666666667,0.05555555555555555
3,0.6510416666666666,0.058333333333333334,0.025,0.046296296296296294
3,0.6450520833333333,0.050462962962962966,0.027604166666666666,0.03981481481481482
10,0.6213541666666667,0.0699074074074074,0.026041666666666668,0.041666666666666664
10,0.6119791666666666,0.06388888888888888,0.025,0.046296296296296294
10,0.6080729166666666,0.055092592592592596,0.024479166666666666,0.04537037037037037
1,0.53359375,0.0625,0.0140625,0.058333333333333334
1,0.55,0.05416666666666667,0.0125,0.04537037037037037
1,0.5580729166666667,0.06018518518518518,0.015104166666666667,0.05555555555555555
1,0.55234375,0.06759259259259259,0.0109375,0.046296296296296294
1,0.5401041666666667,0.08148148148148149,0.020833333333333332,0.05740740740740741
10,0.5846354166666666,0.050462962962962966,0.0296875,0.04722222222222222
10,0.5828125,0.06944444444444445,0.03125,0.04259259259259259
3,0.5817708333333333,0.2263888888888889,0.017708333333333333,0.062037037037037036
3,0.6283854166666667,0.24212962962962964,0.0203125,0.058333333333333334
10,0.5,0.08703703703703704,0.0375,0.044444444444444446
2,0.5515625,0.6930555555555555,0.030208333333333334,0.030555555555555555
10,0.5447916666666667,0.6907407407407408,0.022916666666666665,0.03518518518518519
