4,0.20182291666666666,0.3194444444444444,0.0140625,0.044444444444444446
7,0.15625,0.35324074074074074,0.011458333333333333,0.041666666666666664
1,0.15442708333333333,0.35462962962962963,0.0078125,0.02962962962962963
4,0.19661458333333334,0.25787037037037036,0.011979166666666667,0.026851851851851852
4,0.24921875,0.23657407407407408,0.0109375,0.01574074074074074
7,0.21927083333333333,0.2212962962962963,0.008333333333333333,0.018518518518518517
4,0.21380208333333334,0.19675925925925927,0.013020833333333334,0.01574074074074074
4,0.19895833333333332,0.17824074074074073,0.007291666666666667,0.013888888888888888
4,0.196875,0.2,0.007291666666666667,0.018518518518518517
4,0.17994791666666668,0.20925925925925926,0.008854166666666666,0.018518518518518517
4,0.20286458333333332,0.15787037037037038,0.0067708333333333336,0.012037037037037037
4,0.09609375,0.2212962962962963,0.022395833333333334,0.014814814814814815
5,0.09739583333333333,0.20694444444444443,0.026041666666666668,0.017592592592592594
4,0.2328125,0.13333333333333333,0.005208333333333333,0.009259259259259259
1,0.20546875,0.2013888888888889,0.0026041666666666665,0.010185185185185186
10,0.20572916666666666,0.20462962962962963,0.004166666666666667,0.009259259259259259
7,0.25286458333333334,0.20787037037037037,0.009895833333333333,0.012037037037037037
1,0.25546875,0.20601851851851852,0.0036458333333333334,0.012037037037037037
1,0.265625,0.1875,0.003125,0.010185185185185186
3,0.26588541666666665,0.1912037037037037,0.0026041666666666665,0.010185185185185186
5,0.22734375,0.10740740740740741,0.0026041666666666665,0.005555555555555556
4,0.22890625,0.08888888888888889,0.0015625,0.003703703703703704
0,0.21380208333333334,0.05648148148148148,0.0026041666666666665,0.007407407407407408
0,0.21145833333333333,0.0712962962962963,0.005208333333333333,0.014814814814814815
0,0.21848958333333332,0.053703703703703705,0.0036458333333333334,0.009259259259259259
0,0.22161458333333334,0.06435185185185185,0.005729166666666666,0.010185185185185186
0,0.22421875,0.0787037037037037,0.008854166666666666,0.011111111111111112
0,0.20338541666666668,0.10092592592592593,0.0026041666666666665,0.007407407407407408
1,0.23020833333333332,0.11990740740740741,0.0010416666666666667,0.004629629629629629
10,0.23046875,0.12222222222222222,0.0026041666666666665,0.005555555555555556
6,0.23359375,0.10694444444444444,0.0026041666666666665,0.006481481481481481
1,0.25729166666666664,0.18194444444444444,0.0020833333333333333,0.006481481481481481
10,0.25703125,0.18472222222222223,0.0026041666666666665,0.006481481481481481
4,0.31015625,0.16574074074074074,0.0140625,0.009259259259259259
4,0.33645833333333336,0.16203703703703703,0.014583333333333334,0.011111111111111112
4,0.35911458333333335,0.15925925925925927,0.008854166666666666,0.012962962962962963
1,0.30234375,0.32314814814814813,0.0046875,0.016666666666666666
3,0.30234375,0.32916666666666666,0.005729166666666666,0.019444444444444445
1,0.39557291666666666,0.45787037037037037,0.008854166666666666,0.028703703703703703
2,0.044270833333333336,0.3111111111111111,0.007291666666666667,0.014814814814814815
2,0.040625,0.31851851851851853,0.00625,0.011111111111111112
1,0.01796875,0.3726851851851852,0.009895833333333333,0.028703703703703703
10,0.16380208333333332,0.17546296296296296,0.0078125,0.008333333333333333
2,0.16354166666666667,0.17453703703703705,0.004166666666666667,0.010185185185185186
