1,0.03229166666666667,0.0837962962962963,0.003125,0.004629629629629629
1,0.034375,0.0875,0.003125,0.004629629629629629
1,0.03619791666666667,0.08518518518518518,0.0036458333333333334,0.003703703703703704
1,0.034375,0.08148148148148149,0.004166666666666667,0.005555555555555556
1,0.024479166666666666,0.13842592592592592,0.005208333333333333,0.004629629629629629
1,0.018489583333333334,0.14722222222222223,0.0046875,0.003703703703703704
1,0.0171875,0.14907407407407408,0.004166666666666667,0.005555555555555556
1,0.0171875,0.14351851851851852,0.003125,0.005555555555555556
1,0.029947916666666668,0.16712962962962963,0.0046875,0.006481481481481481
1,0.0421875,0.1587962962962963,0.003125,0.004629629629629629
1,0.04140625,0.1550925925925926,0.0036458333333333334,0.004629629629629629
1,0.0453125,0.14351851851851852,0.003125,0.003703703703703704
1,0.05130208333333333,0.15601851851851853,0.0036458333333333334,0.004629629629629629
1,0.05416666666666667,0.15231481481481482,0.003125,0.002777777777777778
1,0.05364583333333333,0.15,0.004166666666666667,0.003703703703703704
1,0.05364583333333333,0.14675925925925926,0.004166666666666667,0.004629629629629629
1,0.05703125,0.15925925925925927,0.0046875,0.003703703703703704
1,0.06588541666666667,0.16435185185185186,0.0036458333333333334,0.004629629629629629
1,0.06484375,0.16296296296296298,0.0026041666666666665,0.003703703703703704
1,0.08307291666666666,0.14027777777777778,0.0046875,0.004629629629629629
1,0.08177083333333333,0.15694444444444444,0.004166666666666667,0.004629629629629629
1,0.08723958333333333,0.1527777777777778,0.0036458333333333334,0.005555555555555556
1,0.09817708333333333,0.14537037037037037,0.0036458333333333334,0.003703703703703704
1,0.10130208333333333,0.15,0.0046875,0.003703703703703704
1,0.10572916666666667,0.14814814814814814,0.005208333333333333,0.005555555555555556
1,0.12395833333333334,0.1375,0.004166666666666667,0.004629629629629629
1,0.13671875,0.14907407407407408,0.0036458333333333334,0.003703703703703704
1,0.13619791666666667,0.1439814814814815,0.0036458333333333334,0.004629629629629629
1,0.05755208333333333,0.18703703703703703,0.0036458333333333334,0.005555555555555556
1,0.0421875,0.17546296296296296,0.003125,0.004629629629629629
1,0.0421875,0.17222222222222222,0.004166666666666667,0.005555555555555556
1,0.04765625,0.2101851851851852,0.0036458333333333334,0.005555555555555556
1,0.04348958333333333,0.2199074074074074,0.0046875,0.006481481481481481
1,0.07317708333333334,0.20416666666666666,0.0026041666666666665,0.004629629629629629
1,0.078125,0.2013888888888889,0.0020833333333333333,0.006481481481481481
1,0.08255208333333333,0.19490740740740742,0.0046875,0.004629629629629629
1,0.08020833333333334,0.2013888888888889,0.0020833333333333333,0.004629629629629629
1,0.0640625,0.24212962962962964,0.004166666666666667,0.004629629629629629
1,0.054427083333333334,0.2439814814814815,0.0036458333333333334,0.004629629629629629
1,0.054427083333333334,0.2569444444444444,0.0046875,0.006481481481481481
1,0.050520833333333334,0.25925925925925924,0.003125,0.003703703703703704
1,0.04635416666666667,0.25925925925925924,0.004166666666666667,0.003703703703703704
1,0.046614583333333334,0.26435185185185184,0.0026041666666666665,0.002777777777777778
1,0.07369791666666667,0.2763888888888889,0.0036458333333333334,0.004629629629629629
1,0.07473958333333333,0.27175925925925926,0.0036458333333333334,0.002777777777777778
1,0.075,0.26851851851851855,0.003125,0.003703703703703704
1,0.08645833333333333,0.2537037037037037,0.003125,0.003703703703703704
1,0.08177083333333333,0.2814814814814815,0.003125,0.003703703703703704
1,0.09921875,0.2657407407407407,0.0036458333333333334,0.001851851851851852
1,0.09192708333333334,0.3138888888888889,0.0026041666666666665,0.003703703703703704
1,0.09244791666666667,0.3194444444444444,0.0036458333333333334,0.003703703703703704
1,0.09166666666666666,0.32314814814814813,0.003125,0.003703703703703704
1,0.06458333333333334,0.3282407407407407,0.003125,0.004629629629629629
1,0.06510416666666667,0.33194444444444443,0.003125,0.002777777777777778
1,0.07317708333333334,0.3347222222222222,0.0036458333333333334,0.004629629629629629
1,0.021614583333333333,0.350462962962963,0.0036458333333333334,0.004629629629629629
1,0.0234375,0.35694444444444445,0.003125,0.004629629629629629
1,0.031510416666666666,0.36064814814814816,0.0046875,0.004629629629629629
1,0.02890625,0.3712962962962963,0.0046875,0.005555555555555556
1,0.008854166666666666,0.3773148148148148,0.003125,0.004629629629629629
1,0.008072916666666667,0.38055555555555554,0.0036458333333333334,0.005555555555555556
1,0.005208333333333333,0.3875,0.005208333333333333,0.004629629629629629
1,0.0078125,0.3907407407407407,0.004166666666666667,0.005555555555555556
1,0.015104166666666667,0.3861111111111111,0.004166666666666667,0.005555555555555556
1,0.023177083333333334,0.39490740740740743,0.0046875,0.004629629629629629
1,0.029947916666666668,0.39351851851851855,0.0036458333333333334,0.005555555555555556
1,0.021875,0.4236111111111111,0.004166666666666667,0.004629629629629629
1,0.14661458333333333,0.03796296296296296,0.0026041666666666665,0.003703703703703704
1,0.15338541666666666,0.03564814814814815,0.0026041666666666665,0.004629629629629629
1,0.15598958333333332,0.005092592592592593,0.0036458333333333334,0.004629629629629629
1,0.14557291666666666,0.001851851851851852,0.0036458333333333334,0.003703703703703704
1,0.13203125,0.004166666666666667,0.0026041666666666665,0.004629629629629629
1,0.11458333333333333,0.3037037037037037,0.0020833333333333333,0.005555555555555556
1,0.13177083333333334,0.2796296296296296,0.003125,0.005555555555555556
1,0.1234375,0.3143518518518518,0.003125,0.004629629629629629
1,0.12239583333333333,0.31805555555555554,0.003125,0.004629629629629629
1,0.12890625,0.33287037037037037,0.0046875,0.004629629629629629
1,0.13151041666666666,0.32685185185185184,0.0036458333333333334,0.003703703703703704
1,0.1125,0.33564814814814814,0.003125,0.002777777777777778
1,0.07942708333333333,0.33564814814814814,0.0036458333333333334,0.004629629629629629
1,0.07916666666666666,0.34444444444444444,0.004166666666666667,0.007407407407407408
1,0.07239583333333334,0.3435185185185185,0.003125,0.005555555555555556
1,0.06380208333333333,0.3523148148148148,0.0046875,0.004629629629629629
1,0.05546875,0.35648148148148145,0.0036458333333333334,0.005555555555555556
1,0.047135416666666666,0.3523148148148148,0.0046875,0.006481481481481481
1,0.0453125,0.3592592592592593,0.004166666666666667,0.005555555555555556
1,0.07239583333333334,0.35833333333333334,0.004166666666666667,0.005555555555555556
1,0.07864583333333333,0.3578703703703704,0.004166666666666667,0.006481481481481481
1,0.07864583333333333,0.3712962962962963,0.004166666666666667,0.005555555555555556
1,0.07161458333333333,0.3726851851851852,0.0036458333333333334,0.004629629629629629
1,0.03046875,0.37777777777777777,0.0036458333333333334,0.003703703703703704
1,0.027083333333333334,0.37962962962962965,0.004166666666666667,0.003703703703703704
1,0.09140625,0.35555555555555557,0.0036458333333333334,0.005555555555555556
1,0.0890625,0.3560185185185185,0.0020833333333333333,0.004629629629629629
1,0.08932291666666667,0.34953703703703703,0.0036458333333333334,0.004629629629629629
1,0.09114583333333333,0.3476851851851852,0.003125,0.006481481481481481
1,0.11145833333333334,0.35185185185185186,0.003125,0.005555555555555556
1,0.11171875,0.36435185185185187,0.0036458333333333334,0.004629629629629629
1,0.11328125,0.37222222222222223,0.0026041666666666665,0.003703703703703704
1,0.11796875,0.3712962962962963,0.0026041666666666665,0.005555555555555556
1,0.121875,0.3638888888888889,0.004166666666666667,0.005555555555555556
1,0.12734375,0.3537037037037037,0.0036458333333333334,0.003703703703703704
1,0.13411458333333334,0.34814814814814815,0.0026041666666666665,0.005555555555555556
1,0.13515625,0.36064814814814816,0.0026041666666666665,0.002777777777777778
1,0.13333333333333333,0.3648148148148148,0.003125,0.003703703703703704
1,0.13776041666666666,0.36712962962962964,0.0036458333333333334,0.004629629629629629
1,0.15677083333333333,0.3523148148148148,0.0020833333333333333,0.004629629629629629
1,0.16067708333333333,0.350462962962963,0.0026041666666666665,0.002777777777777778
1,0.13463541666666667,0.32916666666666666,0.0026041666666666665,0.002777777777777778
1,0.13932291666666666,0.3111111111111111,0.0026041666666666665,0.003703703703703704
1,0.14010416666666667,0.275,0.0020833333333333333,0.003703703703703704
1,0.14765625,0.3050925925925926,0.0026041666666666665,0.002777777777777778
1,0.14791666666666667,0.30694444444444446,0.003125,0.004629629629629629
1,0.14921875,0.3101851851851852,0.0026041666666666665,0.003703703703703704
1,0.16119791666666666,0.3101851851851852,0.0026041666666666665,0.003703703703703704
1,0.16875,0.31805555555555554,0.0020833333333333333,0.004629629629629629
1,0.16510416666666666,0.29583333333333334,0.003125,0.002777777777777778
1,0.16640625,0.28425925925925927,0.0026041666666666665,0.003703703703703704
1,0.16744791666666667,0.2777777777777778,0.0026041666666666665,0.003703703703703704
1,0.16536458333333334,0.27314814814814814,0.0026041666666666665,0.003703703703703704
1,0.1625,0.26851851851851855,0.003125,0.003703703703703704
1,0.14791666666666667,0.2675925925925926,0.003125,0.003703703703703704
1,0.14114583333333333,0.2662037037037037,0.003125,0.002777777777777778
1,0.140625,0.2638888888888889,0.0020833333333333333,0.003703703703703704
1,0.13776041666666666,0.2662037037037037,0.0026041666666666665,0.002777777777777778
1,0.12317708333333334,0.2611111111111111,0.0026041666666666665,0.003703703703703704
1,0.10703125,0.2625,0.0026041666666666665,0.004629629629629629
1,0.10911458333333333,0.262037037037037,0.0026041666666666665,0.003703703703703704
1,0.11927083333333334,0.24814814814814815,0.003125,0.003703703703703704
1,0.09791666666666667,0.23796296296296296,0.003125,0.003703703703703704
1,0.09739583333333333,0.2337962962962963,0.0020833333333333333,0.002777777777777778
1,0.09817708333333333,0.23148148148148148,0.0026041666666666665,0.003703703703703704
1,0.09791666666666667,0.22592592592592592,0.003125,0.003703703703703704
1,0.09348958333333333,0.22592592592592592,0.0026041666666666665,0.003703703703703704
1,0.09270833333333334,0.22314814814814815,0.0020833333333333333,0.003703703703703704
1,0.09427083333333333,0.21898148148148147,0.0020833333333333333,0.002777777777777778
1,0.09192708333333334,0.19537037037037036,0.0036458333333333334,0.007407407407407408
1,0.103125,0.22083333333333333,0.0020833333333333333,0.002777777777777778
1,0.10208333333333333,0.21898148148148147,0.0020833333333333333,0.002777777777777778
1,0.10052083333333334,0.20462962962962963,0.003125,0.005555555555555556
1,0.09739583333333333,0.19212962962962962,0.0020833333333333333,0.002777777777777778
1,0.096875,0.19398148148148148,0.0020833333333333333,0.002777777777777778
1,0.09583333333333334,0.19212962962962962,0.0020833333333333333,0.002777777777777778
1,0.09453125,0.19166666666666668,0.0015625,0.003703703703703704
1,0.09348958333333333,0.1912037037037037,0.0026041666666666665,0.002777777777777778
1,0.09322916666666667,0.18888888888888888,0.0020833333333333333,0.001851851851851852
1,0.09296875,0.1875,0.0026041666666666665,0.002777777777777778
2,0.09739583333333333,0.16944444444444445,0.0020833333333333333,0.003703703703703704
1,0.10442708333333334,0.18009259259259258,0.0015625,0.002777777777777778
1,0.10546875,0.17731481481481481,0.0015625,0.002777777777777778
1,0.10442708333333334,0.17453703703703705,0.0015625,0.002777777777777778
1,0.10807291666666667,0.17175925925925925,0.0015625,0.002777777777777778
1,0.11875,0.19953703703703704,0.0020833333333333333,0.002777777777777778
1,0.11927083333333334,0.2050925925925926,0.003125,0.004629629629629629
1,0.11614583333333334,0.2351851851851852,0.003125,0.003703703703703704
1,0.11354166666666667,0.2337962962962963,0.003125,0.004629629629629629
1,0.11901041666666666,0.24259259259259258,0.0026041666666666665,0.003703703703703704
1,0.12213541666666666,0.23425925925925925,0.0026041666666666665,0.003703703703703704
1,0.12421875,0.23148148148148148,0.0026041666666666665,0.003703703703703704
1,0.1234375,0.225,0.003125,0.005555555555555556
1,0.11692708333333333,0.21851851851851853,0.0026041666666666665,0.003703703703703704
1,0.11848958333333333,0.21435185185185185,0.0026041666666666665,0.004629629629629629
1,0.11380208333333333,0.2064814814814815,0.0015625,0.003703703703703704
1,0.11328125,0.20324074074074075,0.0026041666666666665,0.002777777777777778
1,0.11119791666666666,0.19907407407407407,0.0015625,0.003703703703703704
1,0.10885416666666667,0.19722222222222222,0.003125,0.003703703703703704
1,0.10729166666666666,0.19444444444444445,0.0020833333333333333,0.003703703703703704
1,0.10598958333333333,0.1925925925925926,0.0026041666666666665,0.003703703703703704
1,0.1046875,0.19074074074074074,0.0020833333333333333,0.001851851851851852
1,0.10442708333333334,0.1925925925925926,0.0015625,0.003703703703703704
1,0.10338541666666666,0.19305555555555556,0.0015625,0.002777777777777778
1,0.13046875,0.20277777777777778,0.0026041666666666665,0.001851851851851852
1,0.14140625,0.22777777777777777,0.0026041666666666665,0.003703703703703704
1,0.14296875,0.22314814814814815,0.0026041666666666665,0.003703703703703704
1,0.121875,0.21944444444444444,0.003125,0.003703703703703704
1,0.12473958333333333,0.2175925925925926,0.0015625,0.003703703703703704
1,0.12604166666666666,0.21712962962962962,0.0020833333333333333,0.002777777777777778
1,0.12552083333333333,0.21898148148148147,0.0020833333333333333,0.002777777777777778
1,0.1296875,0.2175925925925926,0.0020833333333333333,0.003703703703703704
1,0.13229166666666667,0.21666666666666667,0.0020833333333333333,0.003703703703703704
1,0.13359375,0.2162037037037037,0.0026041666666666665,0.004629629629629629
1,0.13541666666666666,0.21481481481481482,0.0020833333333333333,0.003703703703703704
2,0.13723958333333333,0.21342592592592594,0.0026041666666666665,0.004629629629629629
2,0.13802083333333334,0.2111111111111111,0.0020833333333333333,0.003703703703703704
2,0.13984375,0.20972222222222223,0.0015625,0.002777777777777778
2,0.14244791666666667,0.2050925925925926,0.0026041666666666665,0.002777777777777778
2,0.14296875,0.20324074074074075,0.0026041666666666665,0.004629629629629629
2,0.14401041666666667,0.2023148148148148,0.0026041666666666665,0.004629629629629629
0,0.14661458333333333,0.19537037037037036,0.005729166666666666,0.009259259259259259
1,0.15052083333333333,0.19398148148148148,0.0020833333333333333,0.002777777777777778
1,0.153125,0.19027777777777777,0.0020833333333333333,0.004629629629629629
1,0.15338541666666666,0.19722222222222222,0.0015625,0.003703703703703704
1,0.15078125,0.2212962962962963,0.0026041666666666665,0.003703703703703704
1,0.15,0.21666666666666667,0.0020833333333333333,0.003703703703703704
1,0.15182291666666667,0.2162037037037037,0.0026041666666666665,0.002777777777777778
1,0.15572916666666667,0.22361111111111112,0.0020833333333333333,0.004629629629629629
2,0.15416666666666667,0.2212962962962963,0.0020833333333333333,0.003703703703703704
2,0.15572916666666667,0.21805555555555556,0.0020833333333333333,0.004629629629629629
1,0.15807291666666667,0.21435185185185185,0.0015625,0.002777777777777778
1,0.15260416666666668,0.20972222222222223,0.0020833333333333333,0.002777777777777778
1,0.15390625,0.2064814814814815,0.0026041666666666665,0.003703703703703704
1,0.15546875,0.2111111111111111,0.0026041666666666665,0.003703703703703704
2,0.15755208333333334,0.20925925925925926,0.0026041666666666665,0.003703703703703704
2,0.15755208333333334,0.20601851851851852,0.0015625,0.002777777777777778
1,0.15963541666666667,0.20185185185185187,0.0015625,0.003703703703703704
1,0.15911458333333334,0.2,0.0015625,0.003703703703703704
1,0.15989583333333332,0.19212962962962962,0.0020833333333333333,0.002777777777777778
1,0.15963541666666667,0.1875,0.0026041666666666665,0.004629629629629629
1,0.16822916666666668,0.19490740740740742,0.0020833333333333333,0.002777777777777778
1,0.17109375,0.19537037037037036,0.0015625,0.003703703703703704
1,0.17265625,0.19583333333333333,0.0015625,0.002777777777777778
1,0.17317708333333334,0.19814814814814816,0.0026041666666666665,0.003703703703703704
1,0.16979166666666667,0.19814814814814816,0.0020833333333333333,0.003703703703703704
1,0.16822916666666668,0.19907407407407407,0.0020833333333333333,0.003703703703703704
1,0.16328125,0.2101851851851852,0.0026041666666666665,0.005555555555555556
1,0.17682291666666666,0.21666666666666667,0.0026041666666666665,0.003703703703703704
1,0.17291666666666666,0.21435185185185185,0.0020833333333333333,0.002777777777777778
1,0.17161458333333332,0.21342592592592594,0.0015625,0.002777777777777778
1,0.16354166666666667,0.2199074074074074,0.0020833333333333333,0.002777777777777778
1,0.165625,0.22361111111111112,0.0020833333333333333,0.002777777777777778
1,0.16536458333333334,0.22083333333333333,0.0015625,0.002777777777777778
1,0.16015625,0.22870370370370371,0.0015625,0.005555555555555556
1,0.1609375,0.22824074074074074,0.0020833333333333333,0.002777777777777778
1,0.15755208333333334,0.23287037037037037,0.0015625,0.002777777777777778
1,0.159375,0.23564814814814813,0.0020833333333333333,0.002777777777777778
1,0.15807291666666667,0.23657407407407408,0.0015625,0.002777777777777778
1,0.16432291666666668,0.24212962962962964,0.0015625,0.002777777777777778
1,0.16302083333333334,0.24027777777777778,0.0010416666666666667,0.002777777777777778
1,0.17291666666666666,0.2601851851851852,0.003125,0.003703703703703704
1,0.18098958333333334,0.25092592592592594,0.0015625,0.003703703703703704
1,0.178125,0.2513888888888889,0.0020833333333333333,0.002777777777777778
1,0.17864583333333334,0.2523148148148148,0.0010416666666666667,0.002777777777777778
1,0.18671875,0.2412037037037037,0.0026041666666666665,0.002777777777777778
1,0.21302083333333333,0.21574074074074073,0.0020833333333333333,0.003703703703703704
1,0.20390625,0.2300925925925926,0.0015625,0.002777777777777778
1,0.20234375,0.23148148148148148,0.0015625,0.001851851851851852
1,0.21536458333333333,0.23703703703703705,0.0015625,0.003703703703703704
1,0.21015625,0.23703703703703705,0.0015625,0.003703703703703704
1,0.20833333333333334,0.23796296296296296,0.0020833333333333333,0.003703703703703704
1,0.17760416666666667,0.28935185185185186,0.003125,0.004629629629629629
1,0.18020833333333333,0.28703703703703703,0.0020833333333333333,0.003703703703703704
1,0.18359375,0.29305555555555557,0.0026041666666666665,0.004629629629629629
1,0.18880208333333334,0.30092592592592593,0.0015625,0.003703703703703704
1,0.19088541666666667,0.30092592592592593,0.0026041666666666665,0.003703703703703704
1,0.18958333333333333,0.3333333333333333,0.003125,0.005555555555555556
1,0.19739583333333333,0.33611111111111114,0.0020833333333333333,0.003703703703703704
1,0.196875,0.31574074074074077,0.0020833333333333333,0.003703703703703704
1,0.19635416666666666,0.3055555555555556,0.0020833333333333333,0.003703703703703704
1,0.196875,0.29768518518518516,0.0020833333333333333,0.002777777777777778
1,0.19244791666666666,0.2953703703703704,0.0026041666666666665,0.003703703703703704
1,0.196875,0.2935185185185185,0.0020833333333333333,0.003703703703703704
1,0.19322916666666667,0.28935185185185186,0.0020833333333333333,0.004629629629629629
1,0.19296875,0.2861111111111111,0.0026041666666666665,0.003703703703703704
1,0.19010416666666666,0.27314814814814814,0.003125,0.003703703703703704
1,0.19401041666666666,0.2712962962962963,0.0026041666666666665,0.003703703703703704
1,0.18984375,0.2671296296296296,0.0026041666666666665,0.004629629629629629
1,0.18125,0.3194444444444444,0.0020833333333333333,0.003703703703703704
1,0.18255208333333334,0.31805555555555554,0.0026041666666666665,0.004629629629629629
1,0.18046875,0.31574074074074077,0.0015625,0.003703703703703704
1,0.18151041666666667,0.3175925925925926,0.0026041666666666665,0.003703703703703704
1,0.18229166666666666,0.3138888888888889,0.0020833333333333333,0.003703703703703704
1,0.17708333333333334,0.3773148148148148,0.003125,0.004629629629629629
1,0.17604166666666668,0.3731481481481482,0.005208333333333333,0.005555555555555556
1,0.19140625,0.3851851851851852,0.0036458333333333334,0.005555555555555556
1,0.1984375,0.3592592592592593,0.003125,0.005555555555555556
1,0.20651041666666667,0.362962962962963,0.0026041666666666665,0.005555555555555556
1,0.21145833333333333,0.35555555555555557,0.0020833333333333333,0.003703703703703704
1,0.21432291666666667,0.35555555555555557,0.0015625,0.003703703703703704
1,0.21432291666666667,0.3458333333333333,0.0026041666666666665,0.004629629629629629
1,0.21302083333333333,0.3680555555555556,0.0020833333333333333,0.002777777777777778
1,0.21171875,0.3648148148148148,0.0015625,0.003703703703703704
1,0.21119791666666668,0.36666666666666664,0.0015625,0.003703703703703704
1,0.22526041666666666,0.37777777777777777,0.0026041666666666665,0.005555555555555556
1,0.2234375,0.39444444444444443,0.003125,0.005555555555555556
1,0.0515625,0.3902777777777778,0.003125,0.004629629629629629
1,0.022395833333333334,0.4009259259259259,0.003125,0.003703703703703704
1,0.02421875,0.4,0.0026041666666666665,0.003703703703703704
1,0.025520833333333333,0.39861111111111114,0.003125,0.004629629629629629
1,0.02734375,0.39675925925925926,0.0036458333333333334,0.004629629629629629
1,0.0020833333333333333,0.42824074074074076,0.004166666666666667,0.008333333333333333
1,0.036458333333333336,0.4699074074074074,0.004166666666666667,0.004629629629629629
1,0.03671875,0.4666666666666667,0.0036458333333333334,0.005555555555555556
1,0.058854166666666666,0.45601851851851855,0.004166666666666667,0.004629629629629629
1,0.05911458333333333,0.4842592592592593,0.0046875,0.007407407407407408
1,0.06822916666666666,0.4537037037037037,0.003125,0.005555555555555556
1,0.07421875,0.4685185185185185,0.0046875,0.007407407407407408
1,0.08958333333333333,0.4828703703703704,0.005208333333333333,0.006481481481481481
1,0.09244791666666667,0.4824074074074074,0.0026041666666666665,0.005555555555555556
1,0.11197916666666667,0.49212962962962964,0.004166666666666667,0.008333333333333333
1,0.05677083333333333,0.23981481481481481,0.003125,0.003703703703703704
1,0.07083333333333333,0.3837962962962963,0.004166666666666667,0.006481481481481481
1,0.07786458333333333,0.3837962962962963,0.0036458333333333334,0.004629629629629629
1,0.1078125,0.3837962962962963,0.003125,0.004629629629629629
1,0.09895833333333333,0.38425925925925924,0.003125,0.003703703703703704
1,0.10052083333333334,0.3888888888888889,0.003125,0.003703703703703704
1,0.096875,0.39305555555555555,0.004166666666666667,0.004629629629629629
1,0.1078125,0.4064814814814815,0.003125,0.005555555555555556
1,0.09817708333333333,0.41064814814814815,0.0036458333333333334,0.004629629629629629
1,0.09947916666666666,0.4148148148148148,0.003125,0.005555555555555556
1,0.09739583333333333,0.4134259259259259,0.003125,0.004629629629629629
1,0.08567708333333333,0.4199074074074074,0.0036458333333333334,0.006481481481481481
1,0.08151041666666667,0.4305555555555556,0.0036458333333333334,0.005555555555555556
1,0.08307291666666666,0.4393518518518518,0.0036458333333333334,0.004629629629629629
1,0.08151041666666667,0.44583333333333336,0.0036458333333333334,0.004629629629629629
1,0.07552083333333333,0.4444444444444444,0.004166666666666667,0.005555555555555556
1,0.07369791666666667,0.44722222222222224,0.0036458333333333334,0.005555555555555556
1,0.10442708333333334,0.4412037037037037,0.0036458333333333334,0.006481481481481481
1,0.1140625,0.43472222222222223,0.003125,0.004629629629629629
1,0.11536458333333334,0.4388888888888889,0.0026041666666666665,0.005555555555555556
1,0.15703125,0.42268518518518516,0.0026041666666666665,0.006481481481481481
1,0.15260416666666668,0.4597222222222222,0.0020833333333333333,0.004629629629629629
1,0.15182291666666667,0.4634259259259259,0.0026041666666666665,0.004629629629629629
1,0.16979166666666667,0.4546296296296296,0.003125,0.005555555555555556
1,0.1765625,0.4537037037037037,0.003125,0.005555555555555556
1,0.19505208333333332,0.4532407407407407,0.0046875,0.006481481481481481
1,0.19661458333333334,0.4393518518518518,0.0026041666666666665,0.004629629629629629
1,0.19817708333333334,0.42083333333333334,0.0026041666666666665,0.006481481481481481
1,0.20104166666666667,0.4263888888888889,0.0020833333333333333,0.004629629629629629
1,0.20416666666666666,0.4287037037037037,0.003125,0.005555555555555556
1,0.2,0.45740740740740743,0.0020833333333333333,0.005555555555555556
1,0.20572916666666666,0.47638888888888886,0.003125,0.004629629629629629
1,0.21041666666666667,0.47685185185185186,0.0020833333333333333,0.005555555555555556
1,0.21302083333333333,0.4777777777777778,0.0020833333333333333,0.005555555555555556
1,0.19427083333333334,0.49583333333333335,0.004166666666666667,0.006481481481481481
1,0.22578125,0.48703703703703705,0.0026041666666666665,0.005555555555555556
1,0.23359375,0.47314814814814815,0.0015625,0.005555555555555556
1,0.23671875,0.475,0.0026041666666666665,0.005555555555555556
1,0.23489583333333333,0.4777777777777778,0.0020833333333333333,0.003703703703703704
1,0.22604166666666667,0.4550925925925926,0.0020833333333333333,0.004629629629629629
1,0.22447916666666667,0.45416666666666666,0.0020833333333333333,0.004629629629629629
1,0.21822916666666667,0.44212962962962965,0.003125,0.004629629629629629
1,0.2140625,0.41944444444444445,0.0020833333333333333,0.005555555555555556
1,0.20416666666666666,0.4222222222222222,0.0020833333333333333,0.003703703703703704
1,0.20546875,0.4212962962962963,0.0026041666666666665,0.005555555555555556
1,0.221875,0.4060185185185185,0.003125,0.004629629629629629
1,0.22109375,0.4101851851851852,0.0015625,0.003703703703703704
1,0.22317708333333333,0.41574074074074074,0.0015625,0.003703703703703704
1,0.22526041666666666,0.4162037037037037,0.0015625,0.004629629629629629
1,0.22473958333333333,0.41203703703703703,0.0026041666666666665,0.003703703703703704
1,0.23802083333333332,0.41805555555555557,0.0020833333333333333,0.002777777777777778
1,0.23854166666666668,0.4217592592592593,0.0020833333333333333,0.004629629629629629
1,0.23932291666666666,0.44583333333333336,0.0026041666666666665,0.004629629629629629
1,0.23776041666666667,0.4486111111111111,0.0026041666666666665,0.004629629629629629
1,0.24791666666666667,0.44907407407407407,0.003125,0.005555555555555556
1,0.24609375,0.45694444444444443,0.0015625,0.004629629629629629
1,0.24557291666666667,0.4597222222222222,0.0026041666666666665,0.004629629629629629
1,0.25677083333333334,0.46111111111111114,0.003125,0.005555555555555556
1,0.2604166666666667,0.4615740740740741,0.0020833333333333333,0.004629629629629629
1,0.25390625,0.46620370370370373,0.0026041666666666665,0.004629629629629629
1,0.25625,0.4689814814814815,0.0020833333333333333,0.004629629629629629
1,0.25286458333333334,0.48333333333333334,0.0026041666666666665,0.005555555555555556
1,0.26015625,0.47638888888888886,0.0026041666666666665,0.006481481481481481
1,0.25052083333333336,0.45416666666666666,0.0020833333333333333,0.004629629629629629
1,0.27317708333333335,0.4439814814814815,0.0026041666666666665,0.004629629629629629
1,0.27317708333333335,0.43425925925925923,0.0015625,0.003703703703703704
1,0.27265625,0.4351851851851852,0.0026041666666666665,0.003703703703703704
1,0.27057291666666666,0.48009259259259257,0.0026041666666666665,0.006481481481481481
1,0.26901041666666664,0.4842592592592593,0.0036458333333333334,0.007407407407407408
1,0.278125,0.4722222222222222,0.0020833333333333333,0.005555555555555556
1,0.2796875,0.4666666666666667,0.0020833333333333333,0.003703703703703704
1,0.28046875,0.4699074074074074,0.0015625,0.002777777777777778
1,0.26796875,0.49675925925925923,0.0046875,0.006481481481481481
1,0.2911458333333333,0.47314814814814815,0.0020833333333333333,0.005555555555555556
1,0.28932291666666665,0.4777777777777778,0.0015625,0.003703703703703704
1,0.2916666666666667,0.48148148148148145,0.0020833333333333333,0.003703703703703704
1,0.2942708333333333,0.4962962962962963,0.0020833333333333333,0.005555555555555556
1,0.2950520833333333,0.4777777777777778,0.0026041666666666665,0.003703703703703704
1,0.2953125,0.4810185185185185,0.0020833333333333333,0.002777777777777778
1,0.35963541666666665,0.49444444444444446,0.0036458333333333334,0.009259259259259259
1,0.31979166666666664,0.4583333333333333,0.0020833333333333333,0.005555555555555556
1,0.31796875,0.4564814814814815,0.0026041666666666665,0.005555555555555556
1,0.34609375,0.4689814814814815,0.0026041666666666665,0.006481481481481481
1,0.34375,0.46805555555555556,0.003125,0.006481481481481481
1,0.3411458333333333,0.46944444444444444,0.0020833333333333333,0.005555555555555556
1,0.34322916666666664,0.47453703703703703,0.0020833333333333333,0.002777777777777778
1,0.3421875,0.4722222222222222,0.0020833333333333333,0.003703703703703704
1,0.28541666666666665,0.4185185185185185,0.004166666666666667,0.005555555555555556
1,0.2869791666666667,0.41435185185185186,0.0020833333333333333,0.004629629629629629
1,0.28854166666666664,0.4125,0.0020833333333333333,0.004629629629629629
1,0.29010416666666666,0.4013888888888889,0.0020833333333333333,0.006481481481481481
1,0.28984375,0.4074074074074074,0.0015625,0.003703703703703704
1,0.290625,0.4101851851851852,0.003125,0.005555555555555556
1,0.32057291666666665,0.37916666666666665,0.0026041666666666665,0.002777777777777778
1,0.31979166666666664,0.37592592592592594,0.003125,0.005555555555555556
1,0.31276041666666665,0.3824074074074074,0.0026041666666666665,0.003703703703703704
1,0.31276041666666665,0.37777777777777777,0.0026041666666666665,0.005555555555555556
1,0.31354166666666666,0.35833333333333334,0.0020833333333333333,0.003703703703703704
1,0.3104166666666667,0.3587962962962963,0.003125,0.004629629629629629
1,0.30755208333333334,0.36157407407407405,0.0026041666666666665,0.004629629629629629
0,0.31171875,0.3625,0.005729166666666666,0.004629629629629629
1,0.2830729166666667,0.3773148148148148,0.0026041666666666665,0.004629629629629629
1,0.28177083333333336,0.38101851851851853,0.0020833333333333333,0.002777777777777778
1,0.27369791666666665,0.41898148148148145,0.0026041666666666665,0.006481481481481481
1,0.26171875,0.38101851851851853,0.0026041666666666665,0.004629629629629629
1,0.26328125,0.3773148148148148,0.0026041666666666665,0.004629629629629629
1,0.27317708333333335,0.35648148148148145,0.0026041666666666665,0.003703703703703704
1,0.27838541666666666,0.3472222222222222,0.0015625,0.003703703703703704
1,0.27682291666666664,0.3435185185185185,0.0026041666666666665,0.005555555555555556
1,0.2721354166666667,0.3416666666666667,0.0026041666666666665,0.003703703703703704
1,0.27317708333333335,0.3388888888888889,0.0026041666666666665,0.003703703703703704
1,0.26927083333333335,0.34120370370370373,0.0020833333333333333,0.004629629629629629
1,0.2565104166666667,0.34675925925925927,0.0015625,0.002777777777777778
1,0.25703125,0.34444444444444444,0.0015625,0.003703703703703704
1,0.24166666666666667,0.36064814814814816,0.003125,0.006481481481481481
1,0.24166666666666667,0.35462962962962963,0.003125,0.003703703703703704
1,0.23385416666666667,0.36898148148148147,0.003125,0.004629629629629629
1,0.23203125,0.36574074074074076,0.0026041666666666665,0.005555555555555556
1,0.23854166666666668,0.34675925925925927,0.0020833333333333333,0.004629629629629629
1,0.23828125,0.33935185185185185,0.0026041666666666665,0.004629629629629629
1,0.24114583333333334,0.33564814814814814,0.003125,0.004629629629629629
1,0.24609375,0.3453703703703704,0.0026041666666666665,0.003703703703703704
1,0.24270833333333333,0.3416666666666667,0.0020833333333333333,0.005555555555555556
1,0.24453125,0.3398148148148148,0.0015625,0.005555555555555556
1,0.24609375,0.3375,0.0026041666666666665,0.004629629629629629
1,0.24869791666666666,0.3402777777777778,0.0015625,0.004629629629629629
1,0.25026041666666665,0.3384259259259259,0.0026041666666666665,0.004629629629629629
1,0.2518229166666667,0.34120370370370373,0.0026041666666666665,0.004629629629629629
1,0.2515625,0.33564814814814814,0.0020833333333333333,0.004629629629629629
1,0.2520833333333333,0.33194444444444443,0.0020833333333333333,0.004629629629629629
1,0.25026041666666665,0.33287037037037037,0.0026041666666666665,0.004629629629629629
1,0.2546875,0.3347222222222222,0.0020833333333333333,0.004629629629629629
1,0.25625,0.33287037037037037,0.0020833333333333333,0.004629629629629629
1,0.2598958333333333,0.3375,0.003125,0.004629629629629629
1,0.259375,0.33287037037037037,0.0020833333333333333,0.004629629629629629
1,0.265625,0.32731481481481484,0.0020833333333333333,0.004629629629629629
1,0.2682291666666667,0.3226851851851852,0.0020833333333333333,0.004629629629629629
1,0.2703125,0.32314814814814813,0.0020833333333333333,0.003703703703703704
1,0.26953125,0.3194444444444444,0.0015625,0.003703703703703704
1,0.2713541666666667,0.3921296296296296,0.0020833333333333333,0.004629629629629629
1,0.27291666666666664,0.3958333333333333,0.0020833333333333333,0.004629629629629629
1,0.27421875,0.3939814814814815,0.0026041666666666665,0.004629629629629629
1,0.27734375,0.39351851851851855,0.0015625,0.003703703703703704
1,0.27682291666666664,0.3962962962962963,0.0026041666666666665,0.003703703703703704
1,0.27369791666666665,0.40555555555555556,0.0026041666666666665,0.003703703703703704
1,0.2752604166666667,0.40925925925925927,0.0026041666666666665,0.003703703703703704
1,0.2747395833333333,0.4125,0.0026041666666666665,0.004629629629629629
1,0.28932291666666665,0.35555555555555557,0.0026041666666666665,0.003703703703703704
1,0.2869791666666667,0.3509259259259259,0.0020833333333333333,0.003703703703703704
1,0.284375,0.3476851851851852,0.003125,0.004629629629629629
1,0.28359375,0.3523148148148148,0.0026041666666666665,0.004629629629629629
1,0.2869791666666667,0.3560185185185185,0.003125,0.004629629629629629
1,0.29348958333333336,0.3125,0.0026041666666666665,0.004629629629629629
1,0.2903645833333333,0.2949074074074074,0.0026041666666666665,0.006481481481481481
1,0.28229166666666666,0.2962962962962963,0.003125,0.003703703703703704
1,0.3104166666666667,0.2986111111111111,0.0020833333333333333,0.004629629629629629
1,0.3067708333333333,0.29212962962962963,0.0020833333333333333,0.004629629629629629
1,0.3028645833333333,0.287962962962963,0.0026041666666666665,0.003703703703703704
1,0.30416666666666664,0.29074074074074074,0.004166666666666667,0.005555555555555556
1,0.4075520833333333,0.4912037037037037,0.0036458333333333334,0.006481481481481481
1,0.41067708333333336,0.4898148148148148,0.0026041666666666665,0.005555555555555556
1,0.428125,0.49722222222222223,0.004166666666666667,0.005555555555555556
1,0.42526041666666664,0.4981481481481482,0.0026041666666666665,0.003703703703703704
1,0.42942708333333335,0.44907407407407407,0.0036458333333333334,0.005555555555555556
1,0.4236979166666667,0.43472222222222223,0.0036458333333333334,0.006481481481481481
1,0.41458333333333336,0.4222222222222222,0.003125,0.003703703703703704
1,0.41744791666666664,0.41712962962962963,0.0026041666666666665,0.004629629629629629
1,0.41328125,0.3976851851851852,0.0026041666666666665,0.004629629629629629
1,0.3848958333333333,0.3921296296296296,0.003125,0.004629629629629629
1,0.40078125,0.3824074074074074,0.0036458333333333334,0.005555555555555556
1,0.4036458333333333,0.3814814814814815,0.0020833333333333333,0.005555555555555556
1,0.42265625,0.4064814814814815,0.0036458333333333334,0.005555555555555556
1,0.4080729166666667,0.4115740740740741,0.0036458333333333334,0.004629629629629629
1,0.4080729166666667,0.4152777777777778,0.0026041666666666665,0.002777777777777778
1,0.4083333333333333,0.4185185185185185,0.0020833333333333333,0.005555555555555556
1,0.3497395833333333,0.40370370370370373,0.0026041666666666665,0.003703703703703704
1,0.35208333333333336,0.40370370370370373,0.0020833333333333333,0.003703703703703704
1,0.35130208333333335,0.4060185185185185,0.0026041666666666665,0.004629629629629629
1,0.41875,0.36157407407407405,0.003125,0.004629629629629629
1,0.17291666666666666,0.15,0.003125,0.003703703703703704
1,0.17395833333333333,0.14629629629629629,0.003125,0.003703703703703704
1,0.17838541666666666,0.1527777777777778,0.0026041666666666665,0.003703703703703704
1,0.17604166666666668,0.16018518518518518,0.003125,0.005555555555555556
1,0.190625,0.1648148148148148,0.003125,0.003703703703703704
1,0.1921875,0.16064814814814815,0.0020833333333333333,0.002777777777777778
1,0.19401041666666666,0.15694444444444444,0.0026041666666666665,0.004629629629629629
1,0.19479166666666667,0.16296296296296298,0.0020833333333333333,0.003703703703703704
1,0.19817708333333334,0.1699074074074074,0.0026041666666666665,0.004629629629629629
1,0.20442708333333334,0.1648148148148148,0.0036458333333333334,0.003703703703703704
1,0.2046875,0.16157407407407406,0.0020833333333333333,0.004629629629629629
1,0.21197916666666666,0.15555555555555556,0.0020833333333333333,0.003703703703703704
1,0.21458333333333332,0.1574074074074074,0.0020833333333333333,0.003703703703703704
1,0.22994791666666667,0.1638888888888889,0.0026041666666666665,0.003703703703703704
1,0.23203125,0.17407407407407408,0.0026041666666666665,0.003703703703703704
1,0.23177083333333334,0.17962962962962964,0.003125,0.003703703703703704
1,0.23828125,0.1787037037037037,0.0026041666666666665,0.003703703703703704
1,0.19947916666666668,0.1912037037037037,0.003125,0.002777777777777778
1,0.19791666666666666,0.18888888888888888,0.0020833333333333333,0.003703703703703704
1,0.19739583333333333,0.19166666666666668,0.0020833333333333333,0.003703703703703704
1,0.20416666666666666,0.1837962962962963,0.0020833333333333333,0.002777777777777778
1,0.20598958333333334,0.18703703703703703,0.0026041666666666665,0.003703703703703704
1,0.2078125,0.18472222222222223,0.003125,0.004629629629629629
1,0.2453125,0.18703703703703703,0.0020833333333333333,0.003703703703703704
1,0.23515625,0.1884259259259259,0.0026041666666666665,0.004629629629629629
1,0.2375,0.18935185185185185,0.0020833333333333333,0.002777777777777778
1,0.2375,0.1875,0.0020833333333333333,0.002777777777777778
1,0.22682291666666668,0.21898148148148147,0.0026041666666666665,0.004629629629629629
1,0.23020833333333332,0.21296296296296297,0.0020833333333333333,0.003703703703703704
1,0.23203125,0.2162037037037037,0.0026041666666666665,0.004629629629629629
1,0.24765625,0.20694444444444443,0.0026041666666666665,0.004629629629629629
1,0.25807291666666665,0.18055555555555555,0.0026041666666666665,0.003703703703703704
1,0.2578125,0.17592592592592593,0.003125,0.003703703703703704
1,0.23723958333333334,0.15833333333333333,0.0026041666666666665,0.003703703703703704
1,0.2669270833333333,0.1814814814814815,0.0026041666666666665,0.003703703703703704
1,0.2518229166666667,0.23194444444444445,0.0015625,0.002777777777777778
1,0.24583333333333332,0.23194444444444445,0.0020833333333333333,0.004629629629629629
1,0.24348958333333334,0.23657407407407408,0.0026041666666666665,0.004629629629629629
1,0.24453125,0.24305555555555555,0.0026041666666666665,0.004629629629629629
1,0.23385416666666667,0.23564814814814813,0.0020833333333333333,0.004629629629629629
1,0.2296875,0.23842592592592593,0.0020833333333333333,0.002777777777777778
1,0.22578125,0.23935185185185184,0.0026041666666666665,0.004629629629629629
1,0.22395833333333334,0.2412037037037037,0.003125,0.004629629629629629
1,0.22239583333333332,0.24212962962962964,0.0020833333333333333,0.004629629629629629
1,0.22161458333333334,0.2449074074074074,0.0015625,0.002777777777777778
1,0.21822916666666667,0.24444444444444444,0.0020833333333333333,0.003703703703703704
1,0.21979166666666666,0.24861111111111112,0.0020833333333333333,0.002777777777777778
1,0.2171875,0.24768518518518517,0.003125,0.002777777777777778
1,0.22604166666666667,0.2490740740740741,0.0020833333333333333,0.003703703703703704
1,0.23125,0.24861111111111112,0.0020833333333333333,0.002777777777777778
1,0.23489583333333333,0.25,0.003125,0.003703703703703704
1,0.24088541666666666,0.25046296296296294,0.0026041666666666665,0.004629629629629629
1,0.2484375,0.2523148148148148,0.0010416666666666667,0.002777777777777778
1,0.25104166666666666,0.24351851851851852,0.003125,0.005555555555555556
1,0.2565104166666667,0.23981481481481481,0.0026041666666666665,0.003703703703703704
1,0.25390625,0.24861111111111112,0.0026041666666666665,0.004629629629629629
1,0.2640625,0.2518518518518518,0.0020833333333333333,0.003703703703703704
1,0.2799479166666667,0.2324074074074074,0.0026041666666666665,0.005555555555555556
1,0.26927083333333335,0.26481481481481484,0.004166666666666667,0.005555555555555556
1,0.26614583333333336,0.26481481481481484,0.0020833333333333333,0.003703703703703704
1,0.2609375,0.2638888888888889,0.003125,0.003703703703703704
1,0.253125,0.26342592592592595,0.0020833333333333333,0.004629629629629629
1,0.24791666666666667,0.2638888888888889,0.004166666666666667,0.005555555555555556
1,0.23984375,0.2611111111111111,0.0015625,0.003703703703703704
1,0.24114583333333334,0.2662037037037037,0.0020833333333333333,0.002777777777777778
1,0.23463541666666668,0.2601851851851852,0.0015625,0.003703703703703704
1,0.23255208333333333,0.25601851851851853,0.0015625,0.004629629629629629
1,0.22317708333333333,0.2518518518518518,0.0026041666666666665,0.003703703703703704
1,0.22994791666666667,0.2625,0.0026041666666666665,0.006481481481481481
1,0.22552083333333334,0.2611111111111111,0.0020833333333333333,0.003703703703703704
1,0.22239583333333332,0.2569444444444444,0.003125,0.004629629629629629
1,0.221875,0.2625,0.003125,0.004629629629629629
1,0.21640625,0.2574074074074074,0.0015625,0.001851851851851852
1,0.21770833333333334,0.26296296296296295,0.0020833333333333333,0.005555555555555556
1,0.21692708333333333,0.26990740740740743,0.0026041666666666665,0.004629629629629629
1,0.221875,0.2708333333333333,0.003125,0.004629629629629629
1,0.2265625,0.27037037037037037,0.0020833333333333333,0.003703703703703704
1,0.23125,0.27037037037037037,0.0020833333333333333,0.003703703703703704
1,0.23515625,0.2712962962962963,0.0015625,0.003703703703703704
1,0.24140625,0.2712962962962963,0.0015625,0.003703703703703704
1,0.23489583333333333,0.27870370370370373,0.0020833333333333333,0.003703703703703704
1,0.23098958333333333,0.27824074074074073,0.0026041666666666665,0.004629629629629629
1,0.22734375,0.2777777777777778,0.0026041666666666665,0.003703703703703704
1,0.22239583333333332,0.2777777777777778,0.0020833333333333333,0.003703703703703704
1,0.21744791666666666,0.2763888888888889,0.0015625,0.002777777777777778
1,0.21380208333333334,0.2763888888888889,0.0026041666666666665,0.004629629629629629
1,0.21354166666666666,0.2851851851851852,0.003125,0.005555555555555556
1,0.21354166666666666,0.2916666666666667,0.003125,0.003703703703703704
1,0.21302083333333333,0.2986111111111111,0.0020833333333333333,0.004629629629629629
1,0.21614583333333334,0.30416666666666664,0.003125,0.004629629629629629
1,0.2171875,0.2972222222222222,0.0020833333333333333,0.003703703703703704
1,0.21744791666666666,0.29074074074074074,0.0026041666666666665,0.003703703703703704
1,0.21692708333333333,0.2847222222222222,0.0026041666666666665,0.004629629629629629
1,0.22083333333333333,0.28564814814814815,0.0020833333333333333,0.002777777777777778
1,0.221875,0.2828703703703704,0.0020833333333333333,0.002777777777777778
1,0.22083333333333333,0.29074074074074074,0.0020833333333333333,0.003703703703703704
1,0.22083333333333333,0.29768518518518516,0.0020833333333333333,0.004629629629629629
1,0.2203125,0.30462962962962964,0.003125,0.003703703703703704
1,0.22552083333333334,0.30416666666666664,0.003125,0.004629629629629629
1,0.22578125,0.2967592592592593,0.0036458333333333334,0.004629629629629629
1,0.22630208333333332,0.29212962962962963,0.0026041666666666665,0.004629629629629629
1,0.22682291666666668,0.2851851851851852,0.0036458333333333334,0.003703703703703704
1,0.23125,0.2851851851851852,0.0020833333333333333,0.003703703703703704
1,0.23125,0.2916666666666667,0.0020833333333333333,0.003703703703703704
1,0.23072916666666668,0.29768518518518516,0.003125,0.004629629629629629
1,0.23020833333333332,0.30462962962962964,0.004166666666666667,0.005555555555555556
1,0.23463541666666668,0.30416666666666664,0.0026041666666666665,0.004629629629629629
1,0.2359375,0.29953703703703705,0.003125,0.004629629629629629
1,0.2359375,0.2912037037037037,0.003125,0.004629629629629629
1,0.23671875,0.28564814814814815,0.0015625,0.002777777777777778
1,0.24296875,0.2791666666666667,0.0036458333333333334,0.004629629629629629
1,0.24713541666666666,0.27175925925925926,0.0026041666666666665,0.004629629629629629
1,0.24713541666666666,0.27824074074074073,0.0026041666666666665,0.004629629629629629
1,0.246875,0.2865740740740741,0.003125,0.004629629629629629
1,0.2421875,0.2861111111111111,0.0020833333333333333,0.003703703703703704
1,0.24088541666666666,0.2902777777777778,0.0026041666666666665,0.004629629629629629
1,0.23984375,0.2972222222222222,0.0026041666666666665,0.003703703703703704
1,0.24036458333333333,0.3050925925925926,0.0026041666666666665,0.004629629629629629
1,0.24114583333333334,0.31342592592592594,0.003125,0.002777777777777778
1,0.23255208333333333,0.31203703703703706,0.0036458333333333334,0.005555555555555556
1,0.22526041666666666,0.3111111111111111,0.0026041666666666665,0.003703703703703704
1,0.21588541666666666,0.3106481481481482,0.0026041666666666665,0.004629629629629629
1,0.25416666666666665,0.27314814814814814,0.0020833333333333333,0.005555555555555556
1,0.2598958333333333,0.27314814814814814,0.003125,0.005555555555555556
1,0.2677083333333333,0.275,0.003125,0.003703703703703704
1,0.2682291666666667,0.28055555555555556,0.003125,0.003703703703703704
1,0.2682291666666667,0.2861111111111111,0.003125,0.003703703703703704
1,0.2755208333333333,0.2884259259259259,0.003125,0.004629629629629629
1,0.26640625,0.2949074074074074,0.0036458333333333334,0.006481481481481481
1,0.2640625,0.30092592592592593,0.0020833333333333333,0.007407407407407408
1,0.26067708333333334,0.2796296296296296,0.0026041666666666665,0.005555555555555556
1,0.26119791666666664,0.28703703703703703,0.0026041666666666665,0.005555555555555556
1,0.25286458333333334,0.2800925925925926,0.0036458333333333334,0.004629629629629629
1,0.25442708333333336,0.2861111111111111,0.0036458333333333334,0.005555555555555556
1,0.2591145833333333,0.29814814814814816,0.0026041666666666665,0.003703703703703704
1,0.2609375,0.30833333333333335,0.0020833333333333333,0.005555555555555556
1,0.2520833333333333,0.2916666666666667,0.003125,0.005555555555555556
1,0.24765625,0.29212962962962963,0.0026041666666666665,0.004629629629629629
1,0.24765625,0.29907407407407405,0.0015625,0.005555555555555556
1,0.25234375,0.29907407407407405,0.0026041666666666665,0.005555555555555556
1,0.2526041666666667,0.30648148148148147,0.003125,0.005555555555555556
1,0.24765625,0.3055555555555556,0.0026041666666666665,0.003703703703703704
1,0.24713541666666666,0.3143518518518518,0.0026041666666666665,0.004629629629629629
1,0.24791666666666667,0.3189814814814815,0.0020833333333333333,0.004629629629629629
1,0.25286458333333334,0.31527777777777777,0.0026041666666666665,0.006481481481481481
1,0.25546875,0.3162037037037037,0.0026041666666666665,0.004629629629629629
1,0.2625,0.324537037037037,0.0020833333333333333,0.004629629629629629
1,0.2596354166666667,0.3189814814814815,0.0026041666666666665,0.004629629629629629
1,0.25807291666666665,0.3226851851851852,0.0015625,0.004629629629629629
1,0.25546875,0.32314814814814813,0.0015625,0.003703703703703704
1,0.25364583333333335,0.32175925925925924,0.003125,0.002777777777777778
1,0.25442708333333336,0.32546296296296295,0.0026041666666666665,0.004629629629629629
1,0.24140625,0.32222222222222224,0.0026041666666666665,0.005555555555555556
1,0.24791666666666667,0.33055555555555555,0.0020833333333333333,0.005555555555555556
1,0.24583333333333332,0.33194444444444443,0.003125,0.004629629629629629
1,0.23958333333333334,0.324537037037037,0.0020833333333333333,0.004629629629629629
1,0.23828125,0.3277777777777778,0.0026041666666666665,0.005555555555555556
1,0.23723958333333334,0.3333333333333333,0.0015625,0.003703703703703704
1,0.3104166666666667,0.2777777777777778,0.003125,0.005555555555555556
1,0.3020833333333333,0.22777777777777777,0.003125,0.003703703703703704
1,0.303125,0.22407407407407406,0.003125,0.003703703703703704
1,0.328125,0.23287037037037037,0.003125,0.004629629629629629
1,0.31197916666666664,0.225,0.003125,0.003703703703703704
1,0.3125,0.2212962962962963,0.0020833333333333333,0.001851851851851852
1,0.31302083333333336,0.21805555555555556,0.003125,0.002777777777777778
1,0.36302083333333335,0.28425925925925927,0.003125,0.003703703703703704
1,0.37942708333333336,0.29074074074074074,0.0036458333333333334,0.003703703703703704
1,0.3611979166666667,0.3282407407407407,0.0026041666666666665,0.006481481481481481
1,0.36432291666666666,0.3435185185185185,0.0036458333333333334,0.005555555555555556
1,0.365625,0.3402777777777778,0.003125,0.004629629629629629
1,0.3846354166666667,0.31574074074074077,0.0036458333333333334,0.005555555555555556
1,0.3854166666666667,0.2967592592592593,0.003125,0.006481481481481481
1,0.38776041666666666,0.30833333333333335,0.0026041666666666665,0.005555555555555556
1,0.3854166666666667,0.3,0.003125,0.005555555555555556
1,0.384375,0.30277777777777776,0.003125,0.003703703703703704
1,0.38177083333333334,0.3087962962962963,0.0020833333333333333,0.002777777777777778
1,0.38307291666666665,0.3074074074074074,0.0026041666666666665,0.003703703703703704
1,0.3846354166666667,0.3055555555555556,0.0036458333333333334,0.003703703703703704
1,0.38515625,0.30787037037037035,0.0026041666666666665,0.004629629629629629
1,0.4010416666666667,0.3050925925925926,0.004166666666666667,0.004629629629629629
1,0.4015625,0.30092592592592593,0.003125,0.003703703703703704
1,0.41640625,0.30925925925925923,0.0026041666666666665,0.003703703703703704
1,0.41822916666666665,0.3143518518518518,0.003125,0.004629629629629629
1,0.41770833333333335,0.2949074074074074,0.003125,0.004629629629629629
1,0.42473958333333334,0.29583333333333334,0.0036458333333333334,0.004629629629629629
1,0.42083333333333334,0.30185185185185187,0.0020833333333333333,0.003703703703703704
1,0.42213541666666665,0.30277777777777776,0.0015625,0.003703703703703704
1,0.41770833333333335,0.2814814814814815,0.003125,0.005555555555555556
1,0.41953125,0.2810185185185185,0.0026041666666666665,0.004629629629629629
1,0.4205729166666667,0.26157407407407407,0.0036458333333333334,0.004629629629629629
1,0.4161458333333333,0.25601851851851853,0.003125,0.004629629629629629
1,0.41822916666666665,0.25462962962962965,0.003125,0.005555555555555556
1,0.41015625,0.24953703703703703,0.0026041666666666665,0.004629629629629629
1,0.40651041666666665,0.24537037037037038,0.0036458333333333334,0.003703703703703704
1,0.40260416666666665,0.23425925925925925,0.004166666666666667,0.005555555555555556
1,0.3575520833333333,0.22546296296296298,0.0026041666666666665,0.004629629629629629
1,0.41328125,0.23981481481481481,0.0036458333333333334,0.005555555555555556
1,0.41510416666666666,0.2412037037037037,0.0020833333333333333,0.004629629629629629
1,0.41640625,0.23425925925925925,0.0036458333333333334,0.003703703703703704
1,0.41744791666666664,0.2388888888888889,0.0026041666666666665,0.003703703703703704
1,0.4192708333333333,0.23981481481481481,0.0020833333333333333,0.003703703703703704
1,0.42109375,0.2375,0.0026041666666666665,0.004629629629629629
1,0.42265625,0.2361111111111111,0.0026041666666666665,0.003703703703703704
1,0.4114583333333333,0.2212962962962963,0.004166666666666667,0.005555555555555556
1,0.4109375,0.21898148148148147,0.004166666666666667,0.004629629629629629
1,0.4088541666666667,0.20324074074074075,0.004166666666666667,0.006481481481481481
1,0.4005208333333333,0.2,0.0020833333333333333,0.005555555555555556
1,0.396875,0.19305555555555556,0.003125,0.004629629629629629
1,0.3953125,0.19768518518518519,0.004166666666666667,0.004629629629629629
1,0.3966145833333333,0.2023148148148148,0.0026041666666666665,0.004629629629629629
1,0.3953125,0.20601851851851852,0.004166666666666667,0.004629629629629629
1,0.40598958333333335,0.21898148148148147,0.0046875,0.006481481481481481
1,0.38307291666666665,0.20555555555555555,0.0046875,0.005555555555555556
1,0.3776041666666667,0.19490740740740742,0.003125,0.006481481481481481
1,0.359375,0.1884259259259259,0.003125,0.002777777777777778
1,0.34869791666666666,0.1925925925925926,0.0026041666666666665,0.005555555555555556
1,0.34609375,0.18518518518518517,0.0026041666666666665,0.003703703703703704
1,0.34036458333333336,0.18796296296296297,0.0036458333333333334,0.005555555555555556
1,0.33307291666666666,0.19027777777777777,0.0026041666666666665,0.004629629629629629
1,0.3026041666666667,0.18518518518518517,0.003125,0.003703703703703704
1,0.3015625,0.18194444444444444,0.003125,0.004629629629629629
1,0.29973958333333334,0.16296296296296298,0.0026041666666666665,0.003703703703703704
1,0.2916666666666667,0.16712962962962963,0.003125,0.002777777777777778
0,0.3419270833333333,0.20092592592592592,0.0067708333333333336,0.005555555555555556
1,0.2921875,0.1763888888888889,0.0020833333333333333,0.002777777777777778
1,0.29322916666666665,0.1726851851851852,0.0020833333333333333,0.004629629629629629
1,0.2825520833333333,0.17222222222222222,0.0026041666666666665,0.005555555555555556
1,0.27734375,0.16898148148148148,0.0026041666666666665,0.004629629629629629
1,0.2713541666666667,0.17407407407407408,0.0020833333333333333,0.003703703703703704
1,0.2703125,0.17777777777777778,0.003125,0.003703703703703704
1,0.27057291666666666,0.18101851851851852,0.0026041666666666665,0.004629629629629629
1,0.2703125,0.1925925925925926,0.0020833333333333333,0.005555555555555556
1,0.27291666666666664,0.19212962962962962,0.0020833333333333333,0.004629629629629629
1,0.27578125,0.1935185185185185,0.0026041666666666665,0.003703703703703704
1,0.4265625,0.37222222222222223,0.003125,0.005555555555555556
1,0.47213541666666664,0.3111111111111111,0.0046875,0.005555555555555556
2,0.46067708333333335,0.3087962962962963,0.0026041666666666665,0.004629629629629629
2,0.46145833333333336,0.3143518518518518,0.003125,0.002777777777777778
2,0.23854166666666668,0.09953703703703703,0.0020833333333333333,0.002777777777777778
2,0.2359375,0.09907407407407408,0.0020833333333333333,0.005555555555555556
2,0.2265625,0.12314814814814815,0.0020833333333333333,0.003703703703703704
2,0.22604166666666667,0.12731481481481483,0.003125,0.004629629629629629
2,0.23046875,0.13287037037037036,0.0015625,0.004629629629629629
2,0.23307291666666666,0.1337962962962963,0.0026041666666666665,0.004629629629629629
2,0.25494791666666666,0.09027777777777778,0.0026041666666666665,0.004629629629629629
2,0.2565104166666667,0.08981481481481482,0.0026041666666666665,0.005555555555555556
1,0.32057291666666665,0.03981481481481482,0.0026041666666666665,0.007407407407407408
1,0.32265625,0.032407407407407406,0.0015625,0.003703703703703704
1,0.32057291666666665,0.032407407407407406,0.0015625,0.003703703703703704
1,0.31223958333333335,0.03194444444444444,0.0026041666666666665,0.008333333333333333
1,0.32083333333333336,0.025,0.003125,0.007407407407407408
1,0.32760416666666664,0.024074074074074074,0.003125,0.005555555555555556
1,0.30963541666666666,0.011574074074074073,0.0026041666666666665,0.004629629629629629
1,0.2557291666666667,0.11527777777777778,0.0020833333333333333,0.002777777777777778
1,0.253125,0.11666666666666667,0.0020833333333333333,0.003703703703703704
2,0.3359375,0.1597222222222222,0.003125,0.004629629629629629
2,0.28125,0.15138888888888888,0.0020833333333333333,0.002777777777777778
2,0.28151041666666665,0.15555555555555556,0.0026041666666666665,0.003703703703703704
2,0.2825520833333333,0.12453703703703704,0.0026041666666666665,0.002777777777777778
2,0.2825520833333333,0.12037037037037036,0.0026041666666666665,0.003703703703703704
2,0.2825520833333333,0.11851851851851852,0.0026041666666666665,0.003703703703703704
2,0.3372395833333333,0.1287037037037037,0.0026041666666666665,0.003703703703703704
2,0.3372395833333333,0.12453703703703704,0.0026041666666666665,0.004629629629629629
2,0.3377604166666667,0.11990740740740741,0.0026041666666666665,0.004629629629629629
2,0.3377604166666667,0.10185185185185185,0.0036458333333333334,0.003703703703703704
2,0.3380208333333333,0.09814814814814815,0.003125,0.003703703703703704
1,0.33567708333333335,0.08287037037037037,0.0026041666666666665,0.004629629629629629
2,0.28411458333333334,0.09583333333333334,0.0026041666666666665,0.004629629629629629
2,0.28411458333333334,0.09212962962962963,0.0026041666666666665,0.004629629629629629
1,0.296875,0.03009259259259259,0.003125,0.006481481481481481
1,0.2903645833333333,0.012962962962962963,0.0015625,0.003703703703703704
1,0.29010416666666666,0.009259259259259259,0.0020833333333333333,0.003703703703703704
1,0.2890625,0.011111111111111112,0.0020833333333333333,0.003703703703703704
1,0.27265625,0.007407407407407408,0.0026041666666666665,0.007407407407407408
1,0.3145833333333333,0.0060185185185185185,0.0010416666666666667,0.004629629629629629
1,0.30911458333333336,0.002777777777777778,0.0015625,0.005555555555555556
1,0.3106770833333333,0.004629629629629629,0.0015625,0.005555555555555556
1,0.31666666666666665,0.011111111111111112,0.0020833333333333333,0.007407407407407408
1,0.23776041666666667,0.006481481481481481,0.0026041666666666665,0.005555555555555556
1,0.24401041666666667,0.003703703703703704,0.0026041666666666665,0.005555555555555556
1,0.240625,0.0032407407407407406,0.003125,0.006481481481481481
1,0.008854166666666666,0.02824074074074074,0.004166666666666667,0.006481481481481481
1,0.18880208333333334,0.0032407407407407406,0.0026041666666666665,0.006481481481481481
1,0.21354166666666666,0.0060185185185185185,0.004166666666666667,0.006481481481481481
1,0.29348958333333336,0.003703703703703704,0.0015625,0.005555555555555556
7,0.35703125,0.003703703703703704,0.008854166666666666,0.007407407407407408
4,0.3690104166666667,0.004629629629629629,0.013020833333333334,0.009259259259259259
10,0.3796875,0.007407407407407408,0.005208333333333333,0.009259259259259259
10,0.38359375,0.005555555555555556,0.0046875,0.009259259259259259
7,0.39166666666666666,0.008333333333333333,0.007291666666666667,0.009259259259259259
8,0.40130208333333334,0.008333333333333333,0.008854166666666666,0.011111111111111112
4,0.425,0.009722222222222222,0.0125,0.012037037037037037
4,0.4390625,0.0125,0.0125,0.012037037037037037
4,0.4544270833333333,0.013888888888888888,0.013020833333333334,0.012962962962962963
0,0.41302083333333334,0.010185185185185186,0.005208333333333333,0.007407407407407408
1,0.44869791666666664,0.022685185185185187,0.0046875,0.004629629629629629
7,0.471875,0.005555555555555556,0.007291666666666667,0.007407407407407408
2,0.4744791666666667,0.005092592592592593,0.0020833333333333333,0.006481481481481481
4,0.4747395833333333,0.01712962962962963,0.013020833333333334,0.012037037037037037
4,0.4908854166666667,0.01990740740740741,0.0140625,0.012037037037037037
1,0.45416666666666666,0.02824074074074074,0.004166666666666667,0.004629629629629629
1,0.45390625,0.032407407407407406,0.0046875,0.005555555555555556
1,0.46041666666666664,0.03425925925925926,0.004166666666666667,0.005555555555555556
1,0.4596354166666667,0.03796296296296296,0.0036458333333333334,0.005555555555555556
1,0.4752604166666667,0.044444444444444446,0.0046875,0.007407407407407408
1,0.49140625,0.04212962962962963,0.0046875,0.006481481481481481
2,0.36692708333333335,0.11064814814814815,0.0026041666666666665,0.004629629629629629
2,0.36380208333333336,0.11064814814814815,0.0026041666666666665,0.004629629629629629
4,0.4390625,0.1763888888888889,0.003125,0.006481481481481481
4,0.43515625,0.16712962962962963,0.0015625,0.004629629629629629
0,0.44166666666666665,0.1648148148148148,0.007291666666666667,0.009259259259259259
1,0.43307291666666664,0.18518518518518517,0.0026041666666666665,0.003703703703703704
1,0.4359375,0.18518518518518517,0.0020833333333333333,0.003703703703703704
1,0.43333333333333335,0.18703703703703703,0.003125,0.005555555555555556
1,0.44114583333333335,0.19212962962962962,0.004166666666666667,0.004629629629629629
1,0.43411458333333336,0.19398148148148148,0.0026041666666666665,0.004629629629629629
1,0.43020833333333336,0.1962962962962963,0.003125,0.003703703703703704
1,0.43411458333333336,0.20092592592592592,0.0026041666666666665,0.005555555555555556
1,0.440625,0.19675925925925927,0.003125,0.004629629629629629
1,0.4395833333333333,0.19537037037037036,0.003125,0.003703703703703704
1,0.44817708333333334,0.18518518518518517,0.0036458333333333334,0.003703703703703704
1,0.44869791666666664,0.1875,0.0036458333333333334,0.004629629629629629
1,0.4479166666666667,0.19675925925925927,0.0020833333333333333,0.004629629629629629
1,0.45026041666666666,0.2,0.0026041666666666665,0.003703703703703704
1,0.44088541666666664,0.20555555555555555,0.0026041666666666665,0.003703703703703704
1,0.4317708333333333,0.20416666666666666,0.003125,0.004629629629629629
1,0.43697916666666664,0.20462962962962963,0.003125,0.001851851851851852
1,0.43776041666666665,0.20694444444444443,0.0036458333333333334,0.002777777777777778
1,0.4375,0.20925925925925926,0.004166666666666667,0.001851851851851852
0,0.434375,0.21388888888888888,0.00625,0.011111111111111112
1,0.4393229166666667,0.2199074074074074,0.0036458333333333334,0.004629629629629629
0,0.43723958333333335,0.22453703703703703,0.0067708333333333336,0.004629629629629629
0,0.4278645833333333,0.2388888888888889,0.0046875,0.009259259259259259
1,0.43125,0.22592592592592592,0.003125,0.005555555555555556
1,0.44505208333333335,0.21712962962962962,0.0036458333333333334,0.004629629629629629
1,0.44505208333333335,0.21157407407407408,0.0026041666666666665,0.004629629629629629
1,0.4466145833333333,0.21064814814814814,0.0026041666666666665,0.004629629629629629
1,0.44869791666666664,0.2125,0.0026041666666666665,0.004629629629629629
1,0.44869791666666664,0.2162037037037037,0.0026041666666666665,0.004629629629629629
1,0.44765625,0.22037037037037038,0.0046875,0.003703703703703704
1,0.45729166666666665,0.1736111111111111,0.004166666666666667,0.004629629629629629
1,0.4583333333333333,0.17083333333333334,0.004166666666666667,0.004629629629629629
1,0.4630208333333333,0.16898148148148148,0.004166666666666667,0.006481481481481481
1,0.46640625,0.16944444444444445,0.0036458333333333334,0.005555555555555556
1,0.47161458333333334,0.17175925925925925,0.0046875,0.004629629629629629
1,0.471875,0.16805555555555557,0.004166666666666667,0.004629629629629629
1,0.47760416666666666,0.1712962962962963,0.004166666666666667,0.003703703703703704
1,0.45026041666666666,0.27824074074074073,0.0026041666666666665,0.006481481481481481
1,0.45234375,0.2777777777777778,0.0026041666666666665,0.005555555555555556
2,0.42890625,0.3453703703703704,0.0026041666666666665,0.003703703703703704
2,0.43072916666666666,0.3453703703703704,0.003125,0.005555555555555556
2,0.43463541666666666,0.3449074074074074,0.0026041666666666665,0.004629629629629629
2,0.4356770833333333,0.3453703703703704,0.0026041666666666665,0.003703703703703704
2,0.43723958333333335,0.3458333333333333,0.0026041666666666665,0.004629629629629629
2,0.4471354166666667,0.35509259259259257,0.0036458333333333334,0.004629629629629629
2,0.43203125,0.37916666666666665,0.009895833333333333,0.006481481481481481
2,0.44088541666666664,0.3787037037037037,0.0036458333333333334,0.007407407407407408
2,0.44296875,0.38055555555555554,0.0026041666666666665,0.005555555555555556
1,0.48854166666666665,0.4134259259259259,0.004166666666666667,0.004629629629629629
0,0.496875,0.42777777777777776,0.004166666666666667,0.020370370370370372
1,0.23541666666666666,0.3333333333333333,0.0020833333333333333,0.005555555555555556
1,0.23385416666666667,0.33425925925925926,0.0020833333333333333,0.003703703703703704
1,0.23151041666666666,0.33425925925925926,0.0015625,0.005555555555555556
1,0.22942708333333334,0.33611111111111114,0.0026041666666666665,0.003703703703703704
1,0.22708333333333333,0.3351851851851852,0.0020833333333333333,0.003703703703703704
1,0.22838541666666667,0.3300925925925926,0.0026041666666666665,0.002777777777777778
1,0.23203125,0.32592592592592595,0.0015625,0.003703703703703704
1,0.23046875,0.32731481481481484,0.0026041666666666665,0.004629629629629629
1,0.23020833333333332,0.32314814814814813,0.0020833333333333333,0.003703703703703704
1,0.22890625,0.3236111111111111,0.0015625,0.002777777777777778
1,0.228125,0.3226851851851852,0.0010416666666666667,0.002777777777777778
1,0.22734375,0.3194444444444444,0.0026041666666666665,0.003703703703703704
1,0.22421875,0.31712962962962965,0.0015625,0.002777777777777778
1,0.22604166666666667,0.32407407407407407,0.0020833333333333333,0.003703703703703704
1,0.2265625,0.3287037037037037,0.0020833333333333333,0.003703703703703704
1,0.22526041666666666,0.3296296296296296,0.0015625,0.003703703703703704
1,0.2234375,0.32731481481481484,0.0020833333333333333,0.002777777777777778
1,0.22239583333333332,0.3314814814814815,0.0020833333333333333,0.003703703703703704
1,0.22265625,0.32222222222222224,0.0015625,0.003703703703703704
1,0.22109375,0.32314814814814813,0.0015625,0.003703703703703704
1,0.21953125,0.337037037037037,0.0036458333333333334,0.003703703703703704
1,0.2140625,0.337037037037037,0.0020833333333333333,0.003703703703703704
1,0.21588541666666666,0.33287037037037037,0.0026041666666666665,0.004629629629629629
1,0.20625,0.3347222222222222,0.003125,0.004629629629629629
1,0.21223958333333334,0.3333333333333333,0.0026041666666666665,0.003703703703703704
1,0.2109375,0.33055555555555555,0.003125,0.003703703703703704
1,0.21901041666666668,0.3111111111111111,0.0026041666666666665,0.003703703703703704
1,0.21848958333333332,0.3138888888888889,0.0026041666666666665,0.003703703703703704
1,0.21666666666666667,0.3162037037037037,0.0020833333333333333,0.004629629629629629
1,0.21770833333333334,0.31805555555555554,0.0020833333333333333,0.002777777777777778
1,0.21901041666666668,0.3199074074074074,0.0026041666666666665,0.002777777777777778
1,0.21979166666666666,0.32314814814814813,0.0020833333333333333,0.003703703703703704
1,0.21848958333333332,0.3226851851851852,0.0015625,0.002777777777777778
1,0.21744791666666666,0.3226851851851852,0.0026041666666666665,0.004629629629629629
1,0.21901041666666668,0.325,0.0026041666666666665,0.003703703703703704
1,0.21848958333333332,0.3282407407407407,0.0015625,0.002777777777777778
1,0.2171875,0.32592592592592595,0.0020833333333333333,0.003703703703703704
1,0.21640625,0.3236111111111111,0.0015625,0.004629629629629629
1,0.21692708333333333,0.3226851851851852,0.0015625,0.002777777777777778
1,0.21510416666666668,0.32083333333333336,0.0020833333333333333,0.002777777777777778
1,0.21328125,0.32083333333333336,0.0026041666666666665,0.002777777777777778
1,0.21432291666666667,0.32407407407407407,0.0026041666666666665,0.003703703703703704
1,0.21276041666666667,0.32314814814814813,0.0026041666666666665,0.003703703703703704
1,0.21197916666666666,0.32546296296296295,0.0020833333333333333,0.002777777777777778
1,0.20989583333333334,0.32685185185185184,0.0020833333333333333,0.003703703703703704
1,0.21041666666666667,0.32222222222222224,0.0020833333333333333,0.003703703703703704
1,0.20859375,0.3189814814814815,0.0015625,0.002777777777777778
0,0.20625,0.325,0.00625,0.012962962962962963
1,0.19791666666666666,0.32685185185185184,0.0020833333333333333,0.003703703703703704
1,0.19869791666666667,0.3296296296296296,0.0026041666666666665,0.003703703703703704
1,0.19973958333333333,0.32314814814814813,0.0015625,0.003703703703703704
1,0.1984375,0.32037037037037036,0.0020833333333333333,0.003703703703703704
1,0.20208333333333334,0.32222222222222224,0.0020833333333333333,0.003703703703703704
1,0.20208333333333334,0.3175925925925926,0.003125,0.003703703703703704
0,0.203125,0.28935185185185186,0.007291666666666667,0.05277777777777778
1,0.19817708333333334,0.28703703703703703,0.0015625,0.003703703703703704
1,0.19479166666666667,0.25601851851851853,0.0020833333333333333,0.002777777777777778
1,0.19817708333333334,0.2550925925925926,0.0026041666666666665,0.002777777777777778
1,0.19895833333333332,0.25972222222222224,0.0020833333333333333,0.002777777777777778
1,0.19453125,0.25972222222222224,0.0026041666666666665,0.002777777777777778
1,0.19505208333333332,0.26296296296296295,0.0026041666666666665,0.003703703703703704
1,0.19322916666666667,0.26064814814814813,0.003125,0.004629629629629629
1,0.19791666666666666,0.27546296296296297,0.0020833333333333333,0.004629629629629629
1,0.2,0.24861111111111112,0.0020833333333333333,0.002777777777777778
1,0.2125,0.24259259259259258,0.0010416666666666667,0.003703703703703704
1,0.21067708333333332,0.24259259259259258,0.0015625,0.003703703703703704
1,0.20859375,0.24259259259259258,0.0026041666666666665,0.003703703703703704
1,0.20286458333333332,0.24768518518518517,0.0026041666666666665,0.004629629629629629
1,0.20052083333333334,0.2537037037037037,0.003125,0.003703703703703704
1,0.20286458333333332,0.2550925925925926,0.0026041666666666665,0.002777777777777778
1,0.20520833333333333,0.2550925925925926,0.0020833333333333333,0.002777777777777778
1,0.20520833333333333,0.25833333333333336,0.0020833333333333333,0.003703703703703704
1,0.20364583333333333,0.25925925925925924,0.0020833333333333333,0.003703703703703704
1,0.20182291666666666,0.25925925925925924,0.0015625,0.001851851851851852
1,0.20260416666666667,0.25787037037037036,0.0020833333333333333,0.002777777777777778
1,0.19869791666666667,0.2625,0.0026041666666666665,0.002777777777777778
1,0.19869791666666667,0.2712962962962963,0.0015625,0.003703703703703704
1,0.19817708333333334,0.26805555555555555,0.0015625,0.002777777777777778
1,0.19713541666666667,0.2662037037037037,0.0026041666666666665,0.002777777777777778
1,0.20651041666666667,0.2439814814814815,0.0015625,0.002777777777777778
1,0.20546875,0.2449074074074074,0.0015625,0.002777777777777778
1,0.20416666666666666,0.24583333333333332,0.0020833333333333333,0.002777777777777778
0,0.21119791666666668,0.25,0.008854166666666666,0.007407407407407408
1,0.20390625,0.2523148148148148,0.0026041666666666665,0.002777777777777778
1,0.20546875,0.25,0.0015625,0.003703703703703704
1,0.21744791666666666,0.2523148148148148,0.0015625,0.002777777777777778
