6,0.33098958333333334,0.46574074074074073,0.1765625,0.17407407407407408
6,0.33046875,0.3699074074074074,0.23072916666666668,0.19166666666666668
6,0.30416666666666664,0.28564814814814815,0.20625,0.16203703703703703
6,0.31015625,0.19953703703703704,0.18802083333333333,0.1287037037037037
6,0.3072916666666667,0.1439814814814815,0.12083333333333333,0.10277777777777777
6,0.30364583333333334,0.09351851851851851,0.10833333333333334,0.09444444444444444
4,0.2578125,0.05138888888888889,0.046875,0.04351851851851852
6,0.25729166666666664,0.024074074074074074,0.12291666666666666,0.04814814814814815
4,0.6583333333333333,0.15555555555555556,0.058333333333333334,0.053703703703703705
4,0.60234375,0.09305555555555556,0.0515625,0.04537037037037037
4,0.5744791666666667,0.04861111111111111,0.04375,0.03981481481481482
4,0.559375,0.025,0.04583333333333333,0.03888888888888889
