1,0.07578125,0.4824074074074074,0.0203125,0.03333333333333333
1,0.03723958333333333,0.47962962962962963,0.018229166666666668,0.040740740740740744
2,0.05859375,0.45185185185185184,0.022395833333333334,0.03148148148148148
1,0.03671875,0.4638888888888889,0.024479166666666666,0.03888888888888889
1,0.038802083333333334,0.44305555555555554,0.018229166666666668,0.03611111111111111
1,0.029947916666666668,0.42962962962962964,0.019270833333333334,0.03333333333333333
1,0.01484375,0.43333333333333335,0.025520833333333333,0.04259259259259259
2,0.06588541666666667,0.4222222222222222,0.0234375,0.03888888888888889
1,0.04739583333333333,0.4166666666666667,0.014583333333333334,0.040740740740740744
1,0.05546875,0.399537037037037,0.016145833333333335,0.03611111111111111
2,0.07135416666666666,0.4009259259259259,0.013541666666666667,0.024074074074074074
1,0.07578125,0.37916666666666665,0.0203125,0.03796296296296296
1,0.08125,0.36342592592592593,0.016666666666666666,0.03981481481481482
1,0.0625,0.3625,0.013541666666666667,0.03796296296296296
1,0.05364583333333333,0.3592592592592593,0.017708333333333333,0.037037037037037035
2,0.019791666666666666,0.33194444444444443,0.017708333333333333,0.030555555555555555
1,0.08359375,0.34953703703703703,0.0140625,0.03796296296296296
1,0.08802083333333334,0.3384259259259259,0.014583333333333334,0.03981481481481482
1,0.06744791666666666,0.3439814814814815,0.0171875,0.03981481481481482
1,0.09557291666666666,0.32314814814814813,0.011979166666666667,0.037037037037037035
1,0.06067708333333333,0.31527777777777777,0.015104166666666667,0.03981481481481482
1,0.05390625,0.28194444444444444,0.016145833333333335,0.03981481481481482
1,0.07838541666666667,0.32222222222222224,0.0067708333333333336,0.03148148148148148
2,0.09557291666666666,0.3013888888888889,0.011979166666666667,0.028703703703703703
1,0.08489583333333334,0.3013888888888889,0.010416666666666666,0.04722222222222222
2,0.08984375,0.2865740740740741,0.0109375,0.01574074074074074
1,0.075,0.2962962962962963,0.011458333333333333,0.03333333333333333
1,0.07682291666666667,0.28425925925925927,0.013020833333333334,0.03518518518518519
1,0.06588541666666667,0.27361111111111114,0.015104166666666667,0.04351851851851852
1,0.11953125,0.26990740740740743,0.013020833333333334,0.03981481481481482
2,0.10598958333333333,0.26064814814814813,0.0140625,0.025
1,0.08697916666666666,0.2675925925925926,0.0125,0.03888888888888889
1,0.09348958333333333,0.2513888888888889,0.0109375,0.03611111111111111
1,0.08541666666666667,0.2564814814814815,0.011458333333333333,0.02962962962962963
1,0.075,0.2523148148148148,0.017708333333333333,0.03796296296296296
1,0.07213541666666666,0.23287037037037037,0.0140625,0.03425925925925926
1,0.08515625,0.2351851851851852,0.011979166666666667,0.037037037037037035
2,0.11744791666666667,0.2361111111111111,0.0140625,0.02962962962962963
2,0.12005208333333334,0.225,0.009895833333333333,0.025925925925925925
1,0.10130208333333333,0.23333333333333334,0.0109375,0.03518518518518519
1,0.10572916666666667,0.22546296296296298,0.0125,0.03425925925925926
1,0.09244791666666667,0.22083333333333333,0.0109375,0.03796296296296296
1,0.096875,0.21296296296296297,0.010416666666666666,0.03333333333333333
3,0.034895833333333334,0.24166666666666667,0.026041666666666668,0.027777777777777776
7,0.04114583333333333,0.22824074074074074,0.028125,0.025
1,0.051041666666666666,0.20555555555555555,0.010416666666666666,0.03518518518518519
1,0.06588541666666667,0.2101851851851852,0.0109375,0.03518518518518519
1,0.05703125,0.19583333333333333,0.009895833333333333,0.030555555555555555
3,0.05234375,0.19074074074074074,0.018229166666666668,0.025925925925925925
1,0.02109375,0.20555555555555555,0.016145833333333335,0.03888888888888889
1,0.008072916666666667,0.2101851851851852,0.016145833333333335,0.037037037037037035
1,0.08776041666666666,0.2050925925925926,0.011979166666666667,0.03981481481481482
1,0.09322916666666667,0.16944444444444445,0.009375,0.03518518518518519
1,0.11119791666666666,0.21157407407407408,0.008854166666666666,0.03425925925925926
1,0.10442708333333334,0.2023148148148148,0.0109375,0.030555555555555555
1,0.10546875,0.1925925925925926,0.0078125,0.025925925925925925
1,0.11901041666666666,0.20046296296296295,0.008854166666666666,0.03796296296296296
1,0.11484375,0.19074074074074074,0.0078125,0.03148148148148148
2,0.12890625,0.1865740740740741,0.013020833333333334,0.026851851851851852
11,0.12916666666666668,0.19166666666666668,0.015625,0.022222222222222223
1,0.12083333333333333,0.17916666666666667,0.010416666666666666,0.028703703703703703
1,0.109375,0.17777777777777778,0.008333333333333333,0.02962962962962963
1,0.1125,0.16944444444444445,0.00625,0.020370370370370372
1,0.10755208333333334,0.15925925925925927,0.008854166666666666,0.025925925925925925
1,0.12916666666666668,0.16527777777777777,0.010416666666666666,0.028703703703703703
1,0.11848958333333333,0.16111111111111112,0.008854166666666666,0.025925925925925925
1,0.12317708333333334,0.15324074074074073,0.008854166666666666,0.028703703703703703
1,0.13619791666666667,0.15324074074074073,0.0109375,0.03425925925925926
1,0.14270833333333333,0.14907407407407408,0.00625,0.03518518518518519
1,0.13463541666666667,0.14305555555555555,0.0078125,0.028703703703703703
1,0.12552083333333333,0.14212962962962963,0.008333333333333333,0.03611111111111111
1,0.11692708333333333,0.13055555555555556,0.0067708333333333336,0.02962962962962963
1,0.12526041666666668,0.12222222222222222,0.0067708333333333336,0.025925925925925925
1,0.11875,0.12037037037037036,0.007291666666666667,0.022222222222222223
1,0.14947916666666666,0.1439814814814815,0.008333333333333333,0.032407407407407406
2,0.15598958333333332,0.14444444444444443,0.005729166666666666,0.016666666666666666
1,0.1796875,0.36944444444444446,0.014583333333333334,0.05
1,0.253125,0.37037037037037035,0.014583333333333334,0.04814814814814815
1,0.30625,0.3648148148148148,0.013541666666666667,0.05555555555555555
1,0.3763020833333333,0.37083333333333335,0.0203125,0.049074074074074076
1,0.18541666666666667,0.30185185185185187,0.016666666666666666,0.044444444444444446
1,0.23411458333333332,0.2949074074074074,0.019270833333333334,0.04537037037037037
1,0.2942708333333333,0.29583333333333334,0.010416666666666666,0.03796296296296296
1,0.34375,0.2796296296296296,0.014583333333333334,0.046296296296296294
1,0.37578125,0.30972222222222223,0.016145833333333335,0.04537037037037037
1,0.39296875,0.30925925925925923,0.018229166666666668,0.03888888888888889
1,0.403125,0.3523148148148148,0.021875,0.04351851851851852
1,0.28203125,0.24074074074074073,0.013020833333333334,0.03888888888888889
1,0.24427083333333333,0.23425925925925925,0.0125,0.04259259259259259
1,0.18880208333333334,0.2449074074074074,0.015104166666666667,0.03981481481481482
1,0.32708333333333334,0.2361111111111111,0.013541666666666667,0.040740740740740744
1,0.36328125,0.2310185185185185,0.011979166666666667,0.03796296296296296
1,0.19348958333333333,0.21157407407407408,0.009895833333333333,0.03981481481481482
1,0.2328125,0.2050925925925926,0.011458333333333333,0.03796296296296296
1,0.278125,0.20277777777777778,0.0125,0.03333333333333333
1,0.30833333333333335,0.19444444444444445,0.010416666666666666,0.037037037037037035
1,0.321875,0.19305555555555556,0.011458333333333333,0.03796296296296296
1,0.3541666666666667,0.18796296296296297,0.011458333333333333,0.037037037037037035
1,0.30755208333333334,0.17407407407407408,0.0109375,0.037037037037037035
1,0.2703125,0.17083333333333334,0.009375,0.030555555555555555
1,0.24140625,0.1763888888888889,0.008854166666666666,0.032407407407407406
1,0.19244791666666666,0.1787037037037037,0.009895833333333333,0.037037037037037035
1,0.19739583333333333,0.15324074074074073,0.009375,0.03611111111111111
1,0.23411458333333332,0.1537037037037037,0.008854166666666666,0.03333333333333333
1,0.2677083333333333,0.1449074074074074,0.011458333333333333,0.032407407407407406
1,0.28229166666666666,0.14074074074074075,0.008333333333333333,0.037037037037037035
1,0.3015625,0.15324074074074073,0.008333333333333333,0.028703703703703703
1,0.2981770833333333,0.14027777777777778,0.008854166666666666,0.028703703703703703
1,0.20026041666666666,0.11990740740740741,0.0109375,0.030555555555555555
1,0.21171875,0.11712962962962963,0.0078125,0.028703703703703703
1,0.228125,0.12453703703703704,0.007291666666666667,0.028703703703703703
1,0.24869791666666666,0.12083333333333333,0.0067708333333333336,0.032407407407407406
1,0.2669270833333333,0.11481481481481481,0.0078125,0.03148148148148148
1,0.2515625,0.10833333333333334,0.00625,0.025925925925925925
1,0.2359375,0.11388888888888889,0.00625,0.024074074074074074
1,0.3341145833333333,0.48148148148148145,0.021354166666666667,0.037037037037037035
0,0.49270833333333336,0.3287037037037037,0.009375,0.040740740740740744
0,0.4671875,0.2777777777777778,0.03125,0.06296296296296296
0,0.453125,0.24537037037037038,0.03125,0.07407407407407407
0,0.43463541666666666,0.22175925925925927,0.0265625,0.06388888888888888
0,0.4140625,0.18703703703703703,0.025,0.044444444444444446
1,0.14322916666666666,0.324537037037037,0.017708333333333333,0.049074074074074076
1,0.3763020833333333,0.48148148148148145,0.0171875,0.037037037037037035
1,0.265625,0.4837962962962963,0.015625,0.032407407407407406
3,0.06067708333333333,0.1699074074074074,0.025520833333333333,0.019444444444444445
3,0.0625,0.16296296296296298,0.025,0.016666666666666666
2,0.057291666666666664,0.15601851851851853,0.011458333333333333,0.032407407407407406
1,0.01953125,0.1574074074074074,0.015104166666666667,0.03518518518518519
1,0.025520833333333333,0.15,0.013541666666666667,0.03333333333333333
1,0.04583333333333333,0.13518518518518519,0.010416666666666666,0.03333333333333333
1,0.04114583333333333,0.1300925925925926,0.009375,0.032407407407407406
1,0.05963541666666667,0.13287037037037036,0.0109375,0.030555555555555555
1,0.052083333333333336,0.1310185185185185,0.011458333333333333,0.030555555555555555
1,0.06927083333333334,0.12083333333333333,0.011458333333333333,0.03425925925925926
7,0.09296875,0.075,0.0109375,0.025925925925925925
1,0.020572916666666666,0.07546296296296297,0.008854166666666666,0.023148148148148147
1,0.0078125,0.05694444444444444,0.010416666666666666,0.023148148148148147
1,0.003125,0.0587962962962963,0.00625,0.023148148148148147
1,0.018489583333333334,0.028703703703703703,0.009895833333333333,0.024074074074074074
1,0.02734375,0.012037037037037037,0.008854166666666666,0.024074074074074074
1,0.03333333333333333,0.013888888888888888,0.007291666666666667,0.024074074074074074
1,0.04010416666666667,0.010185185185185186,0.007291666666666667,0.020370370370370372
1,0.04348958333333333,0.009722222222222222,0.0078125,0.019444444444444445
1,0.06848958333333334,0.02361111111111111,0.005729166666666666,0.023148148148148147
1,0.07265625,0.023148148148148147,0.005729166666666666,0.020370370370370372
1,0.09895833333333333,0.02962962962962963,0.009375,0.027777777777777776
1,0.103125,0.029166666666666667,0.004166666666666667,0.01574074074074074
1,0.1078125,0.030555555555555555,0.007291666666666667,0.025925925925925925
1,0.12291666666666666,0.04583333333333333,0.005208333333333333,0.017592592592592594
1,0.13072916666666667,0.040740740740740744,0.00625,0.025925925925925925
1,0.13072916666666667,0.03657407407407407,0.00625,0.025
3,0.14583333333333334,0.06666666666666667,0.015625,0.016666666666666666
3,0.14348958333333334,0.07037037037037037,0.0171875,0.016666666666666666
3,0.13984375,0.0763888888888889,0.015104166666666667,0.013888888888888888
1,0.1328125,0.08287037037037037,0.005208333333333333,0.026851851851851852
1,0.13333333333333333,0.08888888888888889,0.007291666666666667,0.02962962962962963
1,0.13619791666666667,0.13472222222222222,0.0078125,0.030555555555555555
1,0.140625,0.12685185185185185,0.00625,0.027777777777777776
1,0.13046875,0.10972222222222222,0.0067708333333333336,0.026851851851851852
1,0.14583333333333334,0.13425925925925927,0.007291666666666667,0.027777777777777776
1,0.14765625,0.12314814814814815,0.005729166666666666,0.020370370370370372
1,0.14114583333333333,0.11435185185185186,0.00625,0.025
1,0.1515625,0.11851851851851852,0.00625,0.024074074074074074
1,0.1578125,0.11944444444444445,0.007291666666666667,0.03148148148148148
2,0.16666666666666666,0.1287037037037037,0.007291666666666667,0.018518518518518517
2,0.17083333333333334,0.12407407407407407,0.008333333333333333,0.016666666666666666
2,0.17604166666666668,0.12453703703703704,0.00625,0.028703703703703703
1,0.14713541666666666,0.11157407407407408,0.005729166666666666,0.019444444444444445
2,0.15651041666666668,0.10787037037037037,0.0067708333333333336,0.021296296296296296
1,0.15,0.09953703703703703,0.008333333333333333,0.025
2,0.17708333333333334,0.10925925925925926,0.005208333333333333,0.012962962962962963
1,0.16796875,0.10324074074074074,0.0067708333333333336,0.028703703703703703
1,0.16015625,0.1050925925925926,0.0078125,0.030555555555555555
1,0.17135416666666667,0.0962962962962963,0.007291666666666667,0.027777777777777776
1,0.1578125,0.09768518518518518,0.005208333333333333,0.023148148148148147
1,0.13984375,0.08981481481481482,0.0067708333333333336,0.025925925925925925
1,0.14713541666666666,0.08981481481481482,0.0067708333333333336,0.022222222222222223
1,0.15520833333333334,0.08796296296296297,0.005208333333333333,0.024074074074074074
1,0.16901041666666666,0.0837962962962963,0.005729166666666666,0.021296296296296296
1,0.17473958333333334,0.08703703703703704,0.0046875,0.027777777777777776
1,0.1796875,0.09074074074074075,0.00625,0.025925925925925925
1,0.19765625,0.0787037037037037,0.0067708333333333336,0.025925925925925925
1,0.23697916666666666,0.09675925925925925,0.007291666666666667,0.025
1,0.22135416666666666,0.08333333333333333,0.005208333333333333,0.014814814814814815
1,0.21484375,0.06805555555555555,0.0067708333333333336,0.026851851851851852
1,0.22708333333333333,0.06481481481481481,0.00625,0.025925925925925925
1,0.2421875,0.053703703703703705,0.00625,0.025925925925925925
1,0.25052083333333336,0.06666666666666667,0.00625,0.027777777777777776
1,0.2669270833333333,0.10046296296296296,0.0067708333333333336,0.030555555555555555
1,0.2869791666666667,0.11064814814814815,0.00625,0.03425925925925926
1,0.26927083333333335,0.0912037037037037,0.005208333333333333,0.028703703703703703
1,0.30416666666666664,0.12824074074074074,0.007291666666666667,0.026851851851851852
2,0.33098958333333334,0.16203703703703703,0.0078125,0.022222222222222223
1,0.33515625,0.14583333333333334,0.0078125,0.032407407407407406
1,0.3346354166666667,0.1300925925925926,0.0067708333333333336,0.028703703703703703
1,0.32369791666666664,0.11296296296296296,0.005729166666666666,0.027777777777777776
1,0.3182291666666667,0.10972222222222222,0.00625,0.028703703703703703
1,0.3229166666666667,0.09212962962962963,0.005208333333333333,0.028703703703703703
1,0.34375,0.11388888888888889,0.004166666666666667,0.024074074074074074
1,0.32578125,0.0824074074074074,0.005729166666666666,0.024074074074074074
1,0.23776041666666667,0.02361111111111111,0.0046875,0.026851851851851852
1,0.2864583333333333,0.011574074074074073,0.005208333333333333,0.021296296296296296
1,0.31927083333333334,0.0412037037037037,0.007291666666666667,0.025
1,0.33932291666666664,0.07777777777777778,0.0046875,0.014814814814814815
1,0.34479166666666666,0.06712962962962964,0.00625,0.026851851851851852
1,0.353125,0.07268518518518519,0.00625,0.026851851851851852
1,0.35234375,0.11342592592592593,0.0067708333333333336,0.032407407407407406
2,0.38046875,0.1111111111111111,0.0078125,0.024074074074074074
1,0.3645833333333333,0.12129629629629629,0.00625,0.025925925925925925
1,0.3640625,0.13657407407407407,0.008333333333333333,0.03425925925925926
1,0.36875,0.17546296296296296,0.010416666666666666,0.032407407407407406
1,0.37916666666666665,0.1814814814814815,0.010416666666666666,0.03333333333333333
2,0.3890625,0.19953703703703704,0.013541666666666667,0.019444444444444445
1,0.39296875,0.21481481481481482,0.009895833333333333,0.020370370370370372
7,0.37265625,0.14675925925925926,0.011979166666666667,0.03425925925925926
2,0.42994791666666665,0.18703703703703703,0.013020833333333334,0.03333333333333333
1,0.42135416666666664,0.15601851851851853,0.009375,0.03611111111111111
1,0.40677083333333336,0.22175925925925927,0.0125,0.041666666666666664
1,0.46145833333333336,0.35,0.017708333333333333,0.044444444444444446
2,0.46041666666666664,0.3263888888888889,0.020833333333333332,0.028703703703703703
1,0.440625,0.31712962962962965,0.01875,0.04537037037037037
1,0.41875,0.28888888888888886,0.013541666666666667,0.04259259259259259
2,0.43307291666666664,0.2722222222222222,0.008854166666666666,0.027777777777777776
1,0.42213541666666665,0.2726851851851852,0.013020833333333334,0.03611111111111111
1,0.37942708333333336,0.0824074074074074,0.008854166666666666,0.03333333333333333
1,0.3854166666666667,0.07916666666666666,0.007291666666666667,0.032407407407407406
1,0.48776041666666664,0.45185185185185184,0.0203125,0.037037037037037035
1,0.47552083333333334,0.362962962962963,0.022916666666666665,0.044444444444444446
2,0.4778645833333333,0.33611111111111114,0.018229166666666668,0.03518518518518519
1,0.49322916666666666,0.37546296296296294,0.013541666666666667,0.04351851851851852
1,0.48098958333333336,0.10648148148148148,0.011979166666666667,0.03518518518518519
1,0.4864583333333333,0.10925925925925926,0.009375,0.03148148148148148
1,0.46953125,0.016203703703703703,0.009895833333333333,0.025
