4,0.31614583333333335,0.44074074074074077,0.05,0.11851851851851852
6,0.37526041666666665,0.2865740740740741,0.044270833333333336,0.08055555555555556
4,0.25625,0.325,0.029166666666666667,0.08333333333333333
4,0.19583333333333333,0.18888888888888888,0.021875,0.05740740740740741
4,0.26640625,0.1712962962962963,0.025520833333333333,0.046296296296296294
4,0.2638020833333333,0.08657407407407407,0.015104166666666667,0.028703703703703703
4,0.28802083333333334,0.12037037037037036,0.022916666666666665,0.037037037037037035
4,0.2916666666666667,0.033796296296296297,0.013541666666666667,0.021296296296296296
4,0.23489583333333333,0.03148148148148148,0.011458333333333333,0.020370370370370372
4,0.23776041666666667,0.009722222222222222,0.0109375,0.017592592592592594
4,0.18723958333333332,0.024074074074074074,0.016145833333333335,0.02962962962962963
5,0.16119791666666666,0.006944444444444444,0.0109375,0.013888888888888888
4,0.09088541666666666,0.1287037037037037,0.04114583333333333,0.03148148148148148
1,0.1328125,0.10324074074074074,0.00625,0.025
2,0.34791666666666665,0.2263888888888889,0.009375,0.026851851851851852
1,0.31145833333333334,0.10324074074074074,0.005208333333333333,0.023148148148148147
1,0.25078125,0.11342592592592593,0.0078125,0.025
1,0.32473958333333336,0.0763888888888889,0.0046875,0.021296296296296296
1,0.31953125,0.016203703703703703,0.0036458333333333334,0.01574074074074074
5,0.31666666666666665,0.00787037037037037,0.021875,0.01574074074074074
1,0.33229166666666665,0.022222222222222223,0.004166666666666667,0.018518518518518517
4,0.3489583333333333,0.044444444444444446,0.019791666666666666,0.027777777777777776
6,0.37135416666666665,0.04583333333333333,0.021875,0.026851851851851852
1,0.35989583333333336,0.032407407407407406,0.004166666666666667,0.020370370370370372
4,0.4002604166666667,0.044444444444444446,0.0234375,0.022222222222222223
4,0.41953125,0.04027777777777778,0.0234375,0.025
4,0.440625,0.04398148148148148,0.022916666666666665,0.026851851851851852
4,0.39375,0.09814814814814815,0.034375,0.03888888888888889
4,0.4200520833333333,0.09490740740740741,0.03802083333333333,0.03981481481481482
4,0.43776041666666665,0.09259259259259259,0.0296875,0.02962962962962963
1,0.41067708333333336,0.1337962962962963,0.0078125,0.025
4,0.40651041666666665,0.1587962962962963,0.0453125,0.030555555555555555
4,0.41458333333333336,0.18333333333333332,0.05416666666666667,0.03888888888888889
10,0.45026041666666666,0.17685185185185184,0.018229166666666668,0.025925925925925925
3,0.46145833333333336,0.20277777777777778,0.01875,0.024074074074074074
1,0.29270833333333335,0.14675925925925926,0.005208333333333333,0.025
1,0.2950520833333333,0.15046296296296297,0.009895833333333333,0.025
4,0.41953125,0.31203703703703706,0.0484375,0.08888888888888889
10,0.4640625,0.33611111111111114,0.026041666666666668,0.05185185185185185
1,0.30078125,0.09537037037037037,0.0046875,0.022222222222222223
1,0.3026041666666667,0.09953703703703703,0.003125,0.023148148148148147
2,0.29635416666666664,0.07361111111111111,0.005208333333333333,0.019444444444444445
3,0.2955729166666667,0.08101851851851852,0.0046875,0.017592592592592594
0,0.12890625,0.06712962962962964,0.0140625,0.026851851851851852
