0,0.37473958333333335,0.022685185185185187,0.0765625,0.04351851851851852
0,0.31927083333333334,0.06296296296296296,0.04479166666666667,0.044444444444444446
0,0.3463541666666667,0.055092592592592596,0.016666666666666666,0.019444444444444445
0,0.4328125,0.06111111111111111,0.022916666666666665,0.02962962962962963
0,0.4395833333333333,0.0875,0.0375,0.030555555555555555
0,0.4549479166666667,0.1125,0.015104166666666667,0.021296296296296296
0,0.31875,0.13287037037037036,0.005208333333333333,0.01574074074074074
0,0.3296875,0.11296296296296296,0.010416666666666666,0.014814814814814815
0,0.3302083333333333,0.0962962962962963,0.0020833333333333333,0.018518518518518517
4,0.31354166666666666,0.09814814814814815,0.014583333333333334,0.012962962962962963
4,0.2984375,0.10787037037037037,0.01875,0.013888888888888888
4,0.3145833333333333,0.11018518518518519,0.017708333333333333,0.014814814814814815
4,0.32526041666666666,0.09861111111111111,0.0078125,0.012037037037037037
4,0.33489583333333334,0.09953703703703703,0.007291666666666667,0.013888888888888888
4,0.33932291666666664,0.0912037037037037,0.0067708333333333336,0.010185185185185186
4,0.31796875,0.11527777777777778,0.008854166666666666,0.012037037037037037
4,0.3104166666666667,0.12962962962962962,0.011458333333333333,0.014814814814814815
10,0.27760416666666665,0.14444444444444443,0.00625,0.011111111111111112
1,0.31276041666666665,0.14166666666666666,0.0026041666666666665,0.016666666666666666
1,0.3104166666666667,0.14166666666666666,0.004166666666666667,0.012962962962962963
7,0.2981770833333333,0.15,0.0078125,0.016666666666666666
1,0.29921875,0.15925925925925927,0.0036458333333333334,0.016666666666666666
1,0.3028645833333333,0.16064814814814815,0.0036458333333333334,0.017592592592592594
9,0.34791666666666665,0.0787037037037037,0.011458333333333333,0.025925925925925925
4,0.359375,0.0587962962962963,0.005208333333333333,0.008333333333333333
4,0.36171875,0.05324074074074074,0.0046875,0.008333333333333333
5,0.36223958333333334,0.07083333333333333,0.0046875,0.012037037037037037
4,0.39010416666666664,0.05,0.004166666666666667,0.007407407407407408
4,0.35598958333333336,0.10324074074074074,0.0067708333333333336,0.01574074074074074
4,0.34322916666666664,0.11712962962962963,0.009375,0.01574074074074074
4,0.3776041666666667,0.10787037037037037,0.015625,0.012037037037037037
4,0.29453125,0.18287037037037038,0.015104166666666667,0.025
4,0.321875,0.18425925925925926,0.013541666666666667,0.022222222222222223
4,0.32786458333333335,0.15925925925925927,0.011979166666666667,0.022222222222222223
4,0.34791666666666665,0.14814814814814814,0.011458333333333333,0.018518518518518517
4,0.34348958333333335,0.16898148148148148,0.011979166666666667,0.021296296296296296
4,0.34375,0.18472222222222223,0.013541666666666667,0.021296296296296296
4,0.36770833333333336,0.17777777777777778,0.0125,0.022222222222222223
4,0.36875,0.1337962962962963,0.009375,0.01574074074074074
1,0.2635416666666667,0.17546296296296296,0.003125,0.017592592592592594
0,0.41796875,0.038425925925925926,0.008854166666666666,0.017592592592592594
4,0.4161458333333333,0.07175925925925926,0.00625,0.008333333333333333
1,0.41119791666666666,0.06620370370370371,0.0015625,0.008333333333333333
2,0.40963541666666664,0.07685185185185185,0.0026041666666666665,0.007407407407407408
7,0.40859375,0.09444444444444444,0.0046875,0.009259259259259259
2,0.40859375,0.09166666666666666,0.0026041666666666665,0.009259259259259259
10,0.40234375,0.10787037037037037,0.0026041666666666665,0.008333333333333333
2,0.40260416666666665,0.10601851851851851,0.0020833333333333333,0.010185185185185186
4,0.4388020833333333,0.11064814814814815,0.009895833333333333,0.013888888888888888
5,0.4432291666666667,0.12129629629629629,0.00625,0.016666666666666666
1,0.4359375,0.15787037037037038,0.003125,0.019444444444444445
2,0.425,0.11990740740740741,0.003125,0.013888888888888888
10,0.42526041666666664,0.12129629629629629,0.0026041666666666665,0.011111111111111112
5,0.47760416666666666,0.14212962962962963,0.021875,0.021296296296296296
1,0.4744791666666667,0.15833333333333333,0.003125,0.016666666666666666
1,0.47682291666666665,0.16574074074074074,0.0036458333333333334,0.018518518518518517
1,0.4783854166666667,0.17222222222222222,0.0036458333333333334,0.020370370370370372
7,0.43125,0.1912037037037037,0.008333333333333333,0.019444444444444445
1,0.44244791666666666,0.20833333333333334,0.0067708333333333336,0.022222222222222223
1,0.4557291666666667,0.20694444444444443,0.005208333333333333,0.019444444444444445
1,0.4546875,0.21064814814814814,0.007291666666666667,0.019444444444444445
3,0.6919270833333333,0.6800925925925926,0.021354166666666667,0.05648148148148148
2,0.6950520833333333,0.6689814814814815,0.015104166666666667,0.05277777777777778
4,0.69609375,0.5351851851851852,0.024479166666666666,0.07592592592592592
10,0.5809895833333333,0.24166666666666667,0.011979166666666667,0.016666666666666666
1,0.58359375,0.23796296296296296,0.005729166666666666,0.022222222222222223
7,0.66875,0.2518518518518518,0.03229166666666667,0.022222222222222223
4,0.6234375,0.2518518518518518,0.03958333333333333,0.025925925925925925
4,0.6247395833333333,0.26944444444444443,0.034895833333333334,0.027777777777777776
4,0.5122395833333333,0.2986111111111111,0.0359375,0.03425925925925926
4,0.37447916666666664,0.22916666666666666,0.020833333333333332,0.03611111111111111
4,0.41901041666666666,0.262037037037037,0.04114583333333333,0.046296296296296294
4,0.37864583333333335,0.32314814814814813,0.03229166666666667,0.04259259259259259
10,0.45234375,0.35138888888888886,0.013020833333333334,0.023148148148148147
2,0.45286458333333335,0.3439814814814815,0.0078125,0.023148148148148147
10,0.4421875,0.4212962962962963,0.010416666666666666,0.03148148148148148
2,0.44166666666666665,0.4101851851851852,0.010416666666666666,0.025925925925925925
10,0.40963541666666664,0.3921296296296296,0.013020833333333334,0.030555555555555555
2,0.41119791666666666,0.3875,0.0067708333333333336,0.026851851851851852
2,0.40989583333333335,0.38425925925925924,0.008333333333333333,0.02962962962962963
4,0.41510416666666666,0.4597222222222222,0.030208333333333334,0.05462962962962963
4,0.42734375,0.5680555555555555,0.0390625,0.09166666666666666
10,0.3145833333333333,0.31805555555555554,0.015625,0.019444444444444445
2,0.3151041666666667,0.31203703703703706,0.008333333333333333,0.027777777777777776
7,0.31666666666666665,0.30324074074074076,0.017708333333333333,0.025
2,0.31328125,0.2967592592592593,0.0067708333333333336,0.026851851851851852
5,0.23307291666666666,0.1875,0.0171875,0.026851851851851852
5,0.21692708333333333,0.18009259259259258,0.021354166666666667,0.03981481481481482
4,0.22395833333333334,0.25601851851851853,0.042708333333333334,0.03611111111111111
4,0.22291666666666668,0.37824074074074077,0.036458333333333336,0.05092592592592592
4,0.23880208333333333,0.5148148148148148,0.03697916666666667,0.08888888888888889
1,0.14192708333333334,0.38101851851851853,0.0067708333333333336,0.032407407407407406
4,0.17447916666666666,0.5148148148148148,0.05,0.08703703703703704
8,0.18151041666666667,0.4199074074074074,0.0265625,0.058333333333333334
4,0.17135416666666667,0.3287037037037037,0.04791666666666667,0.046296296296296294
4,0.07473958333333333,0.4564814814814815,0.0609375,0.06481481481481481
4,0.042708333333333334,0.5120370370370371,0.08541666666666667,0.06851851851851852
4,0.026041666666666668,0.5662037037037037,0.052083333333333336,0.075
2,0.0046875,0.3912037037037037,0.009375,0.030555555555555555
4,0.019791666666666666,0.22268518518518518,0.03958333333333333,0.025
4,0.09322916666666667,0.2810185185185185,0.04791666666666667,0.032407407407407406
7,0.08984375,0.2972222222222222,0.025520833333333333,0.020370370370370372
2,0.09557291666666666,0.29074074074074074,0.0078125,0.022222222222222223
2,0.08697916666666666,0.28379629629629627,0.00625,0.021296296296296296
5,0.07916666666666666,0.22175925925925927,0.04479166666666667,0.028703703703703703
10,0.04375,0.1884259259259259,0.007291666666666667,0.01574074074074074
7,0.035416666666666666,0.18703703703703703,0.013541666666666667,0.020370370370370372
0,0.058333333333333334,0.18703703703703703,0.01875,0.016666666666666666
4,0.10885416666666667,0.20092592592592592,0.016666666666666666,0.024074074074074074
4,0.13177083333333334,0.22546296296296298,0.03958333333333333,0.026851851851851852
4,0.13854166666666667,0.2037037037037037,0.028125,0.024074074074074074
10,0.13541666666666666,0.23564814814814813,0.015625,0.013888888888888888
2,0.13489583333333333,0.22916666666666666,0.00625,0.021296296296296296
4,0.19244791666666666,0.19537037037037036,0.022395833333333334,0.024074074074074074
1,0.18619791666666666,0.20462962962962963,0.0067708333333333336,0.024074074074074074
1,0.1890625,0.2050925925925926,0.005208333333333333,0.019444444444444445
1,0.17552083333333332,0.2013888888888889,0.004166666666666667,0.021296296296296296
1,0.171875,0.2013888888888889,0.004166666666666667,0.021296296296296296
10,0.17057291666666666,0.19814814814814816,0.0067708333333333336,0.022222222222222223
7,0.17734375,0.2152777777777778,0.022395833333333334,0.01574074074074074
2,0.18151041666666667,0.21064814814814814,0.0067708333333333336,0.01574074074074074
