4,0.5184895833333333,0.6694444444444444,0.13802083333333334,0.07777777777777778
4,0.678125,0.6791666666666667,0.058333333333333334,0.058333333333333334
6,0.2604166666666667,0.6671296296296296,0.14791666666666667,0.0824074074074074
4,0.10234375,0.6601851851851852,0.14322916666666666,0.0962962962962963
4,0.67578125,0.5263888888888889,0.06510416666666667,0.15462962962962962
5,0.6065104166666667,0.4875,0.0578125,0.13240740740740742
4,0.52734375,0.5296296296296297,0.0609375,0.1537037037037037
4,0.459375,0.4930555555555556,0.042708333333333334,0.11944444444444445
4,0.38385416666666666,0.49722222222222223,0.053125,0.15185185185185185
4,0.3296875,0.4875,0.046875,0.13796296296296295
4,0.2596354166666667,0.5291666666666667,0.0484375,0.11203703703703703
4,0.19947916666666668,0.49675925925925923,0.059375,0.14166666666666666
4,0.08541666666666667,0.5111111111111111,0.052083333333333336,0.10555555555555556
1,0.20494791666666667,0.42407407407407405,0.013020833333333334,0.04814814814814815
1,0.17291666666666666,0.36435185185185187,0.014583333333333334,0.049074074074074076
2,0.17473958333333334,0.35462962962962963,0.008854166666666666,0.025925925925925925
7,0.013802083333333333,0.41712962962962963,0.027604166666666666,0.05092592592592592
2,0.02109375,0.41944444444444445,0.011979166666666667,0.040740740740740744
1,0.47604166666666664,0.3537037037037037,0.005208333333333333,0.02962962962962963
1,0.47942708333333334,0.3296296296296296,0.015104166666666667,0.04814814814814815
1,0.5072916666666667,0.34953703703703703,0.008333333333333333,0.03611111111111111
1,0.5802083333333333,0.3726851851851852,0.01875,0.05277777777777778
5,0.6190104166666667,0.2518518518518518,0.049479166666666664,0.06666666666666667
4,0.5645833333333333,0.2564814814814815,0.04583333333333333,0.06666666666666667
4,0.5252604166666667,0.25972222222222224,0.0453125,0.07314814814814814
4,0.46588541666666666,0.24583333333333332,0.0640625,0.06018518518518518
2,0.43072916666666666,0.2212962962962963,0.007291666666666667,0.02962962962962963
10,0.42942708333333335,0.23703703703703705,0.008854166666666666,0.024074074074074074
8,0.41770833333333335,0.27037037037037037,0.016666666666666666,0.06851851851851852
4,0.40130208333333334,0.2324074074074074,0.05572916666666667,0.06111111111111111
7,0.37395833333333334,0.25092592592592594,0.026041666666666668,0.09814814814814815
1,0.4200520833333333,0.20694444444444443,0.005729166666666666,0.030555555555555555
1,0.41302083333333334,0.2064814814814815,0.00625,0.027777777777777776
1,0.4041666666666667,0.19583333333333333,0.007291666666666667,0.030555555555555555
1,0.39114583333333336,0.1986111111111111,0.009375,0.030555555555555555
10,0.39348958333333334,0.18796296296296297,0.016145833333333335,0.024074074074074074
10,0.37786458333333334,0.19444444444444445,0.016145833333333335,0.025925925925925925
1,0.35859375,0.24212962962962964,0.008854166666666666,0.041666666666666664
1,0.3453125,0.2949074074074074,0.007291666666666667,0.030555555555555555
1,0.34453125,0.24166666666666667,0.009895833333333333,0.03888888888888889
1,0.3294270833333333,0.24212962962962964,0.0078125,0.032407407407407406
2,0.3015625,0.22546296296296298,0.007291666666666667,0.017592592592592594
1,0.33828125,0.22407407407407406,0.0078125,0.02962962962962963
1,0.3424479166666667,0.21898148148148147,0.0036458333333333334,0.019444444444444445
10,0.6578125,0.425,0.034375,0.040740740740740744
4,0.6643229166666667,0.2564814814814815,0.0515625,0.06111111111111111
4,0.69140625,0.25833333333333336,0.024479166666666666,0.05740740740740741
8,0.26171875,0.20092592592592592,0.05364583333333333,0.05185185185185185
3,0.284375,0.17962962962962964,0.015625,0.02962962962962963
10,0.2713541666666667,0.18796296296296297,0.011458333333333333,0.018518518518518517
4,0.2669270833333333,0.175,0.009895833333333333,0.025925925925925925
3,0.24427083333333333,0.16342592592592592,0.016666666666666666,0.023148148148148147
1,0.22994791666666667,0.1865740740740741,0.009895833333333333,0.04351851851851852
4,0.21822916666666667,0.15833333333333333,0.057291666666666664,0.046296296296296294
4,0.18697916666666667,0.05925925925925926,0.028125,0.03888888888888889
4,0.20182291666666666,0.03333333333333333,0.043229166666666666,0.024074074074074074
4,0.20494791666666667,0.016666666666666666,0.03697916666666667,0.024074074074074074
1,0.13984375,0.13518518518518519,0.009895833333333333,0.03518518518518519
4,0.08645833333333333,0.21481481481481482,0.04479166666666667,0.05925925925925926
4,0.04375,0.21157407407407408,0.05416666666666667,0.062037037037037036
4,0.11223958333333334,0.07453703703703704,0.04010416666666667,0.030555555555555555
4,0.128125,0.05787037037037037,0.04479166666666667,0.026851851851851852
4,0.13489583333333333,0.04490740740740741,0.04583333333333333,0.028703703703703703
4,0.146875,0.025,0.03958333333333333,0.020370370370370372
4,0.14973958333333334,0.01574074074074074,0.03177083333333333,0.016666666666666666
4,0.0171875,0.044444444444444446,0.034375,0.03333333333333333
4,0.027083333333333334,0.020833333333333332,0.036458333333333336,0.025
4,0.03802083333333333,0.011574074074074073,0.040625,0.023148148148148147
