6,0.15182291666666667,0.5587962962962963,0.0890625,0.1175925925925926
6,0.17630208333333333,0.5768518518518518,0.0921875,0.12962962962962962
6,0.22109375,0.6106481481481482,0.09947916666666666,0.19537037037037036
6,0.2786458333333333,0.6194444444444445,0.109375,0.17777777777777778
6,0.3541666666666667,0.6310185185185185,0.0875,0.15092592592592594
6,0.4265625,0.6439814814814815,0.06458333333333334,0.1287037037037037
6,0.51171875,0.6527777777777778,0.07552083333333333,0.1111111111111111
6,0.5705729166666667,0.6592592592592592,0.06510416666666667,0.09444444444444444
6,0.3104166666666667,0.37037037037037035,0.06145833333333333,0.06851851851851852
6,0.3338541666666667,0.3578703703703704,0.05520833333333333,0.062037037037037036
6,0.35598958333333336,0.3425925925925926,0.06197916666666667,0.06111111111111111
6,0.37578125,0.32546296296296295,0.0640625,0.05648148148148148
6,0.40520833333333334,0.31574074074074077,0.06145833333333333,0.05740740740740741
6,0.42890625,0.30462962962962964,0.05260416666666667,0.05555555555555555
6,0.44453125,0.2824074074074074,0.0546875,0.07407407407407407
6,0.46171875,0.274537037037037,0.0546875,0.07314814814814814
6,0.47942708333333334,0.2652777777777778,0.050520833333333334,0.075
6,0.49895833333333334,0.262037037037037,0.04895833333333333,0.05555555555555555
6,0.5158854166666667,0.2564814814814815,0.0453125,0.053703703703703705
6,0.5302083333333333,0.2518518518518518,0.04583333333333333,0.04259259259259259
6,0.53984375,0.24861111111111112,0.04739583333333333,0.04351851851851852
6,0.5481770833333334,0.24212962962962964,0.05260416666666667,0.03425925925925926
5,0.5856770833333333,0.23148148148148148,0.024479166666666666,0.03333333333333333
5,0.5755208333333334,0.2375,0.022916666666666665,0.03611111111111111
6,0.5911458333333334,0.22546296296296298,0.034375,0.03611111111111111
6,0.5981770833333333,0.22314814814814815,0.04114583333333333,0.03518518518518519
6,0.6044270833333333,0.20925925925925926,0.04635416666666667,0.05
6,0.6130208333333333,0.2023148148148148,0.04583333333333333,0.05277777777777778
6,0.62421875,0.19583333333333333,0.04114583333333333,0.04537037037037037
6,0.6651041666666667,0.1884259259259259,0.03958333333333333,0.03611111111111111
6,0.6739583333333333,0.18518518518518517,0.03854166666666667,0.03333333333333333
6,0.6794270833333333,0.17407407407407408,0.0421875,0.04259259259259259
6,0.6869791666666667,0.1675925925925926,0.041666666666666664,0.04259259259259259
6,0.6958333333333333,0.16805555555555557,0.025,0.032407407407407406
4,0.3609375,0.2587962962962963,0.03958333333333333,0.03425925925925926
11,0.1046875,0.2773148148148148,0.08229166666666667,0.0824074074074074
6,0.46041666666666664,0.4199074074074074,0.071875,0.08055555555555556
6,0.48880208333333336,0.40324074074074073,0.07135416666666666,0.08055555555555556
6,0.5104166666666666,0.38472222222222224,0.07604166666666666,0.07314814814814814
6,0.534375,0.3736111111111111,0.071875,0.07314814814814814
6,0.5432291666666667,0.33796296296296297,0.04791666666666667,0.05925925925925926
6,0.5729166666666666,0.35324074074074074,0.058333333333333334,0.075
6,0.6067708333333334,0.38055555555555554,0.0625,0.07222222222222222
6,0.64296875,0.4027777777777778,0.0671875,0.07777777777777778
4,0.6786458333333333,0.4305555555555556,0.059375,0.08888888888888889
6,0.6591145833333333,0.2569444444444444,0.0546875,0.05648148148148148
6,0.6783854166666666,0.32083333333333336,0.059895833333333336,0.0712962962962963
6,0.6893229166666667,0.26805555555555555,0.03697916666666667,0.041666666666666664
5,0.6981770833333333,0.2513888888888889,0.0203125,0.03611111111111111
6,0.46510416666666665,0.21296296296296297,0.041666666666666664,0.046296296296296294
6,0.48359375,0.21157407407407408,0.034895833333333334,0.03796296296296296
6,0.5010416666666667,0.20416666666666666,0.03958333333333333,0.03981481481481482
6,0.51875,0.19953703703703704,0.03958333333333333,0.03981481481481482
6,0.5356770833333333,0.19444444444444445,0.0453125,0.04259259259259259
6,0.5513020833333333,0.1736111111111111,0.049479166666666664,0.06574074074074074
6,0.5645833333333333,0.17685185185185184,0.03333333333333333,0.040740740740740744
6,0.6200520833333333,0.1638888888888889,0.0359375,0.027777777777777776
6,0.6296875,0.15833333333333333,0.03958333333333333,0.02962962962962963
11,0.6408854166666667,0.15138888888888888,0.0328125,0.032407407407407406
