4,0.0953125,0.32731481481481484,0.03125,0.030555555555555555
2,0.044270833333333336,0.562962962962963,0.007291666666666667,0.018518518518518517
1,0.047135416666666666,0.549074074074074,0.009895833333333333,0.03518518518518519
1,0.054427083333333334,0.5375,0.008854166666666666,0.030555555555555555
4,0.084375,0.6689814814814815,0.06770833333333333,0.0712962962962963
5,0.23359375,0.6671296296296296,0.0265625,0.0824074074074074
2,0.28489583333333335,0.5569444444444445,0.009375,0.028703703703703703
1,0.2864583333333333,0.5412037037037037,0.009375,0.025
2,0.3580729166666667,0.6277777777777778,0.009895833333333333,0.02962962962962963
7,0.284375,0.5527777777777778,0.01875,0.06296296296296296
10,0.3572916666666667,0.6291666666666667,0.011458333333333333,0.03611111111111111
4,0.42578125,0.6592592592592592,0.03697916666666667,0.08148148148148149
10,0.4703125,0.6546296296296297,0.014583333333333334,0.040740740740740744
1,0.4041666666666667,0.5023148148148148,0.009375,0.03425925925925926
10,0.4348958333333333,0.5268518518518519,0.020833333333333332,0.02962962962962963
3,0.43255208333333334,0.5231481481481481,0.019270833333333334,0.022222222222222223
3,0.4171875,0.39861111111111114,0.0125,0.021296296296296296
3,0.4153645833333333,0.3921296296296296,0.016145833333333335,0.025
10,0.40911458333333334,0.387037037037037,0.015104166666666667,0.018518518518518517
3,0.40546875,0.36574074074074076,0.0067708333333333336,0.022222222222222223
10,0.38567708333333334,0.37546296296296294,0.008854166666666666,0.021296296296296296
10,0.40729166666666666,0.3314814814814815,0.005208333333333333,0.020370370370370372
1,0.37942708333333336,0.3314814814814815,0.005729166666666666,0.022222222222222223
6,0.33489583333333334,0.3148148148148148,0.019791666666666666,0.04814814814814815
2,0.390625,0.2833333333333333,0.008333333333333333,0.022222222222222223
2,0.3385416666666667,0.2587962962962963,0.004166666666666667,0.01574074074074074
10,0.33932291666666664,0.2611111111111111,0.0046875,0.016666666666666666
10,0.29583333333333334,0.2796296296296296,0.00625,0.016666666666666666
4,0.2669270833333333,0.36944444444444446,0.0234375,0.044444444444444446
8,0.26536458333333335,0.27361111111111114,0.015104166666666667,0.03796296296296296
5,0.2953125,0.2412037037037037,0.010416666666666666,0.028703703703703703
4,0.3640625,0.24027777777777778,0.026041666666666668,0.023148148148148147
4,0.36380208333333336,0.22361111111111112,0.025520833333333333,0.021296296296296296
8,0.36484375,0.20416666666666666,0.0140625,0.026851851851851852
4,0.34322916666666664,0.16435185185185186,0.009375,0.01574074074074074
4,0.3380208333333333,0.15138888888888888,0.010416666666666666,0.017592592592592594
4,0.32916666666666666,0.1486111111111111,0.009375,0.013888888888888888
4,0.3338541666666667,0.13935185185185187,0.008333333333333333,0.01574074074074074
2,0.32135416666666666,0.1486111111111111,0.0020833333333333333,0.006481481481481481
10,0.3216145833333333,0.15138888888888888,0.0026041666666666665,0.008333333333333333
5,0.2833333333333333,0.16064814814814815,0.01875,0.017592592592592594
4,0.334375,0.10833333333333334,0.007291666666666667,0.012962962962962963
4,0.30572916666666666,0.07824074074074074,0.005208333333333333,0.008333333333333333
4,0.3059895833333333,0.075,0.0036458333333333334,0.007407407407407408
4,0.3111979166666667,0.06342592592592593,0.0046875,0.008333333333333333
4,0.31145833333333334,0.059722222222222225,0.004166666666666667,0.008333333333333333
4,0.31328125,0.053703703703703705,0.0046875,0.007407407407407408
4,0.32760416666666664,0.06527777777777778,0.004166666666666667,0.008333333333333333
4,0.3307291666666667,0.07083333333333333,0.007291666666666667,0.008333333333333333
4,0.33151041666666664,0.06388888888888888,0.0046875,0.007407407407407408
4,0.3046875,0.06574074074074074,0.007291666666666667,0.007407407407407408
4,0.3229166666666667,0.044444444444444446,0.00625,0.007407407407407408
5,0.2604166666666667,0.05185185185185185,0.0125,0.011111111111111112
5,0.26119791666666664,0.04861111111111111,0.009895833333333333,0.010185185185185186
4,0.26015625,0.06620370370370371,0.009895833333333333,0.006481481481481481
4,0.26145833333333335,0.07083333333333333,0.005208333333333333,0.008333333333333333
4,0.24401041666666667,0.0712962962962963,0.005729166666666666,0.007407407407407408
4,0.24453125,0.0787037037037037,0.0067708333333333336,0.011111111111111112
1,0.23880208333333333,0.07824074074074074,0.0015625,0.008333333333333333
1,0.24166666666666667,0.08611111111111111,0.003125,0.007407407407407408
1,0.23333333333333334,0.08472222222222223,0.003125,0.008333333333333333
1,0.23072916666666668,0.1162037037037037,0.003125,0.012037037037037037
6,0.24791666666666667,0.09907407407407408,0.014583333333333334,0.027777777777777776
4,0.22317708333333333,0.10416666666666667,0.008854166666666666,0.010185185185185186
4,0.21848958333333332,0.11064814814814815,0.0067708333333333336,0.010185185185185186
4,0.21223958333333334,0.1412037037037037,0.0171875,0.01574074074074074
10,0.18229166666666666,0.17407407407407408,0.009375,0.011111111111111112
1,0.18723958333333332,0.19305555555555556,0.0036458333333333334,0.017592592592592594
4,0.22135416666666666,0.2111111111111111,0.022916666666666665,0.020370370370370372
0,0.16927083333333334,0.1884259259259259,0.009375,0.019444444444444445
10,0.17786458333333333,0.18564814814814815,0.005729166666666666,0.008333333333333333
7,0.17604166666666668,0.20092592592592592,0.01875,0.014814814814814815
4,0.13984375,0.2013888888888889,0.019270833333333334,0.025
4,0.13307291666666668,0.21064814814814814,0.0203125,0.023148148148148147
4,0.16822916666666668,0.21296296296296297,0.027083333333333334,0.020370370370370372
4,0.16223958333333333,0.2212962962962963,0.022395833333333334,0.018518518518518517
4,0.15833333333333333,0.22685185185185186,0.023958333333333335,0.016666666666666666
4,0.15677083333333333,0.23425925925925925,0.027083333333333334,0.020370370370370372
4,0.15651041666666668,0.24212962962962964,0.0296875,0.019444444444444445
4,0.14739583333333334,0.25555555555555554,0.03333333333333333,0.025925925925925925
4,0.14322916666666666,0.2611111111111111,0.029166666666666667,0.024074074074074074
1,0.13020833333333334,0.2361111111111111,0.00625,0.018518518518518517
1,0.16979166666666667,0.24305555555555555,0.004166666666666667,0.017592592592592594
2,0.17213541666666668,0.24861111111111112,0.0036458333333333334,0.013888888888888888
1,0.17473958333333334,0.2601851851851852,0.0046875,0.020370370370370372
1,0.16875,0.2625,0.004166666666666667,0.021296296296296296
1,0.17005208333333333,0.26157407407407407,0.0036458333333333334,0.01574074074074074
1,0.15546875,0.274537037037037,0.0036458333333333334,0.01574074074074074
1,0.16223958333333333,0.2657407407407407,0.0036458333333333334,0.016666666666666666
