4,0.41484375,0.4449074074074074,0.028645833333333332,0.062037037037037036
4,0.36822916666666666,0.449537037037037,0.025,0.062037037037037036
4,0.365625,0.3814814814814815,0.022916666666666665,0.053703703703703705
4,0.40078125,0.3347222222222222,0.022395833333333334,0.04351851851851852
4,0.36223958333333334,0.26342592592592595,0.021354166666666667,0.03425925925925926
5,0.12057291666666667,0.5523148148148148,0.0828125,0.09351851851851851
1,0.48046875,0.3861111111111111,0.008854166666666666,0.037037037037037035
1,0.4856770833333333,0.3731481481481482,0.0067708333333333336,0.03888888888888889
1,0.08515625,0.562962962962963,0.0109375,0.04814814814814815
1,0.07421875,0.5657407407407408,0.009895833333333333,0.040740740740740744
1,0.06458333333333334,0.5967592592592592,0.009375,0.041666666666666664
4,0.14401041666666667,0.48009259259259257,0.0734375,0.062037037037037036
4,0.17369791666666667,0.4300925925925926,0.0765625,0.06018518518518518
4,0.16796875,0.3578703703703704,0.0734375,0.03611111111111111
4,0.10729166666666666,0.362962962962963,0.042708333333333334,0.08518518518518518
4,0.18984375,0.2439814814814815,0.0484375,0.03425925925925926
4,0.36432291666666666,0.3101851851851852,0.018229166666666668,0.03333333333333333
2,0.3658854166666667,0.33055555555555555,0.005729166666666666,0.024074074074074074
2,0.44479166666666664,0.4166666666666667,0.007291666666666667,0.03333333333333333
10,0.36614583333333334,0.3416666666666667,0.005208333333333333,0.020370370370370372
3,0.44505208333333335,0.4300925925925926,0.0078125,0.026851851851851852
4,0.39479166666666665,0.2986111111111111,0.01875,0.032407407407407406
4,0.3924479166666667,0.2657407407407407,0.019270833333333334,0.02962962962962963
4,0.31640625,0.22824074074074074,0.021354166666666667,0.03425925925925926
4,0.28619791666666666,0.21157407407407408,0.030729166666666665,0.023148148148148147
4,0.303125,0.2037037037037037,0.030208333333333334,0.020370370370370372
4,0.3184895833333333,0.19074074074074074,0.03177083333333333,0.024074074074074074
5,0.27708333333333335,0.18287037037037038,0.026041666666666668,0.025
0,0.31145833333333334,0.17175925925925925,0.036458333333333336,0.010185185185185186
4,0.3377604166666667,0.16712962962962963,0.009895833333333333,0.019444444444444445
4,0.3377604166666667,0.1587962962962963,0.009895833333333333,0.019444444444444445
4,0.34010416666666665,0.14583333333333334,0.010416666666666666,0.019444444444444445
4,0.3416666666666667,0.1361111111111111,0.009375,0.016666666666666666
4,0.3416666666666667,0.1287037037037037,0.008333333333333333,0.018518518518518517
4,0.3421875,0.12129629629629629,0.009375,0.016666666666666666
4,0.36354166666666665,0.12685185185185185,0.009375,0.016666666666666666
4,0.32447916666666665,0.13935185185185187,0.008333333333333333,0.013888888888888888
4,0.32135416666666666,0.15648148148148147,0.009375,0.016666666666666666
7,0.3736979166666667,0.2111111111111111,0.018229166666666668,0.022222222222222223
0,0.2908854166666667,0.13564814814814816,0.0453125,0.04351851851851852
2,0.31614583333333335,0.13472222222222222,0.003125,0.008333333333333333
3,0.31614583333333335,0.1412037037037037,0.003125,0.010185185185185186
4,0.3106770833333333,0.10462962962962963,0.021354166666666667,0.011111111111111112
1,0.46953125,0.1875,0.0046875,0.019444444444444445
10,0.46770833333333334,0.19074074074074074,0.011458333333333333,0.011111111111111112
1,0.44557291666666665,0.17592592592592593,0.0026041666666666665,0.018518518518518517
1,0.44817708333333334,0.17777777777777778,0.0026041666666666665,0.014814814814814815
1,0.4234375,0.2675925925925926,0.008333333333333333,0.03148148148148148
4,0.41354166666666664,0.16064814814814815,0.020833333333333332,0.019444444444444445
4,0.40390625,0.14629629629629629,0.0203125,0.014814814814814815
4,0.39765625,0.1287037037037037,0.0203125,0.012962962962962963
4,0.3450520833333333,0.08194444444444444,0.005729166666666666,0.010185185185185186
4,0.3294270833333333,0.08564814814814815,0.005729166666666666,0.010185185185185186
4,0.33359375,0.08148148148148149,0.011979166666666667,0.011111111111111112
0,0.35390625,0.03611111111111111,0.034895833333333334,0.07222222222222222
2,0.36432291666666666,0.08796296296296297,0.0036458333333333334,0.007407407407407408
2,0.3690104166666667,0.08287037037037037,0.0036458333333333334,0.008333333333333333
10,0.36432291666666666,0.09212962962962963,0.0036458333333333334,0.006481481481481481
10,0.3684895833333333,0.08796296296296297,0.0026041666666666665,0.005555555555555556
5,0.1515625,0.1763888888888889,0.030208333333333334,0.023148148148148147
4,0.6611979166666667,0.18888888888888888,0.022395833333333334,0.020370370370370372
4,0.6927083333333334,0.1935185185185185,0.025,0.016666666666666666
1,0.5502604166666667,0.1925925925925926,0.0046875,0.018518518518518517
1,0.5486979166666667,0.1912037037037037,0.0046875,0.019444444444444445
1,0.5575520833333333,0.17824074074074073,0.0046875,0.019444444444444445
2,0.6247395833333333,0.19722222222222222,0.005729166666666666,0.014814814814814815
10,0.625,0.20324074074074075,0.0125,0.008333333333333333
1,0.6091145833333333,0.18287037037037038,0.005729166666666666,0.019444444444444445
4,0.5955729166666667,0.17824074074074073,0.0067708333333333336,0.01574074074074074
4,0.60078125,0.17731481481481481,0.0067708333333333336,0.01574074074074074
4,0.63203125,0.18796296296296297,0.0067708333333333336,0.011111111111111112
4,0.6229166666666667,0.1884259259259259,0.00625,0.012037037037037037
3,0.5903645833333333,0.17916666666666667,0.005729166666666666,0.013888888888888888
4,0.5768229166666666,0.18935185185185185,0.0036458333333333334,0.01574074074074074
1,0.6684895833333333,0.17083333333333334,0.0046875,0.017592592592592594
1,0.6958333333333333,0.17546296296296296,0.004166666666666667,0.013888888888888888
1,0.68828125,0.1736111111111111,0.0036458333333333334,0.013888888888888888
10,0.6856770833333333,0.17824074074074073,0.005729166666666666,0.010185185185185186
10,0.20625,0.16435185185185186,0.026041666666666668,0.023148148148148147
2,0.45546875,0.6171296296296296,0.009895833333333333,0.03425925925925926
10,0.4544270833333333,0.600462962962963,0.009895833333333333,0.03425925925925926
10,0.45364583333333336,0.6152777777777778,0.014583333333333334,0.04537037037037037
2,0.38619791666666664,0.6537037037037037,0.0140625,0.040740740740740744
10,0.38567708333333334,0.6662037037037037,0.015104166666666667,0.05092592592592592
