0,0.4859375,0.14351851851851852,0.028125,0.011111111111111112
0,0.20755208333333333,0.08009259259259259,0.019270833333333334,0.032407407407407406
0,0.203125,0.10833333333333334,0.03958333333333333,0.024074074074074074
0,0.23151041666666666,0.12361111111111112,0.009895833333333333,0.03981481481481482
0,0.2638020833333333,0.15138888888888888,0.0421875,0.004629629629629629
0,0.1734375,0.16805555555555557,0.013541666666666667,0.03981481481481482
0,0.25885416666666666,0.15648148148148147,0.03229166666666667,0.012962962962962963
0,0.44973958333333336,0.1884259259259259,0.013020833333333334,0.017592592592592594
0,0.3731770833333333,0.20046296296296295,0.009895833333333333,0.010185185185185186
0,0.31588541666666664,0.24583333333333332,0.013020833333333334,0.026851851851851852
10,0.40390625,0.24768518518518517,0.005729166666666666,0.010185185185185186
1,0.40390625,0.24675925925925926,0.0036458333333333334,0.012037037037037037
1,0.38385416666666666,0.2152777777777778,0.003125,0.010185185185185186
1,0.35234375,0.2300925925925926,0.0026041666666666665,0.008333333333333333
1,0.43828125,0.21064814814814814,0.0026041666666666665,0.008333333333333333
1,0.44973958333333336,0.21296296296296297,0.0026041666666666665,0.009259259259259259
1,0.46145833333333336,0.21342592592592594,0.0020833333333333333,0.010185185185185186
0,0.43515625,0.13657407407407407,0.016145833333333335,0.006481481481481481
4,0.3536458333333333,0.14953703703703702,0.009375,0.006481481481481481
4,0.3731770833333333,0.16574074074074074,0.009895833333333333,0.009259259259259259
4,0.39088541666666665,0.15925925925925927,0.009895833333333333,0.005555555555555556
4,0.40260416666666665,0.1625,0.008333333333333333,0.006481481481481481
4,0.39088541666666665,0.1476851851851852,0.008854166666666666,0.006481481481481481
4,0.4296875,0.14537037037037037,0.007291666666666667,0.005555555555555556
4,0.43671875,0.14537037037037037,0.0067708333333333336,0.005555555555555556
4,0.44557291666666665,0.1449074074074074,0.0078125,0.006481481481481481
4,0.2828125,0.15694444444444444,0.009375,0.006481481481481481
1,0.22890625,0.1736111111111111,0.0026041666666666665,0.008333333333333333
10,0.23802083333333332,0.21944444444444444,0.003125,0.009259259259259259
1,0.23880208333333333,0.2865740740740741,0.0026041666666666665,0.013888888888888888
10,0.27630208333333334,0.4949074074074074,0.0067708333333333336,0.010185185185185186
1,0.21692708333333333,0.4064814814814815,0.0036458333333333334,0.018518518518518517
3,0.21223958333333334,0.337037037037037,0.0036458333333333334,0.012962962962962963
2,0.2125,0.3337962962962963,0.004166666666666667,0.012037037037037037
1,0.17109375,0.39814814814814814,0.0046875,0.014814814814814815
4,0.19427083333333334,0.3333333333333333,0.0125,0.025925925925925925
4,0.01328125,0.4351851851851852,0.0265625,0.04814814814814815
1,0.03307291666666667,0.38055555555555554,0.0046875,0.018518518518518517
4,0.11614583333333334,0.35462962962962963,0.017708333333333333,0.03333333333333333
4,0.14817708333333332,0.2611111111111111,0.009895833333333333,0.016666666666666666
5,0.22395833333333334,0.15694444444444444,0.008333333333333333,0.008333333333333333
1,0.23489583333333333,0.15833333333333333,0.0020833333333333333,0.009259259259259259
5,0.21276041666666667,0.15324074074074073,0.005729166666666666,0.008333333333333333
4,0.20807291666666666,0.22824074074074074,0.0067708333333333336,0.012037037037037037
4,0.190625,0.19444444444444445,0.010416666666666666,0.009259259259259259
4,0.1796875,0.14305555555555555,0.004166666666666667,0.006481481481481481
4,0.18125,0.12546296296296297,0.004166666666666667,0.004629629629629629
4,0.18958333333333333,0.12824074074074074,0.004166666666666667,0.004629629629629629
4,0.20364583333333333,0.12546296296296297,0.003125,0.004629629629629629
4,0.20989583333333334,0.12361111111111112,0.003125,0.004629629629629629
4,0.1953125,0.12407407407407407,0.003125,0.003703703703703704
4,0.22057291666666667,0.12777777777777777,0.0067708333333333336,0.005555555555555556
4,0.22239583333333332,0.12407407407407407,0.003125,0.003703703703703704
4,0.2,0.12962962962962962,0.003125,0.005555555555555556
4,0.19791666666666666,0.1375,0.004166666666666667,0.004629629629629629
4,0.19609375,0.1425925925925926,0.0036458333333333334,0.005555555555555556
4,0.19479166666666667,0.15601851851851853,0.004166666666666667,0.006481481481481481
4,0.20494791666666667,0.13842592592592592,0.0036458333333333334,0.004629629629629629
4,0.18359375,0.16018518518518518,0.0046875,0.007407407407407408
4,0.19557291666666668,0.16712962962962963,0.005729166666666666,0.006481481481481481
6,0.20442708333333334,0.1597222222222222,0.0036458333333333334,0.006481481481481481
5,0.20364583333333333,0.15462962962962962,0.003125,0.009259259259259259
4,0.20130208333333333,0.14907407407407408,0.0036458333333333334,0.005555555555555556
10,0.190625,0.23796296296296296,0.0020833333333333333,0.009259259259259259
2,0.19088541666666667,0.23564814814814813,0.0026041666666666665,0.008333333333333333
10,0.14036458333333332,0.23472222222222222,0.0026041666666666665,0.008333333333333333
2,0.14010416666666667,0.23333333333333334,0.0020833333333333333,0.007407407407407408
2,0.14036458333333332,0.23287037037037037,0.0026041666666666665,0.008333333333333333
