2,0.26119791666666664,0.47314814814814815,0.005729166666666666,0.018518518518518517
2,0.26197916666666665,0.46435185185185185,0.00625,0.021296296296296296
2,0.20572916666666666,0.449537037037037,0.007291666666666667,0.026851851851851852
2,0.22890625,0.462037037037037,0.005729166666666666,0.020370370370370372
2,0.23020833333333332,0.4597222222222222,0.00625,0.028703703703703703
2,0.29713541666666665,0.4046296296296296,0.0067708333333333336,0.014814814814814815
2,0.29713541666666665,0.40324074074074073,0.008854166666666666,0.025
2,0.26223958333333336,0.3013888888888889,0.0036458333333333334,0.013888888888888888
2,0.25833333333333336,0.28703703703703703,0.003125,0.012962962962962963
2,0.26588541666666665,0.27546296296296297,0.0046875,0.013888888888888888
2,0.28177083333333336,0.30092592592592593,0.003125,0.012962962962962963
2,0.29010416666666666,0.26851851851851855,0.0020833333333333333,0.014814814814814815
2,0.20963541666666666,0.4935185185185185,0.0078125,0.012962962962962963
0,0.18046875,0.48657407407407405,0.0171875,0.021296296296296296
10,0.22890625,0.46574074074074073,0.008854166666666666,0.03333333333333333
10,0.26171875,0.46944444444444444,0.0067708333333333336,0.02962962962962963
10,0.20494791666666667,0.4564814814814815,0.0067708333333333336,0.024074074074074074
10,0.29453125,0.47453703703703703,0.019270833333333334,0.030555555555555555
10,0.3033854166666667,0.44675925925925924,0.013020833333333334,0.026851851851851852
10,0.29713541666666665,0.4060185185185185,0.005729166666666666,0.025
10,0.28229166666666666,0.30416666666666664,0.005208333333333333,0.017592592592592594
10,0.26171875,0.30462962962962964,0.0036458333333333334,0.014814814814814815
10,0.25807291666666665,0.28888888888888886,0.0036458333333333334,0.012962962962962963
10,0.265625,0.27685185185185185,0.004166666666666667,0.012962962962962963
10,0.2674479166666667,0.24722222222222223,0.0026041666666666665,0.009259259259259259
10,0.275,0.22777777777777777,0.003125,0.012962962962962963
10,0.2989583333333333,0.29212962962962963,0.007291666666666667,0.012037037037037037
2,0.2674479166666667,0.24444444444444444,0.0026041666666666665,0.011111111111111112
2,0.2981770833333333,0.2865740740740741,0.0036458333333333334,0.010185185185185186
4,0.2598958333333333,0.24027777777777778,0.014583333333333334,0.013888888888888888
4,0.2604166666666667,0.22777777777777777,0.015625,0.011111111111111112
4,0.2838541666666667,0.20185185185185187,0.00625,0.009259259259259259
4,0.2794270833333333,0.18472222222222223,0.0046875,0.008333333333333333
4,0.3028645833333333,0.24861111111111112,0.008854166666666666,0.01574074074074074
7,0.28854166666666664,0.25277777777777777,0.00625,0.012962962962962963
8,0.2984375,0.2652777777777778,0.0125,0.019444444444444445
1,0.30494791666666665,0.2986111111111111,0.0036458333333333334,0.01574074074074074
0,0.28619791666666666,0.15925925925925927,0.022395833333333334,0.05740740740740741
1,0.0671875,0.28564814814814815,0.003125,0.017592592592592594
4,0.27395833333333336,0.3814814814814815,0.017708333333333333,0.03518518518518519
