5,0.24739583333333334,0.5203703703703704,0.059375,0.05555555555555555
4,0.20286458333333332,0.6685185185185185,0.03802083333333333,0.07592592592592592
4,0.11171875,0.6671296296296296,0.050520833333333334,0.0824074074074074
10,0.0546875,0.5143518518518518,0.01875,0.019444444444444445
2,0.05677083333333333,0.5055555555555555,0.0125,0.02962962962962963
10,0.03984375,0.48333333333333334,0.021354166666666667,0.024074074074074074
2,0.03854166666666667,0.475462962962963,0.0125,0.026851851851851852
2,0.025,0.4398148148148148,0.008333333333333333,0.018518518518518517
1,0.013802083333333333,0.4300925925925926,0.011979166666666667,0.03425925925925926
4,0.153125,0.4736111111111111,0.0625,0.049074074074074076
3,0.17682291666666666,0.43287037037037035,0.009895833333333333,0.03611111111111111
3,0.15,0.39537037037037037,0.007291666666666667,0.025925925925925925
3,0.15598958333333332,0.39537037037037037,0.0078125,0.02962962962962963
10,0.18098958333333334,0.39861111111111114,0.008854166666666666,0.030555555555555555
5,0.20885416666666667,0.4324074074074074,0.026041666666666668,0.06666666666666667
10,0.23723958333333334,0.42268518518518516,0.0171875,0.03796296296296296
4,0.26015625,0.45694444444444443,0.025520833333333333,0.06574074074074074
4,0.28541666666666665,0.43333333333333335,0.023958333333333335,0.05925925925925926
3,0.25442708333333336,0.4148148148148148,0.015104166666666667,0.022222222222222223
10,0.3109375,0.39305555555555555,0.020833333333333332,0.023148148148148147
2,0.34713541666666664,0.3972222222222222,0.009895833333333333,0.027777777777777776
2,0.36276041666666664,0.3611111111111111,0.005729166666666666,0.022222222222222223
5,0.403125,0.4699074074074074,0.06354166666666666,0.058333333333333334
7,0.39791666666666664,0.4263888888888889,0.029166666666666667,0.028703703703703703
10,0.40651041666666665,0.4041666666666667,0.018229166666666668,0.025
3,0.44453125,0.40185185185185185,0.021354166666666667,0.018518518518518517
10,0.44114583333333335,0.3972222222222222,0.017708333333333333,0.020370370370370372
10,0.47317708333333336,0.4125,0.0067708333333333336,0.030555555555555555
10,0.49505208333333334,0.4162037037037037,0.008854166666666666,0.03425925925925926
3,0.49505208333333334,0.40324074074074073,0.019270833333333334,0.023148148148148147
4,0.47369791666666666,0.4736111111111111,0.05677083333333333,0.04537037037037037
4,0.5440104166666667,0.47824074074074074,0.059895833333333336,0.04537037037037037
1,0.57109375,0.41944444444444445,0.009895833333333333,0.02962962962962963
2,0.5888020833333333,0.4134259259259259,0.008854166666666666,0.019444444444444445
2,0.5736979166666667,0.37777777777777777,0.008854166666666666,0.018518518518518517
3,0.6526041666666667,0.4125,0.019791666666666666,0.023148148148148147
10,0.6244791666666667,0.45046296296296295,0.009375,0.032407407407407406
4,0.7044270833333334,0.43287037037037035,0.0067708333333333336,0.032407407407407406
2,0.6846354166666667,0.4546296296296296,0.005729166666666666,0.020370370370370372
2,0.6895833333333333,0.44583333333333336,0.010416666666666666,0.032407407407407406
6,0.665625,0.4828703703703704,0.07395833333333333,0.05092592592592592
3,0.6294270833333333,0.6018518518518519,0.0265625,0.025925925925925925
1,0.6208333333333333,0.6185185185185185,0.011458333333333333,0.03888888888888889
2,0.6325520833333333,0.6208333333333333,0.011979166666666667,0.023148148148148147
4,0.6643229166666667,0.6805555555555556,0.0578125,0.053703703703703705
4,0.61953125,0.675,0.05677083333333333,0.06296296296296296
4,0.5057291666666667,0.6842592592592592,0.03229166666666667,0.04814814814814815
7,0.5177083333333333,0.6347222222222222,0.051041666666666666,0.041666666666666664
5,0.45078125,0.6180555555555556,0.049479166666666664,0.08611111111111111
4,0.5783854166666667,0.5592592592592592,0.06822916666666666,0.05555555555555555
