0,0.16875,0.3351851851851852,0.051041666666666666,0.12962962962962962
10,0.059375,0.674074074074074,0.027083333333333334,0.06851851851851852
1,0.05182291666666667,0.5574074074074075,0.0296875,0.08333333333333333
1,0.17864583333333334,0.5800925925925926,0.022916666666666665,0.07685185185185185
1,0.19869791666666667,0.5694444444444444,0.021354166666666667,0.07407407407407407
1,0.24036458333333333,0.5694444444444444,0.0171875,0.07592592592592592
10,0.171875,0.4986111111111111,0.046875,0.06759259259259259
1,0.3221354166666667,0.5175925925925926,0.019270833333333334,0.07777777777777778
1,0.35052083333333334,0.47129629629629627,0.015625,0.07407407407407407
1,0.40520833333333334,0.5050925925925925,0.010416666666666666,0.075
1,0.3893229166666667,0.5060185185185185,0.015104166666666667,0.07685185185185185
2,0.40078125,0.45925925925925926,0.016145833333333335,0.06481481481481481
1,0.41796875,0.45,0.0109375,0.06111111111111111
2,0.40989583333333335,0.4449074074074074,0.005208333333333333,0.032407407407407406
10,0.40208333333333335,0.48148148148148145,0.025,0.04814814814814815
4,0.2755208333333333,0.48055555555555557,0.13229166666666667,0.1537037037037037
4,0.6065104166666667,0.44907407407407407,0.1203125,0.16296296296296298
4,0.5841145833333333,0.3194444444444444,0.10260416666666666,0.11666666666666667
1,0.6002604166666666,0.1574074074074074,0.0203125,0.07222222222222222
2,0.5640625,0.1865740740740741,0.009375,0.05277777777777778
2,0.534375,0.1824074074074074,0.008333333333333333,0.04814814814814815
2,0.5234375,0.1675925925925926,0.008333333333333333,0.03333333333333333
1,0.5049479166666667,0.14907407407407408,0.011979166666666667,0.05925925925925926
1,0.5252604166666667,0.14027777777777778,0.0140625,0.05648148148148148
3,0.5479166666666667,0.20694444444444443,0.034375,0.03796296296296296
1,0.40598958333333335,0.16527777777777777,0.0109375,0.06018518518518518
1,0.3625,0.1476851851851852,0.013541666666666667,0.05462962962962963
1,0.36953125,0.1337962962962963,0.0140625,0.06018518518518518
1,0.32265625,0.13935185185185187,0.013020833333333334,0.05648148148148148
1,0.31484375,0.14907407407407408,0.009895833333333333,0.06111111111111111
1,0.2986979166666667,0.1712962962962963,0.009895833333333333,0.05185185185185185
1,0.28828125,0.1527777777777778,0.0109375,0.06296296296296296
2,0.2375,0.10277777777777777,0.0125,0.06111111111111111
10,0.23828125,0.11527777777777778,0.021354166666666667,0.041666666666666664
2,0.15494791666666666,0.09814814814814815,0.0109375,0.04259259259259259
2,0.16927083333333334,0.11481481481481481,0.011458333333333333,0.044444444444444446
2,0.18072916666666666,0.1111111111111111,0.0125,0.053703703703703705
2,0.19244791666666666,0.10277777777777777,0.008854166666666666,0.04259259259259259
1,0.15338541666666666,0.028703703703703703,0.0067708333333333336,0.022222222222222223
1,0.146875,0.033796296296296297,0.011458333333333333,0.049074074074074076
2,0.14322916666666666,0.025925925925925925,0.005208333333333333,0.018518518518518517
2,0.14322916666666666,0.025925925925925925,0.005208333333333333,0.016666666666666666
1,0.15833333333333333,0.15324074074074073,0.0125,0.04722222222222222
1,0.11067708333333333,0.1537037037037037,0.013020833333333334,0.06481481481481481
1,0.11484375,0.12638888888888888,0.013020833333333334,0.049074074074074076
1,0.06640625,0.24861111111111112,0.0203125,0.06574074074074074
10,0.039322916666666666,0.4,0.0484375,0.06851851851851852
1,0.11692708333333333,0.4263888888888889,0.0234375,0.07685185185185185
1,0.096875,0.37962962962962965,0.020833333333333332,0.06666666666666667
1,0.4395833333333333,0.4023148148148148,0.014583333333333334,0.08055555555555556
1,0.45286458333333335,0.37777777777777777,0.015104166666666667,0.07222222222222222
1,0.46796875,0.3212962962962963,0.008854166666666666,0.06666666666666667
1,0.47421875,0.3125,0.008854166666666666,0.0712962962962963
1,0.4783854166666667,0.30925925925925923,0.008854166666666666,0.07962962962962963
1,0.47734375,0.2986111111111111,0.0078125,0.075
1,0.46067708333333335,0.28703703703703703,0.013020833333333334,0.06111111111111111
1,0.4434895833333333,0.3263888888888889,0.008854166666666666,0.05462962962962963
1,0.44817708333333334,0.3398148148148148,0.009895833333333333,0.05185185185185185
1,0.42552083333333335,0.3416666666666667,0.009375,0.06481481481481481
1,0.42890625,0.36666666666666664,0.011979166666666667,0.07037037037037037
1,0.4200520833333333,0.3763888888888889,0.013020833333333334,0.07685185185185185
1,0.40729166666666666,0.3939814814814815,0.010416666666666666,0.06574074074074074
1,0.40859375,0.35,0.013020833333333334,0.06111111111111111
1,0.39557291666666666,0.36574074074074076,0.009895833333333333,0.06666666666666667
1,0.38515625,0.36574074074074076,0.015104166666666667,0.06851851851851852
1,0.38385416666666666,0.40555555555555556,0.014583333333333334,0.07222222222222222
1,0.36328125,0.4449074074074074,0.013020833333333334,0.0787037037037037
1,0.3723958333333333,0.4287037037037037,0.015625,0.07592592592592592
1,0.3614583333333333,0.4046296296296296,0.014583333333333334,0.07407407407407407
1,0.3703125,0.3875,0.009375,0.05462962962962963
1,0.36484375,0.3472222222222222,0.0140625,0.06296296296296296
1,0.34479166666666666,0.4287037037037037,0.015625,0.06666666666666667
1,0.3453125,0.4125,0.013541666666666667,0.06388888888888888
1,0.3453125,0.37916666666666665,0.0125,0.06388888888888888
1,0.33125,0.4078703703703704,0.011458333333333333,0.06018518518518518
1,0.30807291666666664,0.4064814814814815,0.013020833333333334,0.046296296296296294
1,0.29583333333333334,0.40879629629629627,0.0125,0.05462962962962963
1,0.27734375,0.41712962962962963,0.011979166666666667,0.04722222222222222
1,0.146875,0.41203703703703703,0.017708333333333333,0.07222222222222222
1,0.14348958333333334,0.3726851851851852,0.015104166666666667,0.05462962962962963
1,0.13671875,0.3574074074074074,0.018229166666666668,0.07222222222222222
1,0.11614583333333334,0.33564814814814814,0.019791666666666666,0.06944444444444445
1,0.09973958333333334,0.2796296296296296,0.015104166666666667,0.05185185185185185
1,0.11380208333333333,0.26481481481481484,0.0140625,0.05925925925925926
1,0.12526041666666668,0.26944444444444443,0.008854166666666666,0.03888888888888889
1,0.26510416666666664,0.1763888888888889,0.0125,0.06574074074074074
1,0.25234375,0.17546296296296296,0.0109375,0.05648148148148148
1,0.2513020833333333,0.19953703703703704,0.016145833333333335,0.062037037037037036
1,0.23619791666666667,0.22268518518518518,0.019270833333333334,0.05648148148148148
1,0.22265625,0.22824074074074074,0.015104166666666667,0.062037037037037036
1,0.22708333333333333,0.24953703703703703,0.010416666666666666,0.05092592592592592
2,0.22161458333333334,0.24814814814814815,0.008854166666666666,0.022222222222222223
1,0.22395833333333334,0.26157407407407407,0.014583333333333334,0.05648148148148148
1,0.15598958333333332,0.20277777777777778,0.018229166666666668,0.05
1,0.13932291666666666,0.2125,0.0203125,0.06388888888888888
1,0.14348958333333334,0.24305555555555555,0.0171875,0.06388888888888888
1,0.19401041666666666,0.275,0.013020833333333334,0.05925925925925926
1,0.14453125,0.26296296296296295,0.013020833333333334,0.05925925925925926
1,0.14036458333333332,0.28564814814814815,0.0140625,0.06018518518518518
1,0.14401041666666667,0.32592592592592595,0.016145833333333335,0.07222222222222222
1,0.21276041666666667,0.34629629629629627,0.016145833333333335,0.04814814814814815
1,0.23411458333333332,0.3189814814814815,0.009895833333333333,0.03981481481481482
2,0.21015625,0.30416666666666664,0.008854166666666666,0.03425925925925926
2,0.21223958333333334,0.32083333333333336,0.011979166666666667,0.03611111111111111
1,0.2046875,0.22592592592592592,0.014583333333333334,0.06296296296296296
1,0.20885416666666667,0.26666666666666666,0.013541666666666667,0.053703703703703705
1,0.21171875,0.24583333333333332,0.0067708333333333336,0.04722222222222222
1,0.19557291666666668,0.2361111111111111,0.0140625,0.05740740740740741
1,0.17135416666666667,0.2212962962962963,0.013541666666666667,0.05925925925925926
1,0.17942708333333332,0.24351851851851852,0.0109375,0.05185185185185185
1,0.18151041666666667,0.274537037037037,0.015104166666666667,0.06574074074074074
1,0.22916666666666666,0.43472222222222223,0.017708333333333333,0.0712962962962963
1,0.24348958333333334,0.4203703703703704,0.0140625,0.07037037037037037
1,0.2552083333333333,0.4083333333333333,0.013541666666666667,0.06481481481481481
1,0.26953125,0.39537037037037037,0.013020833333333334,0.06851851851851852
1,0.26666666666666666,0.3537037037037037,0.0125,0.05740740740740741
2,0.25494791666666666,0.35694444444444445,0.0140625,0.058333333333333334
1,0.24010416666666667,0.387037037037037,0.014583333333333334,0.06481481481481481
2,0.22994791666666667,0.3675925925925926,0.0109375,0.046296296296296294
2,0.2559895833333333,0.3226851851851852,0.013020833333333334,0.03611111111111111
2,0.23828125,0.2726851851851852,0.011979166666666667,0.03796296296296296
2,0.2421875,0.29444444444444445,0.009375,0.03333333333333333
2,0.2513020833333333,0.3,0.015104166666666667,0.03333333333333333
1,0.20260416666666667,0.425,0.013541666666666667,0.07037037037037037
1,0.20546875,0.39861111111111114,0.015104166666666667,0.06944444444444445
1,0.17942708333333332,0.43703703703703706,0.0171875,0.06111111111111111
0,0.17578125,0.36574074074074076,0.04114583333333333,0.07962962962962963
0,0.16197916666666667,0.29212962962962963,0.020833333333333332,0.06759259259259259
0,0.1796875,0.3162037037037037,0.011458333333333333,0.017592592592592594
1,0.16614583333333333,0.2388888888888889,0.0125,0.046296296296296294
1,0.5169270833333334,0.6398148148148148,0.018229166666666668,0.07777777777777778
1,0.5114583333333333,0.6212962962962963,0.023958333333333335,0.07592592592592592
10,0.4859375,0.5152777777777777,0.030208333333333334,0.06944444444444445
3,0.5184895833333333,0.47453703703703703,0.03177083333333333,0.06018518518518518
1,0.16041666666666668,0.2518518518518518,0.011458333333333333,0.046296296296296294
2,0.023958333333333335,0.14583333333333334,0.023958333333333335,0.03425925925925926
