0,0.18229166666666666,0.2023148148148148,0.03958333333333333,0.03981481481481482
0,0.5364583333333334,0.23333333333333334,0.07083333333333333,0.046296296296296294
4,0.4197916666666667,0.6462962962962963,0.030208333333333334,0.06851851851851852
4,0.19661458333333334,0.45740740740740743,0.0234375,0.044444444444444446
10,0.38177083333333334,0.6166666666666667,0.009375,0.03333333333333333
1,0.38177083333333334,0.6046296296296296,0.009375,0.03333333333333333
4,0.4549479166666667,0.3333333333333333,0.009895833333333333,0.016666666666666666
9,0.44192708333333336,0.29907407407407405,0.013020833333333334,0.02962962962962963
4,0.4356770833333333,0.2902777777777778,0.0078125,0.01574074074074074
9,0.346875,0.28935185185185186,0.03854166666666667,0.028703703703703703
9,0.3177083333333333,0.2796296296296296,0.03958333333333333,0.03148148148148148
5,0.3614583333333333,0.28703703703703703,0.016666666666666666,0.014814814814814815
4,0.38828125,0.287962962962963,0.0171875,0.012962962962962963
5,0.40729166666666666,0.28888888888888886,0.017708333333333333,0.014814814814814815
4,0.40989583333333335,0.2865740740740741,0.017708333333333333,0.013888888888888888
4,0.42630208333333336,0.2800925925925926,0.0078125,0.012037037037037037
4,0.4283854166666667,0.2726851851851852,0.0078125,0.010185185185185186
6,0.44192708333333336,0.2638888888888889,0.011979166666666667,0.018518518518518517
6,0.4515625,0.25046296296296294,0.014583333333333334,0.026851851851851852
6,0.4625,0.23472222222222222,0.007291666666666667,0.01574074074074074
4,0.43385416666666665,0.24537037037037038,0.011458333333333333,0.011111111111111112
8,0.4513020833333333,0.2791666666666667,0.0046875,0.013888888888888888
4,0.5497395833333333,0.26481481481481484,0.015104166666666667,0.012962962962962963
4,0.39505208333333336,0.2537037037037037,0.0140625,0.011111111111111112
4,0.4,0.24768518518518517,0.013541666666666667,0.010185185185185186
4,0.37421875,0.25324074074074077,0.0140625,0.010185185185185186
5,0.35520833333333335,0.24768518518518517,0.013541666666666667,0.012037037037037037
4,0.3463541666666667,0.25046296296296294,0.013541666666666667,0.008333333333333333
7,0.4234375,0.24537037037037038,0.00625,0.007407407407407408
2,0.42265625,0.2439814814814815,0.0026041666666666665,0.006481481481481481
5,0.49921875,0.24166666666666667,0.0109375,0.009259259259259259
5,0.49557291666666664,0.22962962962962963,0.0067708333333333336,0.007407407407407408
4,0.4669270833333333,0.21712962962962962,0.0046875,0.006481481481481481
4,0.465625,0.2074074074074074,0.003125,0.005555555555555556
6,0.44505208333333335,0.2175925925925926,0.018229166666666668,0.022222222222222223
3,0.16901041666666666,0.4046296296296296,0.0046875,0.016666666666666666
2,0.16927083333333334,0.399537037037037,0.00625,0.021296296296296296
4,0.21640625,0.31296296296296294,0.011979166666666667,0.020370370370370372
4,0.24583333333333332,0.29398148148148145,0.010416666666666666,0.019444444444444445
4,0.23203125,0.2902777777777778,0.0109375,0.01574074074074074
6,0.10963541666666667,0.325,0.018229166666666668,0.044444444444444446
4,0.13958333333333334,0.3333333333333333,0.028125,0.022222222222222223
6,0.06328125,0.40694444444444444,0.06822916666666666,0.04722222222222222
6,0.040625,0.44814814814814813,0.05625,0.03333333333333333
4,0.034895833333333334,0.3449074074074074,0.03125,0.025
6,0.15859375,0.29212962962962963,0.050520833333333334,0.028703703703703703
6,0.14505208333333333,0.29212962962962963,0.0515625,0.028703703703703703
6,0.16927083333333334,0.28703703703703703,0.04791666666666667,0.025925925925925925
11,0.19583333333333333,0.28425925925925927,0.009375,0.020370370370370372
4,0.20703125,0.2726851851851852,0.019270833333333334,0.013888888888888888
4,0.21354166666666666,0.2671296296296296,0.008333333333333333,0.012037037037037037
1,0.20494791666666667,0.2587962962962963,0.0026041666666666665,0.012037037037037037
9,0.25026041666666665,0.2611111111111111,0.018229166666666668,0.03518518518518519
6,0.23020833333333332,0.2574074074074074,0.014583333333333334,0.037037037037037035
9,0.2765625,0.24722222222222223,0.026041666666666668,0.027777777777777776
4,0.23541666666666666,0.23981481481481481,0.00625,0.011111111111111112
1,0.19114583333333332,0.25601851851851853,0.003125,0.012037037037037037
4,0.19140625,0.25462962962962965,0.0140625,0.011111111111111112
4,0.16666666666666666,0.2574074074074074,0.017708333333333333,0.011111111111111112
4,0.15078125,0.25972222222222224,0.019270833333333334,0.012037037037037037
11,0.10651041666666666,0.27314814814814814,0.0296875,0.03888888888888889
4,0.04401041666666667,0.29305555555555557,0.008854166666666666,0.01574074074074074
11,0.18723958333333332,0.24583333333333332,0.016145833333333335,0.019444444444444445
4,0.18020833333333333,0.24212962962962964,0.0125,0.010185185185185186
11,0.20572916666666666,0.23842592592592593,0.010416666666666666,0.021296296296296296
6,0.05416666666666667,0.24259259259259258,0.029166666666666667,0.03888888888888889
4,0.13046875,0.25925925925925924,0.016145833333333335,0.012962962962962963
4,0.15078125,0.23287037037037037,0.0140625,0.010185185185185186
4,0.15182291666666667,0.2310185185185185,0.0140625,0.008333333333333333
4,0.23046875,0.2375,0.005729166666666666,0.008333333333333333
4,0.2328125,0.23194444444444445,0.00625,0.008333333333333333
5,0.23567708333333334,0.22685185185185186,0.005729166666666666,0.011111111111111112
4,0.23385416666666667,0.2199074074074074,0.005208333333333333,0.008333333333333333
1,0.22447916666666667,0.22268518518518518,0.0020833333333333333,0.008333333333333333
4,0.2375,0.21435185185185185,0.005208333333333333,0.006481481481481481
4,0.24739583333333334,0.21574074074074073,0.004166666666666667,0.007407407407407408
7,0.2513020833333333,0.2263888888888889,0.0046875,0.008333333333333333
4,0.25729166666666664,0.21296296296296297,0.005208333333333333,0.005555555555555556
4,0.24427083333333333,0.19583333333333333,0.004166666666666667,0.006481481481481481
4,0.2604166666666667,0.1962962962962963,0.003125,0.005555555555555556
6,0.23333333333333334,0.20092592592592592,0.00625,0.016666666666666666
4,0.246875,0.19074074074074074,0.003125,0.003703703703703704
6,0.234375,0.18935185185185185,0.00625,0.01574074074074074
4,0.24244791666666668,0.18055555555555555,0.0026041666666666665,0.005555555555555556
4,0.24453125,0.1787037037037037,0.0026041666666666665,0.005555555555555556
4,0.24479166666666666,0.17407407407407408,0.003125,0.003703703703703704
4,0.24609375,0.17175925925925925,0.0026041666666666665,0.002777777777777778
