4,0.4080729166666667,0.6449074074074074,0.0390625,0.062037037037037036
4,0.36770833333333336,0.5416666666666666,0.036458333333333336,0.037037037037037035
4,0.3190104166666667,0.4111111111111111,0.0296875,0.024074074074074074
4,0.13229166666666667,0.4625,0.01875,0.026851851851851852
4,0.11067708333333333,0.2800925925925926,0.0140625,0.021296296296296296
6,0.17057291666666666,0.3263888888888889,0.0203125,0.058333333333333334
6,0.18958333333333333,0.20416666666666666,0.010416666666666666,0.03425925925925926
6,0.17109375,0.18564814814814815,0.008854166666666666,0.028703703703703703
6,0.18776041666666668,0.1736111111111111,0.0078125,0.021296296296296296
6,0.22213541666666667,0.524537037037037,0.0671875,0.15462962962962962
1,0.32109375,0.549074074074074,0.005729166666666666,0.02962962962962963
1,0.2953125,0.4777777777777778,0.005208333333333333,0.025925925925925925
1,0.2859375,0.48703703703703705,0.005208333333333333,0.025925925925925925
1,0.275,0.48703703703703705,0.005208333333333333,0.025925925925925925
1,0.328125,0.48703703703703705,0.005208333333333333,0.025925925925925925
1,0.33177083333333335,0.4837962962962963,0.004166666666666667,0.025
1,0.33958333333333335,0.48194444444444445,0.004166666666666667,0.025
1,0.33515625,0.48009259259259257,0.0046875,0.025
2,0.325,0.45416666666666666,0.008333333333333333,0.017592592592592594
1,0.07526041666666666,0.19907407407407407,0.008854166666666666,0.011111111111111112
4,0.334375,0.3013888888888889,0.010416666666666666,0.01574074074074074
4,0.3338541666666667,0.2916666666666667,0.015625,0.012962962962962963
4,0.32864583333333336,0.3486111111111111,0.014583333333333334,0.019444444444444445
4,0.32317708333333334,0.36342592592592593,0.013020833333333334,0.023148148148148147
1,0.3151041666666667,0.36342592592592593,0.003125,0.025
4,0.13098958333333333,0.2300925925925926,0.009895833333333333,0.01574074074074074
1,0.41744791666666664,0.5685185185185185,0.005729166666666666,0.03148148148148148
1,0.42604166666666665,0.562962962962963,0.00625,0.02962962962962963
1,0.42265625,0.5583333333333333,0.0067708333333333336,0.027777777777777776
4,0.41015625,0.5578703703703703,0.0328125,0.05092592592592592
5,0.37161458333333336,0.5041666666666667,0.034895833333333334,0.03425925925925926
4,0.37421875,0.48703703703703705,0.03697916666666667,0.027777777777777776
1,0.25859375,0.4550925925925926,0.0036458333333333334,0.019444444444444445
2,0.25364583333333335,0.45555555555555555,0.003125,0.014814814814814815
4,0.24791666666666667,0.4527777777777778,0.021875,0.027777777777777776
0,0.26067708333333334,0.3958333333333333,0.0234375,0.028703703703703703
2,0.24296875,0.4009259259259259,0.0036458333333333334,0.014814814814814815
2,0.22630208333333332,0.39814814814814814,0.0046875,0.018518518518518517
4,0.24270833333333333,0.4212962962962963,0.016666666666666666,0.025925925925925925
4,0.23307291666666666,0.3976851851851852,0.0234375,0.026851851851851852
1,0.3109375,0.3685185185185185,0.004166666666666667,0.020370370370370372
4,0.30442708333333335,0.36574074074074076,0.015104166666666667,0.022222222222222223
4,0.24765625,0.2657407407407407,0.009895833333333333,0.018518518518518517
4,0.23515625,0.3189814814814815,0.0109375,0.01574074074074074
4,0.21979166666666666,0.3226851851851852,0.011458333333333333,0.017592592592592594
1,0.22708333333333333,0.3388888888888889,0.003125,0.016666666666666666
4,0.23489583333333333,0.3398148148148148,0.015625,0.020370370370370372
1,0.20911458333333333,0.2662037037037037,0.0036458333333333334,0.012037037037037037
5,0.2557291666666667,0.2175925925925926,0.011458333333333333,0.020370370370370372
4,0.17578125,0.2263888888888889,0.0067708333333333336,0.012037037037037037
4,0.20729166666666668,0.24259259259259258,0.00625,0.011111111111111112
4,0.20833333333333334,0.23472222222222222,0.007291666666666667,0.010185185185185186
1,0.20807291666666666,0.22546296296296298,0.0026041666666666665,0.012037037037037037
5,0.22890625,0.1837962962962963,0.005729166666666666,0.010185185185185186
4,0.23697916666666666,0.17916666666666667,0.005208333333333333,0.008333333333333333
4,0.16276041666666666,0.1865740740740741,0.005729166666666666,0.008333333333333333
4,0.19348958333333333,0.14027777777777778,0.0036458333333333334,0.006481481481481481
4,0.1875,0.14351851851851852,0.004166666666666667,0.005555555555555556
5,0.15338541666666666,0.17962962962962964,0.0067708333333333336,0.012962962962962963
5,0.18151041666666667,0.14027777777777778,0.0036458333333333334,0.006481481481481481
6,0.20494791666666667,0.14814814814814814,0.0067708333333333336,0.018518518518518517
6,0.2046875,0.1425925925925926,0.00625,0.018518518518518517
4,0.18619791666666666,0.1287037037037037,0.0036458333333333334,0.005555555555555556
4,0.17421875,0.12731481481481483,0.0036458333333333334,0.006481481481481481
4,0.16666666666666666,0.12731481481481483,0.004166666666666667,0.006481481481481481
4,0.16796875,0.11851851851851852,0.0046875,0.005555555555555556
4,0.17526041666666667,0.12268518518518519,0.0036458333333333334,0.006481481481481481
2,0.13958333333333334,0.17175925925925925,0.0020833333333333333,0.004629629629629629
10,0.13958333333333334,0.17407407407407408,0.0020833333333333333,0.005555555555555556
6,0.12760416666666666,0.1361111111111111,0.014583333333333334,0.014814814814814815
0,0.05546875,0.125,0.08697916666666666,0.040740740740740744
0,0.20208333333333334,0.09074074074074075,0.03854166666666667,0.06481481481481481
0,0.3229166666666667,0.07824074074074074,0.16354166666666667,0.021296296296296296
