4,0.6109375,0.2675925925925926,0.03958333333333333,0.07962962962962963
4,0.6395833333333333,0.1648148148148148,0.04375,0.07962962962962963
4,0.7158854166666667,0.2074074074074074,0.0265625,0.08148148148148149
6,0.70234375,0.03611111111111111,0.05364583333333333,0.06666666666666667
6,0.5307291666666667,0.04490740740740741,0.03958333333333333,0.08981481481481482
1,0.30416666666666664,0.35324074074074074,0.007291666666666667,0.028703703703703703
1,0.32578125,0.22685185185185186,0.005729166666666666,0.025925925925925925
1,0.47734375,0.14814814814814814,0.005729166666666666,0.025925925925925925
1,0.3221354166666667,0.12222222222222222,0.0078125,0.025925925925925925
2,0.334375,0.14351851851851852,0.007291666666666667,0.022222222222222223
2,0.3307291666666667,0.40879629629629627,0.007291666666666667,0.023148148148148147
2,0.33619791666666665,0.07916666666666666,0.005729166666666666,0.021296296296296296
1,0.4471354166666667,0.05462962962962963,0.005729166666666666,0.022222222222222223
1,0.4002604166666667,0.12453703703703704,0.0078125,0.021296296296296296
1,0.2640625,0.7189814814814814,0.00625,0.019444444444444445
1,0.27369791666666665,0.7217592592592592,0.0078125,0.012037037037037037
1,0.3328125,0.02361111111111111,0.004166666666666667,0.019444444444444445
1,0.33515625,0.02638888888888889,0.0036458333333333334,0.010185185185185186
1,0.3377604166666667,0.024074074074074074,0.0036458333333333334,0.016666666666666666
