11,0.14088541666666668,1.2527777777777778,0.26927083333333335,0.26666666666666666
5,0.36770833333333336,1.3634259259259258,0.11979166666666667,0.05092592592592592
5,0.41640625,1.0907407407407408,0.1796875,0.23333333333333334
4,0.49765625,0.9805555555555555,0.03697916666666667,0.044444444444444446
4,0.55390625,0.9532407407407407,0.05364583333333333,0.07314814814814814
4,0.5997395833333333,0.9606481481481481,0.05364583333333333,0.08425925925925926
4,0.68984375,1.0060185185185184,0.0546875,0.06759259259259259
6,0.7690104166666667,0.8384259259259259,0.0671875,0.08611111111111111
4,0.80625,0.8546296296296296,0.03958333333333333,0.05740740740740741
4,0.715625,0.8087962962962963,0.03229166666666667,0.04351851851851852
4,0.746875,0.7865740740740741,0.019791666666666666,0.03611111111111111
6,0.7828125,0.7402777777777778,0.059375,0.0787037037037037
4,0.87109375,0.7472222222222222,0.019270833333333334,0.025925925925925925
11,0.83203125,0.6995370370370371,0.03697916666666667,0.06018518518518518
9,0.8666666666666667,0.7041666666666667,0.03958333333333333,0.05277777777777778
11,0.69453125,1.325925925925926,0.0546875,0.1259259259259259
4,0.9638020833333333,0.711574074074074,0.03697916666666667,0.026851851851851852
4,1.00546875,0.7166666666666667,0.0359375,0.022222222222222223
6,0.90859375,0.6425925925925926,0.0171875,0.03148148148148148
6,0.928125,0.649537037037037,0.027083333333333334,0.030555555555555555
9,0.9518229166666666,0.6263888888888889,0.0203125,0.030555555555555555
4,0.934375,0.625,0.019791666666666666,0.020370370370370372
4,0.9776041666666667,0.6310185185185185,0.010416666666666666,0.01574074074074074
4,0.9783854166666667,0.5981481481481481,0.0109375,0.012962962962962963
4,0.9731770833333333,0.6106481481481482,0.0078125,0.012037037037037037
4,0.9661458333333334,0.6162037037037037,0.008333333333333333,0.013888888888888888
1,1.0072916666666667,0.6412037037037037,0.00625,0.023148148148148147
0,1.03359375,0.5662037037037037,0.016145833333333335,0.010185185185185186
