0,0.3299479166666667,0.20925925925925926,0.04010416666666667,0.04814814814814815
0,0.45859375,0.16527777777777777,0.0421875,0.11388888888888889
4,0.28958333333333336,0.22870370370370371,0.009375,0.012962962962962963
4,0.29348958333333336,0.22453703703703703,0.009895833333333333,0.012037037037037037
4,0.29739583333333336,0.2175925925925926,0.0125,0.011111111111111112
4,0.3065104166666667,0.20925925925925926,0.0078125,0.012962962962962963
4,0.33541666666666664,0.18194444444444444,0.008333333333333333,0.008333333333333333
4,0.3424479166666667,0.17824074074074073,0.0067708333333333336,0.008333333333333333
4,0.2669270833333333,0.25046296296296294,0.013020833333333334,0.013888888888888888
4,0.27786458333333336,0.25046296296296294,0.011979166666666667,0.013888888888888888
5,0.28802083333333334,0.24861111111111112,0.008333333333333333,0.017592592592592594
4,0.390625,0.2708333333333333,0.019791666666666666,0.01574074074074074
4,0.4083333333333333,0.2625,0.01875,0.013888888888888888
1,0.40572916666666664,0.26944444444444443,0.003125,0.014814814814814815
5,0.42109375,0.26990740740740743,0.018229166666666668,0.017592592592592594
5,0.42994791666666665,0.2773148148148148,0.019270833333333334,0.021296296296296296
4,0.46536458333333336,0.22777777777777777,0.0078125,0.012962962962962963
4,0.47994791666666664,0.2273148148148148,0.0067708333333333336,0.012037037037037037
5,0.434375,0.30462962962962964,0.010416666666666666,0.025925925925925925
5,0.43723958333333335,0.325,0.009895833333333333,0.027777777777777776
4,0.47734375,0.28055555555555556,0.009895833333333333,0.016666666666666666
5,0.4953125,0.2564814814814815,0.015625,0.018518518518518517
3,0.49166666666666664,0.27175925925925926,0.003125,0.012037037037037037
2,0.49140625,0.26805555555555555,0.0026041666666666665,0.013888888888888888
1,0.49635416666666665,0.2847222222222222,0.0020833333333333333,0.017592592592592594
1,0.46145833333333336,0.300462962962963,0.004166666666666667,0.019444444444444445
1,0.4625,0.2847222222222222,0.004166666666666667,0.017592592592592594
1,0.42916666666666664,0.38333333333333336,0.003125,0.024074074074074074
1,0.43333333333333335,0.3814814814814815,0.005208333333333333,0.025925925925925925
1,0.44088541666666664,0.4041666666666667,0.005729166666666666,0.025
4,0.43802083333333336,0.4356481481481482,0.01875,0.03796296296296296
4,0.471875,0.39675925925925926,0.015625,0.030555555555555555
1,0.4708333333333333,0.3625,0.004166666666666667,0.023148148148148147
3,0.4786458333333333,0.3587962962962963,0.004166666666666667,0.01574074074074074
2,0.4783854166666667,0.3527777777777778,0.0036458333333333334,0.016666666666666666
1,0.5072916666666667,0.3337962962962963,0.005208333333333333,0.021296296296296296
4,0.49505208333333334,0.40370370370370373,0.0171875,0.03333333333333333
6,0.4627604166666667,0.4699074074074074,0.04739583333333333,0.03981481481481482
1,0.4791666666666667,0.47685185185185186,0.005208333333333333,0.03148148148148148
5,0.4544270833333333,0.549074074074074,0.0546875,0.05555555555555555
1,0.48880208333333336,0.6064814814814815,0.005729166666666666,0.037037037037037035
1,0.5072916666666667,0.6060185185185185,0.005208333333333333,0.03611111111111111
2,0.50390625,0.6046296296296296,0.008854166666666666,0.020370370370370372
10,0.48984375,0.6416666666666667,0.0109375,0.025925925925925925
1,0.49296875,1.0402777777777779,0.011979166666666667,0.06018518518518518
1,0.4921875,1.074537037037037,0.008333333333333333,0.03796296296296296
6,0.44192708333333336,1.1319444444444444,0.07552083333333333,0.36944444444444446
1,0.5729166666666666,1.0949074074074074,0.016666666666666666,0.06944444444444445
6,0.51953125,0.8421296296296297,0.049479166666666664,0.15462962962962962
6,0.51171875,0.7203703703703703,0.03802083333333333,0.08888888888888889
5,0.6109375,0.6773148148148148,0.034375,0.0787037037037037
1,0.51171875,0.33564814814814814,0.0036458333333333334,0.019444444444444445
4,0.5145833333333333,0.36944444444444446,0.014583333333333334,0.024074074074074074
4,0.5174479166666667,0.40370370370370373,0.018229166666666668,0.02962962962962963
4,0.5036458333333333,0.4393518518518518,0.017708333333333333,0.03425925925925926
1,0.5015625,0.29212962962962963,0.004166666666666667,0.013888888888888888
1,0.5395833333333333,0.4615740740740741,0.005208333333333333,0.026851851851851852
1,0.5377604166666666,0.4532407407407407,0.0046875,0.026851851851851852
6,0.5390625,0.4236111111111111,0.01875,0.03981481481481482
1,0.5145833333333333,0.6189814814814815,0.007291666666666667,0.041666666666666664
2,0.5205729166666667,0.6092592592592593,0.0067708333333333336,0.025925925925925925
1,0.5263020833333333,0.6083333333333333,0.0067708333333333336,0.037037037037037035
3,0.5213541666666667,0.6194444444444445,0.005208333333333333,0.018518518518518517
1,0.53125,0.6796296296296296,0.007291666666666667,0.046296296296296294
1,0.56171875,0.6111111111111112,0.0109375,0.040740740740740744
2,0.5286458333333334,0.7138888888888889,0.004166666666666667,0.012962962962962963
1,0.5234375,0.6986111111111111,0.015625,0.03611111111111111
1,0.5377604166666666,0.8578703703703704,0.016145833333333335,0.04722222222222222
1,0.5364583333333334,0.8337962962962963,0.015625,0.04722222222222222
2,0.68203125,1.3703703703703705,0.024479166666666666,0.037037037037037035
10,0.68046875,1.362037037037037,0.027604166666666666,0.053703703703703705
1,0.8703125,1.3324074074074075,0.023958333333333335,0.07037037037037037
1,0.8322916666666667,1.2958333333333334,0.020833333333333332,0.062037037037037036
1,0.8359375,1.2703703703703704,0.030208333333333334,0.06851851851851852
4,0.7135416666666666,1.0532407407407407,0.078125,0.16574074074074074
1,0.6697916666666667,0.8106481481481481,0.0125,0.049074074074074076
1,0.61328125,0.8324074074074074,0.0109375,0.04814814814814815
2,0.6252604166666667,0.8148148148148148,0.0078125,0.022222222222222223
1,0.6184895833333334,0.7944444444444444,0.0067708333333333336,0.03148148148148148
1,0.6205729166666667,0.7842592592592592,0.009895833333333333,0.04259259259259259
6,0.6544270833333333,0.7222222222222222,0.06510416666666667,0.10555555555555556
1,0.5794270833333334,0.5611111111111111,0.013020833333333334,0.03148148148148148
6,0.56484375,0.5351851851851852,0.028645833333333332,0.05925925925925926
0,0.55390625,0.3851851851851852,0.0078125,0.020370370370370372
