5,0.6075520833333333,0.3768518518518518,0.0546875,0.04814814814814815
5,0.69921875,0.3384259259259259,0.05364583333333333,0.062037037037037036
5,0.5567708333333333,0.28564814814814815,0.021875,0.06759259259259259
5,0.52890625,0.2935185185185185,0.024479166666666666,0.07037037037037037
5,0.50234375,0.30324074074074076,0.0234375,0.0712962962962963
5,0.46953125,0.33240740740740743,0.027604166666666666,0.07407407407407407
4,0.6666666666666666,0.2064814814814815,0.036458333333333336,0.03888888888888889
9,0.49947916666666664,0.12962962962962962,0.040625,0.12407407407407407
4,0.46015625,0.175,0.022395833333333334,0.06296296296296296
9,0.43828125,0.1439814814814815,0.04739583333333333,0.1398148148148148
5,0.43307291666666664,0.2763888888888889,0.0265625,0.0712962962962963
9,0.40390625,0.2712962962962963,0.044270833333333336,0.12777777777777777
4,0.46119791666666665,0.0625,0.021354166666666667,0.04351851851851852
4,0.371875,0.5513888888888889,0.03854166666666667,0.08981481481481482
9,0.36744791666666665,0.42083333333333334,0.06302083333333333,0.18055555555555555
6,0.26796875,0.6476851851851851,0.0953125,0.08611111111111111
5,0.2328125,0.5425925925925926,0.052083333333333336,0.06481481481481481
9,0.13229166666666667,0.4675925925925926,0.11875,0.12962962962962962
4,0.04765625,0.4013888888888889,0.03177083333333333,0.04351851851851852
9,0.017708333333333333,0.37777777777777777,0.03333333333333333,0.09444444444444444
4,0.225,0.24212962962962964,0.029166666666666667,0.05092592592592592
4,0.2786458333333333,0.3490740740740741,0.03958333333333333,0.04259259259259259
1,0.005729166666666666,0.586574074074074,0.010416666666666666,0.025
6,0.4703125,0.016666666666666666,0.021875,0.03148148148148148
1,0.5052083333333334,0.20416666666666666,0.00625,0.021296296296296296
1,0.48776041666666664,0.26064814814814813,0.005729166666666666,0.019444444444444445
9,0.6875,0.12777777777777777,0.08333333333333333,0.09444444444444444
9,0.5997395833333333,0.09027777777777778,0.09739583333333333,0.08796296296296297
1,0.5963541666666666,0.047685185185185185,0.005208333333333333,0.017592592592592594
1,0.60234375,0.055092592592592596,0.005729166666666666,0.019444444444444445
1,0.5338541666666666,0.12175925925925926,0.00625,0.026851851851851852
1,0.52890625,0.11666666666666667,0.0067708333333333336,0.022222222222222223
