5,0.5455729166666666,1.2462962962962962,0.2265625,0.18333333333333332
5,0.5200520833333333,1.0740740740740742,0.17239583333333333,0.17222222222222222
5,0.6057291666666667,0.8175925925925925,0.06875,0.20185185185185187
5,0.4981770833333333,0.9305555555555556,0.1453125,0.15
1,0.31796875,0.9212962962962963,0.0265625,0.07777777777777778
4,0.48463541666666665,0.8347222222222223,0.14010416666666667,0.13425925925925927
4,0.4783854166666667,0.7537037037037037,0.13072916666666667,0.10740740740740741
4,0.5705729166666667,0.5708333333333333,0.0484375,0.125
6,0.48151041666666666,0.5861111111111111,0.11197916666666667,0.09444444444444444
5,0.47265625,0.5268518518518519,0.08802083333333334,0.08333333333333333
4,0.4703125,0.4898148148148148,0.10104166666666667,0.07037037037037037
4,0.47369791666666666,0.44305555555555554,0.0921875,0.06388888888888888
1,0.4940104166666667,0.41203703703703703,0.0140625,0.04259259259259259
5,0.4791666666666667,0.3902777777777778,0.09895833333333333,0.09166666666666666
4,0.48125,0.37222222222222223,0.08229166666666667,0.053703703703703705
4,0.4708333333333333,0.3449074074074074,0.07395833333333333,0.05462962962962963
4,0.46770833333333334,0.3138888888888889,0.071875,0.05185185185185185
4,0.4671875,0.2865740740740741,0.06875,0.05277777777777778
4,0.4583333333333333,0.2671296296296296,0.06875,0.049074074074074076
5,0.459375,0.23842592592592593,0.05,0.04537037037037037
4,0.49322916666666666,0.2310185185185185,0.058333333333333334,0.04537037037037037
4,0.459375,0.21342592592592594,0.06354166666666666,0.04351851851851852
5,0.46770833333333334,0.18611111111111112,0.058333333333333334,0.046296296296296294
8,0.38255208333333335,0.22824074074074074,0.0171875,0.06944444444444445
5,0.48828125,0.15,0.0453125,0.046296296296296294
5,0.47421875,0.13657407407407407,0.050520833333333334,0.041666666666666664
5,0.46171875,0.12453703703703704,0.05572916666666667,0.05092592592592592
4,0.45625,0.1,0.046875,0.03333333333333333
4,0.4747395833333333,0.0875,0.04010416666666667,0.028703703703703703
5,0.4934895833333333,0.07453703703703704,0.0328125,0.026851851851851852
5,0.509375,0.09074074074074075,0.03229166666666667,0.04259259259259259
5,0.5,0.1087962962962963,0.03333333333333333,0.03611111111111111
5,0.5174479166666667,0.13055555555555556,0.022395833333333334,0.05185185185185185
4,0.52734375,0.19074074074074074,0.028645833333333332,0.046296296296296294
1,0.5026041666666666,0.05925925925925926,0.00625,0.018518518518518517
1,0.4791666666666667,0.055092592592592596,0.005208333333333333,0.023148148148148147
1,0.4513020833333333,0.04953703703703704,0.0067708333333333336,0.032407407407407406
1,0.45729166666666665,0.05648148148148148,0.004166666666666667,0.018518518518518517
1,0.5158854166666667,0.027777777777777776,0.0046875,0.024074074074074074
1,0.52890625,0.025925925925925925,0.005729166666666666,0.027777777777777776
1,0.5221354166666666,0.06342592592592593,0.0046875,0.026851851851851852
1,0.52109375,0.06342592592592593,0.0046875,0.026851851851851852
1,0.5924479166666666,0.04722222222222222,0.005729166666666666,0.027777777777777776
1,0.596875,0.053703703703703705,0.005208333333333333,0.027777777777777776
3,0.58671875,0.07731481481481481,0.016145833333333335,0.019444444444444445
4,0.6059895833333333,0.08703703703703704,0.04635416666666667,0.03148148148148148
4,0.6067708333333334,0.10925925925925926,0.046875,0.03333333333333333
10,0.6072916666666667,0.12175925925925926,0.015625,0.023148148148148147
10,0.6278645833333333,0.10601851851851851,0.016145833333333335,0.019444444444444445
5,0.5765625,0.20046296296296295,0.025,0.05648148148148148
4,0.6182291666666667,0.24722222222222223,0.0375,0.06296296296296296
4,0.63828125,0.17916666666666667,0.04635416666666667,0.04351851851851852
5,0.6497395833333334,0.18981481481481483,0.05364583333333333,0.044444444444444446
4,0.6591145833333333,0.2111111111111111,0.058854166666666666,0.03518518518518519
4,0.6619791666666667,0.23472222222222222,0.06458333333333334,0.04722222222222222
3,0.6723958333333333,0.25324074074074077,0.019791666666666666,0.028703703703703703
10,0.696875,0.2537037037037037,0.026041666666666668,0.03333333333333333
1,0.990625,1.2064814814814815,0.04895833333333333,0.0962962962962963
5,0.9692708333333333,0.9328703703703703,0.13541666666666666,0.14537037037037037
4,0.9450520833333333,0.825,0.14322916666666666,0.10740740740740741
4,0.8760416666666667,0.7351851851851852,0.14270833333333333,0.1037037037037037
3,0.965625,0.7430555555555556,0.023958333333333335,0.07314814814814814
10,0.9067708333333333,0.6356481481481482,0.046875,0.058333333333333334
7,0.8794270833333333,0.6564814814814814,0.03697916666666667,0.04814814814814815
4,0.80078125,0.6050925925925926,0.12864583333333332,0.08796296296296297
4,0.80078125,0.538425925925926,0.11302083333333333,0.07314814814814814
4,0.7611979166666667,0.45046296296296295,0.09947916666666666,0.07685185185185185
1,0.6794270833333333,0.44305555555555554,0.015104166666666667,0.06388888888888888
4,0.7302083333333333,0.4134259259259259,0.090625,0.06388888888888888
7,0.7526041666666666,0.3902777777777778,0.053125,0.04351851851851852
10,0.7528645833333333,0.350462962962963,0.013020833333333334,0.03425925925925926
5,0.70390625,0.34444444444444444,0.0734375,0.06481481481481481
5,0.7002604166666667,0.30694444444444446,0.08177083333333333,0.0712962962962963
