6,0.07161458333333333,0.7111111111111111,0.034895833333333334,0.07407407407407407
6,0.3372395833333333,0.5171296296296296,0.0171875,0.06018518518518518
6,0.34791666666666665,0.3490740740740741,0.0125,0.03888888888888889
6,0.35182291666666665,0.053703703703703705,0.0046875,0.016666666666666666
6,0.35442708333333334,0.08287037037037037,0.0046875,0.013888888888888888
6,0.33645833333333336,0.05694444444444444,0.005208333333333333,0.013888888888888888
4,0.6239583333333333,0.638425925925926,0.03333333333333333,0.026851851851851852
4,0.6125,0.6087962962962963,0.035416666666666666,0.030555555555555555
5,0.44609375,0.5337962962962963,0.028645833333333332,0.026851851851851852
4,0.34401041666666665,0.41574074074074074,0.009895833333333333,0.025925925925925925
4,0.4114583333333333,0.3787037037037037,0.010416666666666666,0.024074074074074074
4,0.36875,0.24259259259259258,0.008333333333333333,0.016666666666666666
4,0.37421875,0.17962962962962964,0.005729166666666666,0.011111111111111112
4,0.36744791666666665,0.16018518518518518,0.005729166666666666,0.011111111111111112
4,0.36875,0.1537037037037037,0.009375,0.009259259259259259
4,0.37578125,0.10694444444444444,0.0078125,0.008333333333333333
4,0.38255208333333335,0.07037037037037037,0.0067708333333333336,0.007407407407407408
4,0.384375,0.0763888888888889,0.008333333333333333,0.006481481481481481
4,0.38515625,0.07962962962962963,0.0067708333333333336,0.007407407407407408
4,0.3958333333333333,0.07268518518518519,0.004166666666666667,0.006481481481481481
4,0.3932291666666667,0.06388888888888888,0.004166666666666667,0.007407407407407408
4,0.3854166666666667,0.04675925925925926,0.003125,0.006481481481481481
6,0.3671875,0.08981481481481482,0.011458333333333333,0.012962962962962963
4,0.3502604166666667,0.09305555555555556,0.0036458333333333334,0.008333333333333333
5,0.2557291666666667,0.175,0.0125,0.011111111111111112
4,0.23020833333333332,0.25601851851851853,0.014583333333333334,0.013888888888888888
4,0.24244791666666668,0.2300925925925926,0.015104166666666667,0.013888888888888888
4,0.24427083333333333,0.22407407407407406,0.016666666666666666,0.011111111111111112
4,0.24583333333333332,0.21712962962962962,0.016666666666666666,0.012037037037037037
4,0.24270833333333333,0.21157407407407408,0.016666666666666666,0.010185185185185186
4,0.246875,0.2064814814814815,0.014583333333333334,0.009259259259259259
4,0.14973958333333334,0.3277777777777778,0.015104166666666667,0.024074074074074074
4,0.13463541666666667,0.32175925925925924,0.015104166666666667,0.017592592592592594
4,0.09114583333333333,0.30925925925925923,0.017708333333333333,0.014814814814814815
4,0.09739583333333333,0.3300925925925926,0.010416666666666666,0.019444444444444445
4,0.05234375,0.43333333333333335,0.028645833333333332,0.018518518518518517
4,0.06640625,0.40324074074074073,0.0234375,0.01574074074074074
4,0.06015625,0.41574074074074074,0.027604166666666666,0.016666666666666666
5,0.09114583333333333,0.3680555555555556,0.027083333333333334,0.019444444444444445
1,0.121875,0.35138888888888886,0.005208333333333333,0.01574074074074074
2,0.346875,0.6222222222222222,0.005208333333333333,0.011111111111111112
2,0.35963541666666665,0.6064814814814815,0.0046875,0.009259259259259259
2,0.37473958333333335,0.8078703703703703,0.0078125,0.013888888888888888
10,0.375,0.8125,0.008333333333333333,0.030555555555555555
10,0.3463541666666667,0.624537037037037,0.004166666666666667,0.023148148148148147
10,0.35963541666666665,0.6101851851851852,0.0067708333333333336,0.020370370370370372
1,0.33489583333333334,0.10185185185185185,0.0020833333333333333,0.007407407407407408
1,0.3411458333333333,0.11944444444444445,0.003125,0.009259259259259259
1,0.3502604166666667,0.07824074074074074,0.0026041666666666665,0.006481481481481481
9,0.34401041666666665,0.07407407407407407,0.005729166666666666,0.018518518518518517
9,0.28411458333333334,0.10740740740740741,0.008854166666666666,0.020370370370370372
6,0.5833333333333334,0.787962962962963,0.034375,0.03148148148148148
