4,0.3375,0.6166666666666667,0.01875,0.07962962962962963
4,0.32890625,0.2912037037037037,0.0171875,0.06944444444444445
4,0.30052083333333335,0.08055555555555556,0.017708333333333333,0.06666666666666667
4,0.22161458333333334,0.0912037037037037,0.03802083333333333,0.028703703703703703
4,0.21458333333333332,0.23287037037037037,0.034375,0.03425925925925926
4,0.21197916666666666,0.3189814814814815,0.030208333333333334,0.032407407407407406
4,0.21067708333333332,0.3578703703703704,0.03802083333333333,0.030555555555555555
4,0.21067708333333332,0.399537037037037,0.0390625,0.032407407407407406
4,0.20703125,0.48703703703703705,0.0453125,0.03518518518518519
4,0.3997395833333333,0.5884259259259259,0.04114583333333333,0.030555555555555555
4,0.3984375,0.5393518518518519,0.041666666666666664,0.030555555555555555
4,0.39348958333333334,0.4486111111111111,0.03697916666666667,0.03981481481481482
4,0.390625,0.39675925925925926,0.036458333333333336,0.03611111111111111
4,0.3893229166666667,0.35694444444444445,0.0390625,0.032407407407407406
4,0.39166666666666666,0.30694444444444446,0.03854166666666667,0.032407407407407406
4,0.45625,0.31712962962962965,0.028125,0.06388888888888888
4,0.53125,0.2828703703703704,0.034375,0.062037037037037036
5,0.47890625,0.2953703703703704,0.030729166666666665,0.06481481481481481
5,0.41953125,0.14444444444444443,0.03697916666666667,0.03518518518518519
4,0.4984375,0.08842592592592592,0.035416666666666666,0.03425925925925926
5,0.6984375,0.09259259259259259,0.030208333333333334,0.03888888888888889
5,0.6375,0.10925925925925926,0.04479166666666667,0.03518518518518519
7,0.6015625,0.23425925925925925,0.016666666666666666,0.05740740740740741
4,0.19921875,0.7166666666666667,0.0421875,0.024074074074074074
5,0.22265625,0.020370370370370372,0.0359375,0.027777777777777776
5,0.22083333333333333,0.05462962962962963,0.034375,0.03333333333333333
2,0.24322916666666666,0.31712962962962965,0.005208333333333333,0.012037037037037037
10,0.24322916666666666,0.32175925925925924,0.005208333333333333,0.025
6,0.45078125,0.10092592592592593,0.03697916666666667,0.037037037037037035
