6,0.19244791666666666,0.29398148148148145,0.013020833333333334,0.028703703703703703
6,0.23463541666666668,0.2898148148148148,0.013020833333333334,0.024074074074074074
6,0.2671875,0.30324074074074076,0.016666666666666666,0.026851851851851852
5,0.28567708333333336,0.34814814814814815,0.0140625,0.024074074074074074
1,0.19192708333333333,0.35648148148148145,0.0067708333333333336,0.018518518518518517
6,0.32786458333333335,0.2625,0.0140625,0.030555555555555555
6,0.3143229166666667,0.25787037037037036,0.013020833333333334,0.03425925925925926
11,0.30052083333333335,0.25601851851851853,0.015625,0.041666666666666664
4,0.0296875,0.7550925925925925,0.05625,0.09537037037037037
4,0.5302083333333333,0.8606481481481482,0.06041666666666667,0.14537037037037037
4,0.5010416666666667,0.7328703703703704,0.041666666666666664,0.10092592592592593
4,0.4895833333333333,0.6439814814814815,0.03333333333333333,0.06759259259259259
4,0.4739583333333333,0.5800925925925926,0.028125,0.05462962962962963
4,0.46770833333333334,0.5273148148148148,0.026041666666666668,0.04722222222222222
4,0.39609375,0.49583333333333335,0.019270833333333334,0.03611111111111111
4,0.396875,0.4078703703703704,0.013541666666666667,0.021296296296296296
4,0.4466145833333333,0.3907407407407407,0.013020833333333334,0.024074074074074074
4,0.39947916666666666,0.38425925925925924,0.0125,0.024074074074074074
4,0.4393229166666667,0.3509259259259259,0.009895833333333333,0.020370370370370372
4,0.6833333333333333,0.5606481481481481,0.051041666666666666,0.058333333333333334
4,0.6252604166666667,0.47638888888888886,0.028645833333333332,0.032407407407407406
4,0.59609375,0.43425925925925923,0.024479166666666666,0.02962962962962963
4,0.65546875,0.5212962962962963,0.03802083333333333,0.046296296296296294
1,0.45026041666666666,0.6324074074074074,0.0109375,0.04259259259259259
1,0.41692708333333334,0.6333333333333333,0.008854166666666666,0.03518518518518519
1,0.4203125,0.6180555555555556,0.009375,0.03981481481481482
1,0.425,0.39166666666666666,0.005208333333333333,0.020370370370370372
1,0.415625,0.3902777777777778,0.00625,0.021296296296296296
3,0.4127604166666667,0.3925925925925926,0.005729166666666666,0.016666666666666666
4,0.4,0.3685185185185185,0.0125,0.020370370370370372
4,0.4015625,0.35462962962962963,0.010416666666666666,0.014814814814814815
4,0.40338541666666666,0.3421296296296296,0.009895833333333333,0.019444444444444445
4,0.40625,0.31805555555555554,0.016666666666666666,0.017592592592592594
4,0.4375,0.3416666666666667,0.009375,0.016666666666666666
4,0.43723958333333335,0.33611111111111114,0.0078125,0.014814814814814815
4,0.4348958333333333,0.32314814814814813,0.008333333333333333,0.014814814814814815
4,0.58125,0.41388888888888886,0.021875,0.027777777777777776
4,0.56875,0.3972222222222222,0.01875,0.020370370370370372
4,0.525,0.33935185185185185,0.0125,0.017592592592592594
4,0.5158854166666667,0.3300925925925926,0.015104166666666667,0.013888888888888888
4,0.5114583333333333,0.32685185185185184,0.014583333333333334,0.012962962962962963
4,0.5049479166666667,0.3175925925925926,0.015104166666666667,0.014814814814814815
4,0.5013020833333334,0.31203703703703706,0.0140625,0.014814814814814815
4,0.49947916666666664,0.30324074074074076,0.007291666666666667,0.010185185185185186
4,0.49583333333333335,0.2967592592592593,0.009375,0.012037037037037037
4,0.5236979166666667,0.300462962962963,0.008854166666666666,0.012037037037037037
4,0.5229166666666667,0.2902777777777778,0.007291666666666667,0.012037037037037037
4,0.51640625,0.29212962962962963,0.0078125,0.012037037037037037
1,0.5255208333333333,0.3060185185185185,0.003125,0.012037037037037037
4,0.5856770833333333,0.3800925925925926,0.022395833333333334,0.025
6,0.5734375,0.35462962962962963,0.04375,0.03518518518518519
1,0.5510416666666667,0.3638888888888889,0.004166666666666667,0.018518518518518517
1,0.5421875,0.36435185185185187,0.004166666666666667,0.017592592592592594
1,0.5372395833333333,0.3587962962962963,0.0036458333333333334,0.019444444444444445
1,0.5447916666666667,0.3611111111111111,0.005208333333333333,0.018518518518518517
0,0.4390625,0.22175925925925927,0.009375,0.01574074074074074
0,0.45598958333333334,0.2439814814814815,0.008854166666666666,0.01574074074074074
0,0.44765625,0.2337962962962963,0.005729166666666666,0.008333333333333333
5,0.4734375,0.2662037037037037,0.00625,0.010185185185185186
4,0.46822916666666664,0.2601851851851852,0.004166666666666667,0.007407407407407408
4,0.4666666666666667,0.25833333333333336,0.005208333333333333,0.007407407407407408
0,0.4817708333333333,0.2796296296296296,0.005208333333333333,0.018518518518518517
0,0.47291666666666665,0.29259259259259257,0.015625,0.014814814814814815
4,0.5020833333333333,0.2884259259259259,0.00625,0.008333333333333333
4,0.4901041666666667,0.2935185185185185,0.005208333333333333,0.009259259259259259
4,0.6502604166666667,0.43703703703703706,0.04114583333333333,0.024074074074074074
4,0.69453125,0.49444444444444446,0.05260416666666667,0.03148148148148148
4,0.7091145833333333,0.5166666666666667,0.0390625,0.037037037037037035
4,0.7002604166666667,0.40555555555555556,0.043229166666666666,0.03888888888888889
