1,0.46432291666666664,0.6916666666666667,0.011979166666666667,0.06296296296296296
1,0.4744791666666667,0.6768518518518518,0.013541666666666667,0.08703703703703704
1,0.42682291666666666,0.6111111111111112,0.011979166666666667,0.06851851851851852
1,0.39348958333333334,0.6175925925925926,0.015104166666666667,0.08333333333333333
1,0.4041666666666667,0.6444444444444445,0.009375,0.05185185185185185
1,0.40677083333333336,0.6092592592592593,0.013541666666666667,0.06666666666666667
1,0.303125,0.3768518518518518,0.004166666666666667,0.024074074074074074
1,0.26901041666666664,0.37453703703703706,0.0046875,0.023148148148148147
2,0.33958333333333335,0.3476851851851852,0.003125,0.017592592592592594
3,0.33880208333333334,0.3523148148148148,0.009895833333333333,0.010185185185185186
2,0.53125,0.35694444444444445,0.008333333333333333,0.01574074074074074
1,0.553125,0.35833333333333334,0.003125,0.022222222222222223
1,0.6067708333333334,0.36944444444444446,0.005208333333333333,0.024074074074074074
1,0.60625,0.3574074074074074,0.003125,0.020370370370370372
2,0.5041666666666667,0.4708333333333333,0.010416666666666666,0.025
1,0.75546875,0.34814814814814815,0.0036458333333333334,0.020370370370370372
0,0.6848958333333334,0.35694444444444445,0.021875,0.021296296296296296
