4,0.010416666666666666,0.9083333333333333,0.014583333333333334,0.04259259259259259
4,0.02421875,0.9254629629629629,0.015104166666666667,0.049074074074074076
4,0.034375,0.9388888888888889,0.014583333333333334,0.044444444444444446
4,0.0453125,0.9537037037037037,0.017708333333333333,0.037037037037037035
4,0.05859375,0.9513888888888888,0.021354166666666667,0.041666666666666664
1,0.14114583333333333,0.9328703703703703,0.00625,0.008333333333333333
2,0.15755208333333334,0.9375,0.0046875,0.006481481481481481
1,0.13515625,0.6333333333333333,0.0046875,0.005555555555555556
10,0.31927083333333334,0.6666666666666666,0.00625,0.007407407407407408
10,0.32135416666666666,0.6703703703703704,0.005208333333333333,0.007407407407407408
10,0.32421875,0.674537037037037,0.005729166666666666,0.008333333333333333
10,0.3268229166666667,0.6810185185185185,0.005729166666666666,0.008333333333333333
3,0.11927083333333334,0.47453703703703703,0.007291666666666667,0.004629629629629629
3,0.11901041666666666,0.4699074074074074,0.0067708333333333336,0.002777777777777778
10,0.11666666666666667,0.4648148148148148,0.007291666666666667,0.003703703703703704
10,0.11640625,0.44675925925925924,0.0067708333333333336,0.002777777777777778
10,0.11848958333333333,0.44074074074074077,0.0067708333333333336,0.005555555555555556
7,0.12265625,0.4273148148148148,0.0109375,0.012037037037037037
3,0.12421875,0.44074074074074077,0.005729166666666666,0.003703703703703704
1,0.6455729166666667,0.38101851851851853,0.0036458333333333334,0.006481481481481481
1,0.63046875,0.4722222222222222,0.0036458333333333334,0.007407407407407408
1,0.6255208333333333,0.47314814814814815,0.005208333333333333,0.007407407407407408
1,0.43723958333333335,0.42777777777777776,0.0026041666666666665,0.007407407407407408
1,0.43802083333333336,0.4217592592592593,0.0020833333333333333,0.006481481481481481
1,0.4359375,0.41805555555555557,0.0020833333333333333,0.006481481481481481
4,0.4940104166666667,0.31712962962962965,0.0078125,0.025
5,0.4856770833333333,0.3175925925925926,0.009895833333333333,0.02962962962962963
4,0.5229166666666667,0.31712962962962965,0.009375,0.021296296296296296
4,0.5447916666666667,0.3162037037037037,0.009375,0.023148148148148147
4,0.49505208333333334,0.26944444444444443,0.0078125,0.027777777777777776
4,0.52109375,0.2662037037037037,0.008854166666666666,0.026851851851851852
4,0.5325520833333334,0.2671296296296296,0.009895833333333333,0.026851851851851852
5,0.5424479166666667,0.2657407407407407,0.0140625,0.02962962962962963
4,0.5510416666666667,0.26435185185185184,0.009375,0.023148148148148147
4,0.5609375,0.2638888888888889,0.009375,0.022222222222222223
4,0.5783854166666667,0.26435185185185184,0.009895833333333333,0.025
4,0.6075520833333333,0.2625,0.009895833333333333,0.026851851851851852
4,0.6197916666666666,0.26296296296296295,0.010416666666666666,0.024074074074074074
4,0.6333333333333333,0.3143518518518518,0.0125,0.025
5,0.6239583333333333,0.3175925925925926,0.011458333333333333,0.024074074074074074
4,0.6127604166666667,0.31805555555555554,0.0109375,0.025
4,0.6,0.31851851851851853,0.010416666666666666,0.024074074074074074
4,0.7018229166666666,0.26064814814814813,0.011979166666666667,0.026851851851851852
4,0.7125,0.26296296296296295,0.010416666666666666,0.025925925925925925
4,0.7221354166666667,0.2625,0.009895833333333333,0.026851851851851852
4,0.69921875,0.3138888888888889,0.013020833333333334,0.027777777777777776
4,0.71015625,0.31527777777777777,0.009895833333333333,0.021296296296296296
4,0.7208333333333333,0.3143518518518518,0.0125,0.026851851851851852
6,0.31953125,0.11574074074074074,0.0140625,0.014814814814814815
4,0.3372395833333333,0.11666666666666667,0.0140625,0.012962962962962963
4,0.35546875,0.11712962962962963,0.0140625,0.012037037037037037
4,0.37213541666666666,0.1162037037037037,0.0140625,0.012037037037037037
4,0.38958333333333334,0.1162037037037037,0.013541666666666667,0.012037037037037037
6,0.4080729166666667,0.1111111111111111,0.019270833333333334,0.022222222222222223
4,0.42526041666666664,0.11527777777777778,0.011979166666666667,0.012037037037037037
4,0.4434895833333333,0.11527777777777778,0.015104166666666667,0.012037037037037037
4,0.46119791666666665,0.11435185185185186,0.0140625,0.013888888888888888
4,0.47682291666666665,0.11481481481481481,0.015104166666666667,0.012962962962962963
4,0.49713541666666666,0.11435185185185186,0.015104166666666667,0.013888888888888888
4,0.5151041666666667,0.11435185185185186,0.015625,0.013888888888888888
4,0.5348958333333333,0.11435185185185186,0.013541666666666667,0.012037037037037037
4,0.5544270833333333,0.11342592592592593,0.015104166666666667,0.013888888888888888
4,0.5703125,0.11342592592592593,0.014583333333333334,0.012037037037037037
4,0.5888020833333333,0.11342592592592593,0.015104166666666667,0.012037037037037037
4,0.6072916666666667,0.11296296296296296,0.015625,0.012962962962962963
5,0.6247395833333333,0.1111111111111111,0.015104166666666667,0.014814814814814815
5,0.6432291666666666,0.11064814814814815,0.017708333333333333,0.013888888888888888
5,0.6606770833333333,0.1111111111111111,0.016145833333333335,0.012962962962962963
4,0.6791666666666667,0.10972222222222222,0.016666666666666666,0.013888888888888888
4,0.69609375,0.11018518518518519,0.016145833333333335,0.012962962962962963
5,0.7151041666666667,0.10694444444444444,0.01875,0.017592592592592594
4,0.6408854166666667,0.05555555555555555,0.008854166666666666,0.014814814814814815
4,0.63125,0.012037037037037037,0.013541666666666667,0.014814814814814815
4,0.6315104166666666,0.005092592592592593,0.0140625,0.010185185185185186
4,0.5260416666666666,0.02824074074074074,0.014583333333333334,0.012037037037037037
4,0.5265625,0.018518518518518517,0.013541666666666667,0.009259259259259259
4,0.52265625,0.011111111111111112,0.0140625,0.012962962962962963
4,0.5221354166666666,0.003703703703703704,0.0140625,0.007407407407407408
4,0.3765625,0.044444444444444446,0.009375,0.018518518518518517
4,0.41692708333333334,0.03611111111111111,0.0140625,0.012962962962962963
4,0.40859375,0.06111111111111111,0.0067708333333333336,0.020370370370370372
4,0.4161458333333333,0.01712962962962963,0.0125,0.013888888888888888
4,0.2908854166666667,0.004629629629629629,0.0109375,0.009259259259259259
4,0.28619791666666666,0.05925925925925926,0.011979166666666667,0.011111111111111112
4,0.28802083333333334,0.05,0.014583333333333334,0.011111111111111112
4,0.26067708333333334,0.0712962962962963,0.0140625,0.011111111111111112
4,0.2604166666666667,0.06111111111111111,0.014583333333333334,0.011111111111111112
4,0.2625,0.05277777777777778,0.0125,0.009259259259259259
4,0.27057291666666666,0.07407407407407407,0.0046875,0.014814814814814815
5,0.20859375,0.03564814814814815,0.0109375,0.013888888888888888
4,0.17942708333333332,0.014814814814814815,0.015104166666666667,0.012962962962962963
4,0.18046875,0.005555555555555556,0.0140625,0.011111111111111112
4,0.04895833333333333,0.016203703703703703,0.014583333333333334,0.013888888888888888
4,0.09088541666666666,0.03009259259259259,0.0067708333333333336,0.021296296296296296
5,0.0984375,0.02962962962962963,0.007291666666666667,0.020370370370370372
4,0.0859375,0.0125,0.008333333333333333,0.017592592592592594
4,0.09322916666666667,0.010648148148148148,0.008333333333333333,0.019444444444444445
