1,0.04895833333333333,0.9444444444444444,0.035416666666666666,0.05555555555555555
1,0.13385416666666666,1.0078703703703704,0.022916666666666665,0.06574074074074074
2,0.12421875,0.8925925925925926,0.025520833333333333,0.05185185185185185
2,0.13177083333333334,0.8805555555555555,0.017708333333333333,0.044444444444444446
10,0.12630208333333334,0.9111111111111111,0.0328125,0.07777777777777778
5,0.22838541666666667,1.2472222222222222,0.15677083333333333,0.1685185185185185
5,0.03333333333333333,1.0967592592592592,0.06666666666666667,0.225
4,0.71953125,1.2722222222222221,0.1640625,0.1648148148148148
4,0.8575520833333333,1.349074074074074,0.18072916666666666,0.07962962962962963
5,0.8638020833333333,0.43148148148148147,0.08697916666666666,0.07777777777777778
4,0.9671875,0.46111111111111114,0.0875,0.07037037037037037
10,1.0333333333333334,0.4837962962962963,0.016666666666666666,0.03611111111111111
1,1.0106770833333334,0.5138888888888888,0.025520833333333333,0.046296296296296294
2,0.9768229166666667,0.5222222222222223,0.028645833333333332,0.046296296296296294
3,0.9778645833333334,0.5324074074074074,0.0359375,0.03518518518518519
10,0.8268229166666666,0.3763888888888889,0.024479166666666666,0.03981481481481482
1,0.7536458333333333,0.39537037037037037,0.011458333333333333,0.04814814814814815
1,0.7635416666666667,0.4023148148148148,0.010416666666666666,0.04351851851851852
1,0.765625,0.4125,0.013541666666666667,0.04722222222222222
1,0.753125,0.412962962962963,0.014583333333333334,0.05
5,0.5111979166666667,0.49907407407407406,0.07135416666666666,0.08518518518518518
5,0.46041666666666664,0.5439814814814815,0.08020833333333334,0.10277777777777777
4,0.24192708333333332,0.41759259259259257,0.0484375,0.07777777777777778
4,0.15677083333333333,0.5097222222222222,0.08229166666666667,0.09537037037037037
4,0.19895833333333332,0.5319444444444444,0.084375,0.09166666666666666
5,0.09010416666666667,0.23194444444444445,0.042708333333333334,0.049074074074074076
5,0.05625,0.2564814814814815,0.051041666666666666,0.06111111111111111
5,0.0828125,0.2722222222222222,0.042708333333333334,0.05555555555555555
5,0.10338541666666666,0.287962962962963,0.0546875,0.06666666666666667
5,0.02265625,0.30185185185185187,0.0453125,0.06111111111111111
6,0.06432291666666666,0.3162037037037037,0.0609375,0.062037037037037036
5,0.53203125,0.1300925925925926,0.03802083333333333,0.04722222222222222
5,0.5690104166666666,0.10324074074074074,0.03697916666666667,0.04537037037037037
1,0.12083333333333333,0.23564814814814813,0.007291666666666667,0.028703703703703703
1,0.13515625,0.22546296296296298,0.005729166666666666,0.028703703703703703
1,0.14114583333333333,0.22453703703703703,0.008333333333333333,0.028703703703703703
1,0.04479166666666667,0.19305555555555556,0.011458333333333333,0.03611111111111111
2,0.05703125,0.19768518518518519,0.0078125,0.025
1,0.025520833333333333,0.3148148148148148,0.016666666666666666,0.044444444444444446
1,0.026822916666666665,0.325,0.008854166666666666,0.022222222222222223
1,0.0328125,0.5171296296296296,0.025,0.049074074074074076
1,0.053385416666666664,0.5226851851851851,0.016145833333333335,0.04722222222222222
2,0.20104166666666667,0.5782407407407407,0.01875,0.04537037037037037
1,0.25026041666666665,0.44305555555555554,0.013020833333333334,0.049074074074074076
1,0.25885416666666666,0.43657407407407406,0.011458333333333333,0.04351851851851852
2,0.25338541666666664,0.425,0.0046875,0.020370370370370372
1,0.29739583333333336,0.44907407407407407,0.009375,0.037037037037037035
1,0.3390625,0.33240740740740743,0.011458333333333333,0.04259259259259259
1,0.3346354166666667,0.3263888888888889,0.0109375,0.04722222222222222
1,0.30364583333333334,0.32407407407407407,0.010416666666666666,0.040740740740740744
2,0.31354166666666666,0.3402777777777778,0.011458333333333333,0.026851851851851852
1,0.2955729166666667,0.30925925925925923,0.011979166666666667,0.03888888888888889
1,0.36354166666666665,0.3194444444444444,0.008333333333333333,0.04259259259259259
1,0.38203125,0.2953703703703704,0.005729166666666666,0.027777777777777776
1,0.42864583333333334,0.2810185185185185,0.009375,0.03611111111111111
1,0.4359375,0.2638888888888889,0.007291666666666667,0.044444444444444446
1,0.45026041666666666,0.25046296296296294,0.005729166666666666,0.03796296296296296
1,0.5502604166666667,0.33425925925925926,0.005729166666666666,0.040740740740740744
1,0.39557291666666666,0.24444444444444444,0.008854166666666666,0.03888888888888889
1,0.40729166666666666,0.2,0.007291666666666667,0.03333333333333333
1,0.43515625,0.20555555555555555,0.0046875,0.024074074074074074
1,0.4401041666666667,0.19814814814814816,0.007291666666666667,0.03888888888888889
1,0.45625,0.25046296296296294,0.008333333333333333,0.028703703703703703
1,0.42291666666666666,0.23842592592592593,0.007291666666666667,0.03796296296296296
1,0.41484375,0.24444444444444444,0.005729166666666666,0.040740740740740744
1,0.4934895833333333,0.12175925925925926,0.0067708333333333336,0.03425925925925926
1,0.50234375,0.12638888888888888,0.0067708333333333336,0.032407407407407406
1,0.5794270833333334,0.06388888888888888,0.005729166666666666,0.027777777777777776
1,0.57421875,0.06157407407407407,0.005729166666666666,0.030555555555555555
1,0.5755208333333334,0.08009259259259259,0.004166666666666667,0.019444444444444445
1,0.6015625,0.3490740740740741,0.010416666666666666,0.040740740740740744
1,0.6807291666666667,0.36435185185185187,0.008333333333333333,0.04537037037037037
1,0.6940104166666666,0.36574074074074076,0.008854166666666666,0.046296296296296294
2,0.7223958333333333,0.39166666666666666,0.0125,0.02962962962962963
2,0.6567708333333333,0.36064814814814816,0.014583333333333334,0.03425925925925926
2,0.36171875,0.27037037037037037,0.0109375,0.03333333333333333
2,0.44817708333333334,0.2875,0.009895833333333333,0.03981481481481482
2,0.28828125,0.2865740740740741,0.011979166666666667,0.028703703703703703
1,0.57890625,0.32916666666666666,0.0078125,0.03425925925925926
1,0.25885416666666666,0.3333333333333333,0.015625,0.03888888888888889
1,0.23723958333333334,0.3662037037037037,0.011979166666666667,0.03611111111111111
1,0.2421875,0.2574074074074074,0.010416666666666666,0.03333333333333333
1,0.259375,0.26481481481481484,0.009375,0.03333333333333333
1,0.35546875,0.25324074074074077,0.0078125,0.03611111111111111
1,0.3619791666666667,0.24861111111111112,0.008333333333333333,0.03981481481481482
1,0.48671875,0.32546296296296295,0.0067708333333333336,0.03611111111111111
1,0.5018229166666667,0.33101851851851855,0.0078125,0.03611111111111111
1,0.5317708333333333,0.33611111111111114,0.007291666666666667,0.04259259259259259
1,0.5424479166666667,0.3416666666666667,0.0078125,0.03333333333333333
1,0.6114583333333333,0.3398148148148148,0.007291666666666667,0.040740740740740744
1,0.6364583333333333,0.37916666666666665,0.008333333333333333,0.03981481481481482
1,0.6447916666666667,0.3726851851851852,0.008333333333333333,0.04537037037037037
1,0.4432291666666667,0.15046296296296297,0.007291666666666667,0.03425925925925926
2,0.4984375,0.10185185185185185,0.005208333333333333,0.024074074074074074
1,0.51875,0.12129629629629629,0.00625,0.02962962962962963
2,0.40598958333333335,0.23425925925925925,0.0078125,0.027777777777777776
2,0.4122395833333333,0.23055555555555557,0.0067708333333333336,0.02962962962962963
2,0.44921875,0.20416666666666666,0.009895833333333333,0.032407407407407406
2,0.4705729166666667,0.21805555555555556,0.008854166666666666,0.028703703703703703
2,0.47161458333333334,0.21712962962962962,0.0046875,0.019444444444444445
2,0.40208333333333335,0.2759259259259259,0.011458333333333333,0.037037037037037035
1,0.30026041666666664,0.28425925925925927,0.008854166666666666,0.03333333333333333
1,0.30026041666666664,0.2986111111111111,0.011979166666666667,0.030555555555555555
1,0.38177083333333334,0.2865740740740741,0.007291666666666667,0.03796296296296296
1,0.4296875,0.26296296296296295,0.007291666666666667,0.037037037037037035
2,0.44635416666666666,0.22037037037037038,0.007291666666666667,0.03148148148148148
1,0.2752604166666667,0.32592592592592595,0.0067708333333333336,0.02962962962962963
1,0.2828125,0.32222222222222224,0.007291666666666667,0.03333333333333333
2,0.5653645833333333,0.5782407407407407,0.0140625,0.04351851851851852
2,0.5786458333333333,0.5708333333333333,0.009375,0.026851851851851852
2,0.5651041666666666,0.5925925925925926,0.014583333333333334,0.03518518518518519
2,0.5791666666666667,0.5888888888888889,0.0125,0.03148148148148148
2,0.46901041666666665,0.6342592592592593,0.0171875,0.03333333333333333
7,0.6395833333333333,0.5398148148148149,0.05625,0.05555555555555555
7,0.7143229166666667,0.5717592592592593,0.058854166666666666,0.04722222222222222
10,0.5791666666666667,0.5282407407407408,0.01875,0.049074074074074076
10,0.5942708333333333,0.5328703703703703,0.017708333333333333,0.04722222222222222
10,0.40911458333333334,0.5171296296296296,0.022395833333333334,0.03796296296296296
10,0.3703125,0.5986111111111111,0.020833333333333332,0.05277777777777778
10,0.3651041666666667,0.6541666666666667,0.014583333333333334,0.05462962962962963
3,0.35390625,0.6393518518518518,0.016145833333333335,0.03796296296296296
10,0.4473958333333333,0.4532407407407407,0.03125,0.03425925925925926
3,0.86484375,0.39814814814814814,0.0109375,0.044444444444444446
3,0.6575520833333334,0.2972222222222222,0.0234375,0.025925925925925925
10,0.628125,0.34305555555555556,0.021875,0.03611111111111111
7,0.64140625,0.32083333333333336,0.022395833333333334,0.03611111111111111
7,0.6567708333333333,0.32592592592592595,0.019791666666666666,0.037037037037037035
10,0.35260416666666666,0.2833333333333333,0.011458333333333333,0.03148148148148148
10,0.28828125,0.2912037037037037,0.016145833333333335,0.019444444444444445
10,0.3953125,0.20879629629629629,0.016666666666666666,0.025
3,0.42161458333333335,0.20787037037037037,0.008854166666666666,0.028703703703703703
3,0.4171875,0.16898148148148148,0.019791666666666666,0.028703703703703703
3,0.35234375,0.24768518518518517,0.018229166666666668,0.028703703703703703
0,0.375,0.22361111111111112,0.009375,0.023148148148148147
3,0.5067708333333333,0.09490740740740741,0.010416666666666666,0.021296296296296296
0,0.5395833333333333,0.07546296296296297,0.019791666666666666,0.04537037037037037
0,0.553125,0.05740740740740741,0.034375,0.040740740740740744
0,0.56953125,0.03009259259259259,0.0265625,0.021296296296296296
1,0.5018229166666667,0.12268518518518519,0.005729166666666666,0.028703703703703703
10,0.41328125,0.23842592592592593,0.019270833333333334,0.025
10,0.40182291666666664,0.28425925925925927,0.015104166666666667,0.027777777777777776
10,0.44869791666666664,0.29398148148148145,0.015104166666666667,0.032407407407407406
10,0.2015625,0.5875,0.028125,0.04351851851851852
