4,0.0984375,0.08333333333333333,0.020833333333333332,0.022222222222222223
5,0.18723958333333332,0.09861111111111111,0.0234375,0.026851851851851852
4,0.34817708333333336,0.08472222222222223,0.0109375,0.03796296296296296
4,0.3229166666666667,0.2671296296296296,0.010416666666666666,0.03425925925925926
4,0.33177083333333335,0.387037037037037,0.009375,0.03888888888888889
4,0.35494791666666664,0.38055555555555554,0.009895833333333333,0.03888888888888889
4,0.35703125,0.4847222222222222,0.009895833333333333,0.03796296296296296
4,0.3932291666666667,0.9212962962962963,0.011458333333333333,0.037037037037037035
5,0.37552083333333336,0.8222222222222222,0.011458333333333333,0.037037037037037035
5,0.32890625,0.337037037037037,0.0109375,0.03518518518518519
9,0.3484375,0.23333333333333334,0.013541666666666667,0.1037037037037037
5,0.12604166666666666,0.5523148148148148,0.015625,0.03981481481481482
4,0.10520833333333333,0.6652777777777777,0.013541666666666667,0.03611111111111111
4,0.14166666666666666,0.6777777777777778,0.010416666666666666,0.037037037037037035
4,0.15286458333333333,0.6805555555555556,0.013020833333333334,0.04259259259259259
4,0.14166666666666666,0.5995370370370371,0.023958333333333335,0.023148148148148147
6,0.12734375,0.6731481481481482,0.022395833333333334,0.05740740740740741
6,0.08619791666666667,0.6509259259259259,0.019270833333333334,0.046296296296296294
10,0.18776041666666668,0.5796296296296296,0.0109375,0.009259259259259259
10,0.19557291666666668,0.5837962962962963,0.009895833333333333,0.012037037037037037
10,0.18828125,0.5930555555555556,0.0109375,0.010185185185185186
10,0.31588541666666664,0.6796296296296296,0.0078125,0.009259259259259259
10,0.31692708333333336,0.7111111111111111,0.009895833333333333,0.009259259259259259
10,0.3171875,0.7180555555555556,0.010416666666666666,0.006481481481481481
10,0.31744791666666666,0.7449074074074075,0.0109375,0.008333333333333333
10,0.31484375,0.924074074074074,0.0046875,0.020370370370370372
10,0.30963541666666666,0.9347222222222222,0.0046875,0.017592592592592594
7,0.28671875,0.8791666666666667,0.0067708333333333336,0.026851851851851852
7,0.31640625,0.8800925925925925,0.008854166666666666,0.026851851851851852
8,0.3177083333333333,0.850462962962963,0.005208333333333333,0.025
8,0.3184895833333333,0.8175925925925925,0.009895833333333333,0.02962962962962963
10,0.5591145833333333,0.23055555555555557,0.0046875,0.016666666666666666
5,0.65546875,0.4351851851851852,0.016145833333333335,0.03518518518518519
4,0.6822916666666666,0.6222222222222222,0.020833333333333332,0.03148148148148148
10,0.5627604166666667,0.8550925925925926,0.0046875,0.017592592592592594
1,0.32786458333333335,0.9467592592592593,0.0026041666666666665,0.010185185185185186
1,0.34427083333333336,0.9652777777777778,0.003125,0.010185185185185186
1,0.3453125,0.9412037037037037,0.003125,0.010185185185185186
10,0.3640625,0.9393518518518519,0.004166666666666667,0.017592592592592594
1,0.3484375,0.924537037037037,0.003125,0.012037037037037037
10,0.35390625,0.8773148148148148,0.0046875,0.017592592592592594
1,0.34270833333333334,0.8875,0.003125,0.010185185185185186
1,0.340625,0.8916666666666667,0.0020833333333333333,0.011111111111111112
1,0.33958333333333335,0.8300925925925926,0.003125,0.010185185185185186
1,0.33880208333333334,0.8495370370370371,0.0026041666666666665,0.010185185185185186
1,0.3424479166666667,0.8444444444444444,0.0026041666666666665,0.009259259259259259
1,0.3450520833333333,0.850462962962963,0.0026041666666666665,0.008333333333333333
1,0.3421875,0.8546296296296296,0.0020833333333333333,0.007407407407407408
1,0.34479166666666666,0.8680555555555556,0.0020833333333333333,0.012037037037037037
1,0.3419270833333333,0.8708333333333333,0.0026041666666666665,0.010185185185185186
1,0.30859375,0.8791666666666667,0.0036458333333333334,0.010185185185185186
1,0.29322916666666665,0.8800925925925925,0.003125,0.010185185185185186
1,0.32916666666666666,0.737037037037037,0.003125,0.007407407407407408
1,0.33177083333333335,0.7356481481481482,0.003125,0.006481481481481481
1,0.3221354166666667,0.5087962962962963,0.0026041666666666665,0.006481481481481481
1,0.32473958333333336,0.5078703703703704,0.0026041666666666665,0.006481481481481481
1,0.30833333333333335,0.25324074074074077,0.003125,0.008333333333333333
1,0.3104166666666667,0.2523148148148148,0.0020833333333333333,0.006481481481481481
1,0.28463541666666664,0.16620370370370371,0.0046875,0.008333333333333333
1,0.3,0.1375,0.003125,0.008333333333333333
1,0.30130208333333336,0.13472222222222222,0.0026041666666666665,0.006481481481481481
1,0.175,0.12407407407407407,0.005208333333333333,0.012962962962962963
1,0.17395833333333333,0.11435185185185186,0.007291666666666667,0.012037037037037037
1,0.15859375,0.0712962962962963,0.0046875,0.009259259259259259
1,0.1671875,0.09166666666666666,0.003125,0.005555555555555556
1,0.17708333333333334,0.10555555555555556,0.005208333333333333,0.009259259259259259
1,0.17395833333333333,0.10416666666666667,0.0020833333333333333,0.006481481481481481
1,0.20833333333333334,0.15925925925925927,0.003125,0.009259259259259259
10,0.10989583333333333,0.1476851851851852,0.00625,0.013888888888888888
10,0.11432291666666666,0.14444444444444443,0.005729166666666666,0.012962962962962963
10,0.12552083333333333,0.14907407407407408,0.004166666666666667,0.011111111111111112
10,0.12994791666666666,0.1486111111111111,0.005729166666666666,0.012037037037037037
1,0.6934895833333333,0.5976851851851852,0.0078125,0.008333333333333333
1,0.684375,0.6787037037037037,0.008333333333333333,0.007407407407407408
1,0.6502604166666667,0.7861111111111111,0.0067708333333333336,0.012962962962962963
1,0.6432291666666666,0.861574074074074,0.005208333333333333,0.008333333333333333
1,0.64453125,0.8625,0.0078125,0.010185185185185186
1,0.6,0.9078703703703703,0.005208333333333333,0.010185185185185186
1,0.6010416666666667,0.9097222222222222,0.00625,0.013888888888888888
0,0.56796875,0.9587962962962963,0.021354166666666667,0.026851851851851852
