1,0.05572916666666667,0.1787037037037037,0.010416666666666666,0.024074074074074074
1,0.0515625,0.18287037037037038,0.005208333333333333,0.013888888888888888
1,0.046614583333333334,0.1763888888888889,0.008854166666666666,0.023148148148148147
2,0.21744791666666666,0.18333333333333332,0.005729166666666666,0.018518518518518517
2,0.25546875,0.17175925925925925,0.0036458333333333334,0.012037037037037037
2,0.25390625,0.1726851851851852,0.0067708333333333336,0.021296296296296296
1,0.28541666666666665,0.11851851851851852,0.007291666666666667,0.024074074074074074
1,0.29583333333333334,0.12314814814814815,0.00625,0.024074074074074074
3,0.31640625,0.11944444444444445,0.013020833333333334,0.020370370370370372
1,0.40859375,0.1175925925925926,0.0046875,0.024074074074074074
1,0.4046875,0.4740740740740741,0.009375,0.020370370370370372
10,0.3888020833333333,0.4842592592592593,0.016145833333333335,0.024074074074074074
10,0.38333333333333336,0.4685185185185185,0.017708333333333333,0.024074074074074074
10,0.3796875,0.45416666666666666,0.020833333333333332,0.021296296296296296
2,0.43984375,0.44722222222222224,0.0078125,0.014814814814814815
10,0.4401041666666667,0.4532407407407407,0.009375,0.04351851851851852
10,0.43255208333333334,0.40925925925925927,0.015104166666666667,0.02962962962962963
10,0.440625,0.4009259259259259,0.014583333333333334,0.02962962962962963
10,0.45026041666666666,0.39537037037037037,0.015104166666666667,0.02962962962962963
10,0.41822916666666665,0.5013888888888889,0.013541666666666667,0.03611111111111111
10,0.42942708333333335,0.4935185185185185,0.011979166666666667,0.03518518518518519
10,0.43854166666666666,0.48657407407407405,0.013541666666666667,0.03425925925925926
3,0.44427083333333334,0.4842592592592593,0.010416666666666666,0.025925925925925925
10,0.4546875,0.43657407407407406,0.017708333333333333,0.021296296296296296
10,0.4583333333333333,0.44907407407407407,0.017708333333333333,0.022222222222222223
10,0.4622395833333333,0.46111111111111114,0.021354166666666667,0.027777777777777776
10,0.46927083333333336,0.47453703703703703,0.017708333333333333,0.023148148148148147
10,0.4734375,0.48657407407407405,0.01875,0.030555555555555555
3,0.475,0.4976851851851852,0.014583333333333334,0.012037037037037037
10,0.4830729166666667,0.5050925925925925,0.019270833333333334,0.019444444444444445
3,0.4869791666666667,0.5138888888888888,0.011458333333333333,0.018518518518518517
10,0.490625,0.5222222222222223,0.01875,0.020370370370370372
10,0.4979166666666667,0.5337962962962963,0.01875,0.023148148148148147
10,0.50625,0.5476851851851852,0.021875,0.025
10,0.5114583333333333,0.5680555555555555,0.020833333333333332,0.026851851851851852
10,0.52421875,0.5768518518518518,0.0203125,0.037037037037037035
10,0.5541666666666667,0.6370370370370371,0.016666666666666666,0.037037037037037035
10,0.5395833333333333,0.3912037037037037,0.013541666666666667,0.028703703703703703
1,0.5380208333333333,0.3851851851851852,0.008333333333333333,0.027777777777777776
10,0.50703125,0.34305555555555556,0.013020833333333334,0.026851851851851852
10,0.5140625,0.33611111111111114,0.011458333333333333,0.025925925925925925
10,0.5229166666666667,0.33240740740740743,0.0125,0.027777777777777776
10,0.5390625,0.31805555555555554,0.013541666666666667,0.03425925925925926
10,0.5489583333333333,0.31574074074074077,0.013541666666666667,0.027777777777777776
10,0.5604166666666667,0.31296296296296294,0.013541666666666667,0.02962962962962963
10,0.5700520833333333,0.3143518518518518,0.015104166666666667,0.026851851851851852
10,0.5796875,0.31296296296296294,0.016666666666666666,0.02962962962962963
10,0.5864583333333333,0.3111111111111111,0.0125,0.02962962962962963
10,0.5934895833333333,0.3087962962962963,0.015104166666666667,0.025
10,0.6513020833333333,0.15601851851851853,0.0171875,0.021296296296296296
10,0.6596354166666667,0.19814814814814816,0.0203125,0.027777777777777776
10,0.6536458333333334,0.2064814814814815,0.015625,0.025925925925925925
10,0.6520833333333333,0.22777777777777777,0.017708333333333333,0.022222222222222223
10,0.6455729166666667,0.25092592592592594,0.016145833333333335,0.03148148148148148
10,0.6385416666666667,0.2625,0.011458333333333333,0.026851851851851852
2,0.5973958333333333,0.8518518518518519,0.011458333333333333,0.022222222222222223
10,0.5979166666666667,0.85,0.020833333333333332,0.03333333333333333
4,0.5908854166666667,0.9425925925925925,0.06822916666666666,0.05925925925925926
2,0.6768229166666667,0.5,0.005729166666666666,0.018518518518518517
10,0.67421875,0.49675925925925923,0.0234375,0.03425925925925926
10,0.6002604166666666,0.45787037037037037,0.016145833333333335,0.03981481481481482
4,0.615625,0.4162037037037037,0.04375,0.075
4,0.6552083333333333,0.36018518518518516,0.04895833333333333,0.06851851851851852
4,0.6877604166666667,0.35185185185185186,0.049479166666666664,0.06851851851851852
4,0.7127604166666667,0.3162037037037037,0.0328125,0.06944444444444445
4,0.6799479166666667,0.15925925925925927,0.03697916666666667,0.053703703703703705
4,0.7161458333333334,0.13148148148148148,0.026041666666666668,0.040740740740740744
