0,0.18697916666666667,0.1986111111111111,0.09270833333333334,0.13796296296296295
4,0.22109375,0.28379629629629627,0.005729166666666666,0.010185185185185186
4,0.22552083333333334,0.2902777777777778,0.007291666666666667,0.010185185185185186
4,0.22369791666666666,0.30648148148148147,0.0078125,0.012962962962962963
4,0.23046875,0.3050925925925926,0.0067708333333333336,0.01574074074074074
4,0.23776041666666667,0.30462962962962964,0.005729166666666666,0.011111111111111112
4,0.2375,0.31342592592592594,0.00625,0.012037037037037037
4,0.23697916666666666,0.33287037037037037,0.007291666666666667,0.012037037037037037
4,0.2421875,0.3263888888888889,0.007291666666666667,0.012037037037037037
4,0.24765625,0.33611111111111114,0.0067708333333333336,0.011111111111111112
4,0.24322916666666666,0.3453703703703704,0.008333333333333333,0.014814814814814815
4,0.25442708333333336,0.3509259259259259,0.0067708333333333336,0.012962962962962963
4,0.2513020833333333,0.3625,0.0067708333333333336,0.01574074074074074
4,0.24114583333333334,0.36527777777777776,0.008333333333333333,0.013888888888888888
4,0.2625,0.3699074074074074,0.007291666666666667,0.013888888888888888
4,0.2669270833333333,0.38055555555555554,0.0078125,0.016666666666666666
4,0.2598958333333333,0.3912037037037037,0.008333333333333333,0.012037037037037037
4,0.28072916666666664,0.38472222222222224,0.00625,0.012037037037037037
9,0.26953125,0.35833333333333334,0.016145833333333335,0.03148148148148148
9,0.24296875,0.29814814814814816,0.009895833333333333,0.022222222222222223
0,0.26536458333333335,0.31574074074074077,0.0203125,0.037037037037037035
4,0.32786458333333335,0.3458333333333333,0.015104166666666667,0.010185185185185186
4,0.2864583333333333,0.3972222222222222,0.009375,0.014814814814814815
4,0.27682291666666664,0.40370370370370373,0.0109375,0.014814814814814815
4,0.271875,0.4162037037037037,0.010416666666666666,0.017592592592592594
4,0.28567708333333336,0.41944444444444445,0.011979166666666667,0.016666666666666666
4,0.2994791666666667,0.42083333333333334,0.009375,0.01574074074074074
4,0.2875,0.45046296296296295,0.010416666666666666,0.019444444444444445
4,0.2994791666666667,0.449537037037037,0.0125,0.017592592592592594
4,0.30703125,0.4412037037037037,0.0109375,0.017592592592592594
4,0.3072916666666667,0.3939814814814815,0.009375,0.01574074074074074
4,0.31328125,0.4023148148148148,0.0078125,0.013888888888888888
4,0.31666666666666665,0.4078703703703704,0.008333333333333333,0.01574074074074074
4,0.321875,0.4166666666666667,0.010416666666666666,0.016666666666666666
4,0.3296875,0.4300925925925926,0.011458333333333333,0.017592592592592594
4,0.3453125,0.4583333333333333,0.0125,0.016666666666666666
4,0.35130208333333335,0.4722222222222222,0.009895833333333333,0.016666666666666666
4,0.3625,0.4875,0.013541666666666667,0.019444444444444445
4,0.37395833333333334,0.5009259259259259,0.013541666666666667,0.020370370370370372
5,0.32447916666666665,0.46805555555555556,0.0125,0.021296296296296296
4,0.31145833333333334,0.47685185185185186,0.013541666666666667,0.018518518518518517
4,0.3067708333333333,0.49537037037037035,0.013541666666666667,0.018518518518518517
4,0.3390625,0.5013888888888889,0.011458333333333333,0.019444444444444445
4,0.32838541666666665,0.5416666666666666,0.013020833333333334,0.020370370370370372
4,0.3421875,0.5365740740740741,0.014583333333333334,0.021296296296296296
4,0.37083333333333335,0.5592592592592592,0.014583333333333334,0.020370370370370372
4,0.359375,0.5740740740740741,0.014583333333333334,0.020370370370370372
4,0.37005208333333334,0.612037037037037,0.0140625,0.018518518518518517
4,0.396875,0.6129629629629629,0.014583333333333334,0.022222222222222223
4,0.4236979166666667,0.5722222222222222,0.018229166666666668,0.020370370370370372
4,0.4513020833333333,0.6171296296296296,0.0171875,0.021296296296296296
4,0.46171875,0.6342592592592593,0.018229166666666668,0.024074074074074074
5,0.48541666666666666,0.6773148148148148,0.01875,0.030555555555555555
4,0.49765625,0.7027777777777777,0.018229166666666668,0.027777777777777776
4,0.5177083333333333,0.7564814814814815,0.021875,0.02962962962962963
4,0.4309895833333333,0.6898148148148148,0.019270833333333334,0.027777777777777776
4,0.428125,0.7231481481481481,0.019791666666666666,0.02962962962962963
4,0.4596354166666667,0.774537037037037,0.021354166666666667,0.032407407407407406
2,0.45546875,0.6638888888888889,0.0078125,0.012962962962962963
2,0.46432291666666664,0.6611111111111111,0.0046875,0.014814814814814815
2,0.4703125,0.7060185185185185,0.005208333333333333,0.013888888888888888
2,0.4830729166666667,0.7,0.0046875,0.012962962962962963
2,0.49557291666666664,0.7402777777777778,0.0067708333333333336,0.019444444444444445
2,0.5302083333333333,0.8287037037037037,0.00625,0.020370370370370372
2,0.5471354166666667,0.8430555555555556,0.005729166666666666,0.017592592592592594
3,0.45625,0.6689814814814815,0.007291666666666667,0.01574074074074074
3,0.4640625,0.6662037037037037,0.007291666666666667,0.013888888888888888
3,0.47109375,0.7106481481481481,0.0067708333333333336,0.013888888888888888
3,0.48333333333333334,0.7037037037037037,0.00625,0.012962962962962963
3,0.49583333333333335,0.7444444444444445,0.009375,0.016666666666666666
3,0.5294270833333333,0.8314814814814815,0.008854166666666666,0.018518518518518517
3,0.5484375,0.8472222222222222,0.009375,0.016666666666666666
10,0.5716145833333334,0.812037037037037,0.009895833333333333,0.024074074074074074
4,0.5817708333333333,0.8629629629629629,0.026041666666666668,0.037037037037037035
10,0.6005208333333333,0.8800925925925925,0.008333333333333333,0.025
10,0.5783854166666667,0.8777777777777778,0.011979166666666667,0.024074074074074074
4,0.6125,0.9111111111111111,0.03333333333333333,0.04259259259259259
4,0.6408854166666667,0.9611111111111111,0.0359375,0.05
4,0.6700520833333333,1.0078703703703704,0.034895833333333334,0.05092592592592592
4,0.6989583333333333,1.0578703703703705,0.03854166666666667,0.058333333333333334
4,0.7390625,1.1296296296296295,0.042708333333333334,0.06666666666666667
4,0.7791666666666667,1.197685185185185,0.046875,0.0712962962962963
4,0.8234375,1.275462962962963,0.052083333333333336,0.08055555555555556
4,0.8778645833333333,1.3546296296296296,0.058854166666666666,0.06851851851851852
2,0.8080729166666667,1.3032407407407407,0.011979166666666667,0.019444444444444445
2,0.8143229166666667,1.3125,0.009895833333333333,0.019444444444444445
2,0.8072916666666666,1.3324074074074075,0.011458333333333333,0.03148148148148148
2,0.7864583333333334,1.2546296296296295,0.0125,0.025925925925925925
10,0.80625,1.336111111111111,0.016666666666666666,0.03888888888888889
10,0.809375,1.3074074074074074,0.01875,0.037037037037037035
3,0.7854166666666667,1.2587962962962962,0.017708333333333333,0.032407407407407406
3,0.821875,1.2361111111111112,0.016666666666666666,0.03333333333333333
3,0.8153645833333333,1.1513888888888888,0.013020833333333334,0.032407407407407406
4,0.5223958333333333,0.9537037037037037,0.029166666666666667,0.046296296296296294
4,0.53515625,1.200462962962963,0.03802083333333333,0.08425925925925926
4,0.45390625,1.0537037037037038,0.030729166666666665,0.06666666666666667
2,0.4934895833333333,1.337037037037037,0.008854166666666666,0.02962962962962963
3,0.49557291666666664,1.349537037037037,0.013020833333333334,0.032407407407407406
9,0.4309895833333333,1.2407407407407407,0.06510416666666667,0.1962962962962963
4,0.3380208333333333,0.9518518518518518,0.021875,0.05185185185185185
4,0.32864583333333336,0.9037037037037037,0.021875,0.04814814814814815
4,0.3143229166666667,0.8574074074074074,0.0203125,0.044444444444444446
5,0.30442708333333335,0.8175925925925925,0.018229166666666668,0.04814814814814815
2,0.3203125,0.7509259259259259,0.007291666666666667,0.020370370370370372
10,0.32135416666666666,0.7555555555555555,0.007291666666666667,0.018518518518518517
0,0.22265625,0.4759259259259259,0.024479166666666666,0.0962962962962963
1,0.24192708333333332,0.48657407407407405,0.005729166666666666,0.019444444444444445
1,0.26588541666666665,0.5768518518518518,0.0067708333333333336,0.020370370370370372
4,0.07786458333333333,0.5013888888888889,0.018229166666666668,0.019444444444444445
