3,0.44557291666666665,0.624537037037037,0.021354166666666667,0.023148148148148147
1,0.41744791666666664,0.4981481481481482,0.0078125,0.03333333333333333
1,0.475,0.4986111111111111,0.009375,0.021296296296296296
4,0.45,0.24212962962962964,0.035416666666666666,0.021296296296296296
4,0.5067708333333333,0.29768518518518516,0.013541666666666667,0.03611111111111111
8,0.49973958333333335,0.3662037037037037,0.0109375,0.03796296296296296
7,0.5583333333333333,0.4597222222222222,0.0125,0.041666666666666664
5,0.5963541666666666,0.5032407407407408,0.023958333333333335,0.062037037037037036
7,0.6119791666666666,0.6226851851851852,0.013541666666666667,0.06018518518518518
8,0.628125,0.6939814814814815,0.01875,0.06944444444444445
4,0.6791666666666667,0.5796296296296296,0.04375,0.044444444444444446
10,0.6708333333333333,0.49444444444444446,0.007291666666666667,0.024074074074074074
10,0.44036458333333334,0.3587962962962963,0.0203125,0.013888888888888888
10,0.44088541666666664,0.34444444444444444,0.021354166666666667,0.014814814814814815
10,0.4440104166666667,0.3824074074074074,0.009895833333333333,0.022222222222222223
10,0.4513020833333333,0.3976851851851852,0.0109375,0.023148148148148147
2,0.4979166666666667,0.49074074074074076,0.004166666666666667,0.022222222222222223
10,0.4981770833333333,0.4986111111111111,0.008854166666666666,0.026851851851851852
2,0.4934895833333333,0.9393518518518519,0.008854166666666666,0.03611111111111111
7,0.49270833333333336,0.9421296296296297,0.011458333333333333,0.06388888888888888
2,0.6059895833333333,0.8453703703703703,0.009895833333333333,0.02962962962962963
10,0.6046875,0.8495370370370371,0.009375,0.04351851851851852
8,0.6578125,0.9361111111111111,0.0375,0.07407407407407407
10,0.6361979166666667,0.5319444444444444,0.0171875,0.023148148148148147
10,0.6458333333333334,0.5212962962962963,0.017708333333333333,0.027777777777777776
10,0.6328125,0.5018518518518519,0.015625,0.020370370370370372
10,0.6192708333333333,0.4898148148148148,0.013541666666666667,0.020370370370370372
10,0.6622395833333333,0.4305555555555556,0.015104166666666667,0.018518518518518517
10,0.6598958333333333,0.42824074074074076,0.016666666666666666,0.017592592592592594
8,0.5348958333333333,0.16666666666666666,0.008333333333333333,0.022222222222222223
1,0.48802083333333335,0.22175925925925927,0.003125,0.019444444444444445
2,0.48776041666666664,0.1675925925925926,0.0036458333333333334,0.018518518518518517
3,0.48802083333333335,0.17175925925925925,0.003125,0.01574074074074074
8,0.51796875,0.02962962962962963,0.0046875,0.014814814814814815
5,0.525,0.016203703703703703,0.008333333333333333,0.019444444444444445
4,0.459375,0.14814814814814814,0.029166666666666667,0.018518518518518517
7,0.5200520833333333,0.06388888888888888,0.0046875,0.016666666666666666
