4,0.36432291666666666,0.8939814814814815,0.0546875,0.175
5,0.36484375,0.7319444444444444,0.0484375,0.12129629629629629
5,0.5119791666666667,0.7453703703703703,0.04791666666666667,0.15185185185185185
7,0.4869791666666667,0.9226851851851852,0.036458333333333336,0.11388888888888889
3,0.49114583333333334,0.9083333333333333,0.03125,0.07222222222222222
4,0.37057291666666664,0.5962962962962963,0.03802083333333333,0.11666666666666667
5,0.49453125,0.5851851851851851,0.0328125,0.10925925925925926
8,0.71171875,0.6152777777777778,0.05260416666666667,0.0712962962962963
4,0.384375,0.46944444444444444,0.0375,0.10555555555555556
5,0.4671875,0.375,0.03125,0.09074074074074075
4,0.425,0.3453703703703704,0.035416666666666666,0.07037037037037037
4,0.365625,0.31805555555555554,0.05416666666666667,0.07314814814814814
4,0.4518229166666667,0.2967592592592593,0.0296875,0.07314814814814814
4,0.4479166666666667,0.23703703703703705,0.026041666666666668,0.05185185185185185
4,0.40859375,0.26990740740740743,0.03177083333333333,0.058333333333333334
4,0.3703125,0.24675925925925926,0.027083333333333334,0.06944444444444445
4,0.40182291666666664,0.21064814814814814,0.025520833333333333,0.049074074074074076
4,0.43645833333333334,0.18888888888888888,0.040625,0.05740740740740741
1,0.44635416666666666,0.19537037037037036,0.009375,0.037037037037037035
4,0.40859375,0.16111111111111112,0.024479166666666666,0.04814814814814815
4,0.36744791666666665,0.1439814814814815,0.0421875,0.03981481481481482
4,0.36796875,0.11712962962962963,0.04114583333333333,0.03425925925925926
4,0.37864583333333335,0.08518518518518518,0.022916666666666665,0.046296296296296294
4,0.37447916666666664,0.05462962962962963,0.019791666666666666,0.03518518518518519
5,0.4,0.06574074074074074,0.022916666666666665,0.05925925925925926
4,0.39557291666666666,0.02962962962962963,0.018229166666666668,0.022222222222222223
4,0.42526041666666664,0.08425925925925926,0.021354166666666667,0.037037037037037035
4,0.4197916666666667,0.04537037037037037,0.020833333333333332,0.03333333333333333
4,0.4166666666666667,0.018055555555555554,0.019791666666666666,0.032407407407407406
1,0.35833333333333334,0.18472222222222223,0.008333333333333333,0.03425925925925926
1,0.3919270833333333,0.175,0.0067708333333333336,0.027777777777777776
1,0.40651041666666665,0.12222222222222222,0.0067708333333333336,0.03518518518518519
1,0.43333333333333335,0.12314814814814815,0.010416666666666666,0.03518518518518519
1,0.065625,0.32546296296296295,0.015625,0.03611111111111111
1,0.06692708333333333,0.3125,0.013020833333333334,0.028703703703703703
1,0.078125,0.33101851851851855,0.010416666666666666,0.021296296296296296
1,0.08671875,0.38842592592592595,0.016145833333333335,0.03425925925925926
1,0.09322916666666667,0.4050925925925926,0.010416666666666666,0.023148148148148147
1,0.09296875,0.42407407407407405,0.019270833333333334,0.044444444444444446
1,0.041666666666666664,0.4685185185185185,0.020833333333333332,0.044444444444444446
2,0.10286458333333333,0.2796296296296296,0.013020833333333334,0.027777777777777776
1,0.33697916666666666,0.37592592592592594,0.0125,0.04259259259259259
7,0.3328125,0.5916666666666667,0.019791666666666666,0.06851851851851852
1,0.3234375,0.5689814814814815,0.007291666666666667,0.026851851851851852
2,0.32916666666666666,0.5726851851851852,0.00625,0.017592592592592594
1,0.37786458333333334,0.1574074074074074,0.0078125,0.025925925925925925
2,0.3697916666666667,0.1685185185185185,0.007291666666666667,0.020370370370370372
3,0.3729166666666667,0.17407407407407408,0.020833333333333332,0.016666666666666666
10,0.41770833333333335,0.12037037037037036,0.017708333333333333,0.018518518518518517
10,0.41770833333333335,0.13796296296296295,0.015625,0.018518518518518517
2,0.41640625,0.11527777777777778,0.0109375,0.021296296296296296
7,0.43802083333333336,0.12314814814814815,0.021875,0.025925925925925925
3,0.46432291666666664,0.1111111111111111,0.016145833333333335,0.018518518518518517
1,0.46640625,0.10972222222222222,0.0067708333333333336,0.03611111111111111
2,0.28567708333333336,0.12962962962962962,0.008854166666666666,0.025925925925925925
10,0.2872395833333333,0.14074074074074075,0.022395833333333334,0.018518518518518517
10,0.06510416666666667,0.27824074074074073,0.013541666666666667,0.03425925925925926
10,0.051041666666666666,0.2638888888888889,0.011458333333333333,0.040740740740740744
10,0.0640625,0.2569444444444444,0.0125,0.030555555555555555
1,0.16458333333333333,0.2125,0.011458333333333333,0.028703703703703703
1,0.159375,0.2300925925925926,0.013541666666666667,0.03425925925925926
3,0.04348958333333333,0.262037037037037,0.015104166666666667,0.03888888888888889
0,0.016666666666666666,0.2638888888888889,0.03229166666666667,0.04814814814814815
10,0.1109375,0.40555555555555556,0.015625,0.040740740740740744
10,0.35911458333333335,0.42916666666666664,0.016145833333333335,0.03611111111111111
5,0.5427083333333333,0.1287037037037037,0.059375,0.05185185185185185
4,0.4875,0.11851851851851852,0.041666666666666664,0.03148148148148148
4,0.4825520833333333,0.1527777777777778,0.0484375,0.037037037037037035
8,0.4453125,0.05416666666666667,0.023958333333333335,0.06018518518518518
8,0.47213541666666664,0.05787037037037037,0.024479166666666666,0.062037037037037036
1,0.5565104166666667,0.13842592592592592,0.0046875,0.028703703703703703
1,0.5658854166666667,0.14953703703703702,0.0067708333333333336,0.032407407407407406
0,0.6119791666666666,0.11990740740740741,0.04375,0.10277777777777777
10,0.3692708333333333,0.028703703703703703,0.009375,0.024074074074074074
1,0.24765625,0.06527777777777778,0.005729166666666666,0.025
1,0.30859375,0.12037037037037036,0.008854166666666666,0.03518518518518519
1,0.29739583333333336,0.12037037037037036,0.010416666666666666,0.037037037037037035
2,0.31640625,0.15046296296296297,0.005729166666666666,0.025
1,0.35,0.09953703703703703,0.007291666666666667,0.026851851851851852
1,0.36276041666666664,0.10092592592592593,0.0067708333333333336,0.024074074074074074
1,0.36614583333333334,0.09537037037037037,0.005208333333333333,0.025925925925925925
1,0.38828125,0.1259259259259259,0.0067708333333333336,0.037037037037037035
2,0.440625,0.09027777777777778,0.007291666666666667,0.021296296296296296
10,0.440625,0.09814814814814815,0.010416666666666666,0.025925925925925925
