1,0.12838541666666667,0.038425925925925926,0.005729166666666666,0.01574074074074074
1,0.14921875,0.33194444444444443,0.0046875,0.019444444444444445
1,0.15494791666666666,0.3384259259259259,0.005729166666666666,0.01574074074074074
1,0.16145833333333334,0.3296296296296296,0.007291666666666667,0.012962962962962963
4,0.25494791666666666,0.031018518518518518,0.0171875,0.03981481481481482
4,0.1125,0.5805555555555556,0.03229166666666667,0.06666666666666667
4,0.46927083333333336,0.6986111111111111,0.025,0.06018518518518518
4,0.45625,0.5935185185185186,0.019791666666666666,0.05555555555555555
5,0.5013020833333334,0.5643518518518519,0.022395833333333334,0.06388888888888888
10,0.5677083333333334,0.6611111111111111,0.010416666666666666,0.025925925925925925
10,0.5760416666666667,0.6481481481481481,0.0125,0.022222222222222223
5,0.59609375,0.6055555555555555,0.024479166666666666,0.07222222222222222
5,0.6239583333333333,0.5291666666666667,0.022916666666666665,0.05648148148148148
5,0.63671875,0.487962962962963,0.025520833333333333,0.06666666666666667
5,0.6463541666666667,0.44675925925925924,0.023958333333333335,0.062037037037037036
5,0.6596354166666667,0.41574074074074074,0.025520833333333333,0.05925925925925926
11,0.6731770833333334,0.37962962962962965,0.0296875,0.046296296296296294
4,0.60859375,0.562037037037037,0.022395833333333334,0.06296296296296296
6,0.66484375,0.6578703703703703,0.059895833333333336,0.125
6,0.7046875,0.5078703703703704,0.04895833333333333,0.13055555555555556
5,0.721875,0.3236111111111111,0.014583333333333334,0.04722222222222222
5,0.70859375,0.30324074074074076,0.0265625,0.05092592592592592
4,0.6901041666666666,0.056018518518518516,0.023958333333333335,0.04351851851851852
4,0.6385416666666667,0.10740740740740741,0.021875,0.044444444444444446
5,0.58515625,0.04259259259259259,0.018229166666666668,0.046296296296296294
10,0.5765625,0.22546296296296298,0.008333333333333333,0.021296296296296296
2,0.5768229166666666,0.22175925925925927,0.0067708333333333336,0.012037037037037037
9,0.5994791666666667,0.2935185185185185,0.06145833333333333,0.14074074074074075
5,0.54296875,0.4476851851851852,0.0265625,0.05648148148148148
5,0.4828125,0.43796296296296294,0.022916666666666665,0.06111111111111111
10,0.43411458333333336,0.3902777777777778,0.0078125,0.025
2,0.43411458333333336,0.3875,0.005729166666666666,0.01574074074074074
9,0.4010416666666667,0.43333333333333335,0.028125,0.07962962962962963
6,0.4432291666666667,0.02638888888888889,0.019791666666666666,0.05277777777777778
5,0.5143229166666666,0.013888888888888888,0.0140625,0.027777777777777776
5,0.4010416666666667,0.19675925925925927,0.015625,0.04537037037037037
5,0.5278645833333333,0.22824074074074074,0.0171875,0.04351851851851852
4,0.4921875,0.22037037037037038,0.019791666666666666,0.04814814814814815
4,0.50859375,0.3125,0.0203125,0.05277777777777778
4,0.5247395833333334,0.3837962962962963,0.024479166666666666,0.05648148148148148
