4,0.36796875,0.275,0.0078125,0.016666666666666666
4,0.38255208333333335,0.22592592592592592,0.0067708333333333336,0.014814814814814815
4,0.4322916666666667,0.22546296296296298,0.00625,0.013888888888888888
4,0.42630208333333336,0.3194444444444444,0.008854166666666666,0.022222222222222223
4,0.44036458333333334,0.362962962962963,0.0109375,0.024074074074074074
4,0.3919270833333333,0.1476851851851852,0.0046875,0.008333333333333333
4,0.39557291666666666,0.10648148148148148,0.0046875,0.009259259259259259
4,0.39479166666666665,0.11666666666666667,0.004166666666666667,0.007407407407407408
4,0.39505208333333336,0.13564814814814816,0.0046875,0.008333333333333333
4,0.4239583333333333,0.14212962962962963,0.004166666666666667,0.010185185185185186
0,0.41119791666666666,0.0587962962962963,0.019270833333333334,0.05648148148148148
5,0.4453125,0.26990740740740743,0.009375,0.023148148148148147
5,0.43072916666666666,0.4388888888888889,0.011458333333333333,0.03518518518518519
5,0.37265625,0.22037037037037038,0.0067708333333333336,0.012962962962962963
5,0.4234375,0.12685185185185185,0.005208333333333333,0.011111111111111112
4,0.42890625,0.17453703703703705,0.005729166666666666,0.013888888888888888
9,0.40390625,0.20694444444444443,0.0067708333333333336,0.028703703703703703
6,0.4239583333333333,0.11435185185185186,0.004166666666666667,0.017592592592592594
6,0.42291666666666666,0.09953703703703703,0.00625,0.017592592592592594
9,0.42682291666666666,0.1550925925925926,0.0067708333333333336,0.017592592592592594
1,0.5057291666666667,0.5708333333333333,0.005208333333333333,0.019444444444444445
1,0.49713541666666666,0.5726851851851852,0.005729166666666666,0.019444444444444445
1,0.5002604166666667,0.575,0.0046875,0.018518518518518517
1,0.5080729166666667,0.5597222222222222,0.005729166666666666,0.019444444444444445
1,0.5096354166666667,0.662962962962963,0.005729166666666666,0.025925925925925925
1,0.4934895833333333,0.4847222222222222,0.0046875,0.017592592592592594
1,0.48802083333333335,0.48148148148148145,0.004166666666666667,0.014814814814814815
1,0.5057291666666667,0.2111111111111111,0.003125,0.011111111111111112
1,0.5145833333333333,0.24027777777777778,0.003125,0.012037037037037037
1,0.49895833333333334,0.19444444444444445,0.0020833333333333333,0.007407407407407408
1,0.5013020833333334,0.18888888888888888,0.0036458333333333334,0.011111111111111112
4,0.50390625,0.18009259259259258,0.018229166666666668,0.012037037037037037
1,0.31171875,0.4583333333333333,0.0046875,0.018518518518518517
1,0.3067708333333333,0.4550925925925926,0.005208333333333333,0.019444444444444445
1,0.3265625,0.36527777777777776,0.004166666666666667,0.013888888888888888
1,0.32708333333333334,0.3592592592592593,0.003125,0.012962962962962963
1,0.54921875,0.6046296296296296,0.005729166666666666,0.018518518518518517
1,0.03203125,0.6777777777777778,0.0067708333333333336,0.020370370370370372
1,0.03958333333333333,0.6842592592592592,0.005208333333333333,0.022222222222222223
0,0.37005208333333334,0.15324074074074073,0.0296875,0.025
0,0.44296875,0.14537037037037037,0.0078125,0.027777777777777776
0,0.4395833333333333,0.09166666666666666,0.008333333333333333,0.018518518518518517
10,0.39453125,0.1638888888888889,0.0026041666666666665,0.007407407407407408
1,0.39479166666666665,0.16296296296296298,0.0020833333333333333,0.005555555555555556
1,0.403125,0.22453703703703703,0.0020833333333333333,0.008333333333333333
10,0.40286458333333336,0.2273148148148148,0.0026041666666666665,0.010185185185185186
