1,0.5065104166666666,0.4152777777777778,0.0036458333333333334,0.012037037037037037
1,0.4609375,0.4615740740740741,0.004166666666666667,0.013888888888888888
1,0.44973958333333336,0.4083333333333333,0.0036458333333333334,0.012962962962962963
1,0.46197916666666666,0.40046296296296297,0.0020833333333333333,0.013888888888888888
1,0.48333333333333334,0.41712962962962963,0.003125,0.012037037037037037
1,0.48932291666666666,0.3888888888888889,0.0026041666666666665,0.009259259259259259
1,0.5018229166666667,0.4115740740740741,0.0036458333333333334,0.010185185185185186
1,0.4796875,0.37546296296296294,0.003125,0.012037037037037037
1,0.4713541666666667,0.39537037037037037,0.003125,0.011111111111111112
1,0.4234375,0.3824074074074074,0.005208333333333333,0.014814814814814815
1,0.41302083333333334,0.42824074074074076,0.003125,0.013888888888888888
1,0.3953125,0.4444444444444444,0.004166666666666667,0.014814814814814815
1,0.4158854166666667,0.46064814814814814,0.0036458333333333334,0.012037037037037037
1,0.41484375,0.4532407407407407,0.0026041666666666665,0.013888888888888888
1,0.44947916666666665,0.3990740740740741,0.0020833333333333333,0.011111111111111112
1,0.4713541666666667,0.38796296296296295,0.0020833333333333333,0.011111111111111112
1,0.5059895833333333,0.41064814814814815,0.0026041666666666665,0.012037037037037037
1,0.38177083333333334,0.42916666666666664,0.003125,0.012037037037037037
1,0.49635416666666665,0.3435185185185185,0.003125,0.011111111111111112
1,0.25807291666666665,0.26666666666666666,0.0026041666666666665,0.011111111111111112
1,0.26484375,0.2550925925925926,0.0026041666666666665,0.012037037037037037
1,0.25703125,0.25277777777777777,0.0026041666666666665,0.009259259259259259
1,0.2526041666666667,0.27175925925925926,0.0020833333333333333,0.012037037037037037
1,0.2552083333333333,0.2740740740740741,0.0020833333333333333,0.011111111111111112
0,0.240625,0.26990740740740743,0.013541666666666667,0.012037037037037037
1,0.36380208333333336,0.2796296296296296,0.0036458333333333334,0.011111111111111112
1,0.39557291666666666,0.28194444444444444,0.0026041666666666665,0.010185185185185186
1,0.39401041666666664,0.24537037037037038,0.0015625,0.009259259259259259
