5,0.4744791666666667,0.8296296296296296,0.10520833333333333,0.19444444444444445
4,0.509375,0.4722222222222222,0.05625,0.12407407407407407
4,0.4359375,0.08657407407407407,0.023958333333333335,0.04722222222222222
4,0.24453125,0.5180555555555556,0.06822916666666666,0.16203703703703703
4,0.346875,0.09722222222222222,0.028125,0.05185185185185185
4,0.3484375,0.05787037037037037,0.022916666666666665,0.03981481481481482
4,0.43984375,0.29814814814814816,0.033854166666666664,0.08148148148148149
5,0.43723958333333335,0.12962962962962962,0.022395833333333334,0.06111111111111111
5,0.31484375,0.20416666666666666,0.03697916666666667,0.06944444444444445
5,0.29739583333333336,0.2796296296296296,0.04375,0.08333333333333333
5,0.3296875,0.14027777777777778,0.029166666666666667,0.0787037037037037
5,0.3606770833333333,0.01712962962962963,0.022395833333333334,0.03425925925925926
5,0.27760416666666665,0.37453703703703706,0.052083333333333336,0.13240740740740742
4,0.19635416666666666,0.7129629629629629,0.09270833333333334,0.21666666666666667
1,0.33984375,0.5199074074074074,0.019270833333333334,0.06018518518518518
1,0.34713541666666664,0.4861111111111111,0.015104166666666667,0.053703703703703705
2,0.39817708333333335,0.2847222222222222,0.013020833333333334,0.04537037037037037
3,0.3966145833333333,0.29814814814814816,0.009895833333333333,0.040740740740740744
1,0.3098958333333333,0.325,0.011458333333333333,0.04814814814814815
8,0.44140625,0.5773148148148148,0.030729166666666665,0.10462962962962963
3,0.43333333333333335,0.5092592592592593,0.014583333333333334,0.06481481481481481
1,0.3651041666666667,0.1037037037037037,0.009375,0.04259259259259259
1,0.3802083333333333,0.027314814814814816,0.007291666666666667,0.03425925925925926
1,0.44088541666666664,0.05,0.0067708333333333336,0.03148148148148148
1,0.6802083333333333,0.9587962962962963,0.03854166666666667,0.026851851851851852
4,0.6684895833333333,0.5212962962962963,0.06822916666666666,0.1685185185185185
