1,0.14505208333333333,0.8944444444444445,0.0140625,0.04259259259259259
1,0.15885416666666666,0.8912037037037037,0.0125,0.041666666666666664
1,0.045572916666666664,0.8759259259259259,0.018229166666666668,0.025925925925925925
1,0.04739583333333333,0.8662037037037037,0.021875,0.023148148148148147
1,0.07369791666666667,0.8203703703703704,0.013020833333333334,0.025925925925925925
1,0.06979166666666667,0.7694444444444445,0.020833333333333332,0.04259259259259259
1,0.0640625,0.7407407407407407,0.017708333333333333,0.03333333333333333
4,0.059375,0.6361111111111111,0.07083333333333333,0.05555555555555555
4,0.08020833333333334,0.5953703703703703,0.05,0.04814814814814815
4,0.10598958333333333,0.5444444444444444,0.0546875,0.040740740740740744
4,0.1265625,0.5106481481481482,0.04375,0.041666666666666664
4,0.140625,0.475462962962963,0.03854166666666667,0.03796296296296296
4,0.15208333333333332,0.45046296296296295,0.03854166666666667,0.03425925925925926
1,0.33229166666666665,0.6027777777777777,0.007291666666666667,0.022222222222222223
1,0.4674479166666667,0.6101851851851852,0.008854166666666666,0.03148148148148148
10,0.17369791666666667,0.47129629629629627,0.011979166666666667,0.027777777777777776
2,0.17239583333333333,0.4671296296296296,0.009375,0.01574074074074074
2,0.17369791666666667,0.4652777777777778,0.008854166666666666,0.01574074074074074
2,0.17473958333333334,0.462037037037037,0.009895833333333333,0.018518518518518517
1,0.18932291666666667,0.425,0.0078125,0.02962962962962963
4,0.1671875,0.42453703703703705,0.03958333333333333,0.03425925925925926
4,0.17578125,0.4027777777777778,0.043229166666666666,0.02962962962962963
5,0.184375,0.37777777777777777,0.03854166666666667,0.03518518518518519
1,0.20677083333333332,0.3712962962962963,0.007291666666666667,0.025925925925925925
1,0.19817708333333334,0.3675925925925926,0.005729166666666666,0.022222222222222223
1,0.18828125,0.3578703703703704,0.0067708333333333336,0.017592592592592594
0,0.1859375,0.33425925925925926,0.014583333333333334,0.020370370370370372
1,0.24869791666666666,0.337037037037037,0.0067708333333333336,0.022222222222222223
1,0.24192708333333332,0.33101851851851855,0.005729166666666666,0.025
1,0.240625,0.32592592592592595,0.00625,0.022222222222222223
1,0.26223958333333336,0.350462962962963,0.005729166666666666,0.023148148148148147
1,0.26666666666666666,0.35138888888888886,0.005208333333333333,0.025
1,0.26979166666666665,0.3527777777777778,0.005208333333333333,0.024074074074074074
1,0.2838541666666667,0.38333333333333336,0.00625,0.025925925925925925
1,0.28854166666666664,0.38842592592592595,0.005208333333333333,0.028703703703703703
1,0.29296875,0.3972222222222222,0.0067708333333333336,0.027777777777777776
1,0.26067708333333334,0.324537037037037,0.005729166666666666,0.019444444444444445
1,0.26588541666666665,0.3263888888888889,0.0067708333333333336,0.021296296296296296
4,0.22890625,0.2865740740740741,0.033854166666666664,0.025
1,0.334375,0.28564814814814815,0.004166666666666667,0.021296296296296296
1,0.3377604166666667,0.2851851851851852,0.0046875,0.020370370370370372
1,0.36614583333333334,0.22962962962962963,0.003125,0.016666666666666666
1,0.36822916666666666,0.22916666666666666,0.004166666666666667,0.017592592592592594
1,0.37057291666666664,0.23055555555555557,0.0036458333333333334,0.018518518518518517
1,0.3828125,0.23055555555555557,0.004166666666666667,0.018518518518518517
1,0.38671875,0.22962962962962963,0.0036458333333333334,0.018518518518518517
1,0.38958333333333334,0.23564814814814813,0.004166666666666667,0.019444444444444445
1,0.3953125,0.23657407407407408,0.004166666666666667,0.019444444444444445
1,0.38359375,0.2212962962962963,0.0026041666666666665,0.016666666666666666
1,0.38619791666666664,0.22175925925925927,0.0036458333333333334,0.019444444444444445
1,0.4109375,0.20833333333333334,0.004166666666666667,0.016666666666666666
1,0.41458333333333336,0.20833333333333334,0.004166666666666667,0.018518518518518517
1,0.41171875,0.19768518518518519,0.0036458333333333334,0.013888888888888888
1,0.4153645833333333,0.19814814814814816,0.0036458333333333334,0.016666666666666666
0,0.42265625,0.1884259259259259,0.009895833333333333,0.025
1,0.4278645833333333,0.1699074074074074,0.0036458333333333334,0.01574074074074074
1,0.4317708333333333,0.16898148148148148,0.003125,0.013888888888888888
1,0.43385416666666665,0.16898148148148148,0.003125,0.013888888888888888
1,0.44088541666666664,0.17083333333333334,0.0026041666666666665,0.01574074074074074
1,0.4510416666666667,0.14907407407407408,0.003125,0.012962962962962963
1,0.4549479166666667,0.15092592592592594,0.0026041666666666665,0.011111111111111112
1,0.45677083333333335,0.15,0.003125,0.011111111111111112
1,0.4278645833333333,0.13425925925925927,0.0026041666666666665,0.012962962962962963
0,0.46197916666666666,0.13055555555555556,0.021875,0.02962962962962963
5,0.5744791666666667,0.11435185185185186,0.0125,0.017592592592592594
1,0.540625,0.058333333333333334,0.003125,0.009259259259259259
1,0.57578125,0.13425925925925927,0.0036458333333333334,0.012962962962962963
1,0.5802083333333333,0.13703703703703704,0.004166666666666667,0.012962962962962963
1,0.61015625,0.14027777777777778,0.0036458333333333334,0.012037037037037037
1,0.6130208333333333,0.14305555555555555,0.003125,0.013888888888888888
0,0.6651041666666667,0.16527777777777777,0.071875,0.06388888888888888
1,0.60078125,0.08842592592592592,0.0036458333333333334,0.008333333333333333
1,0.6200520833333333,0.07592592592592592,0.0036458333333333334,0.011111111111111112
1,0.6333333333333333,0.08101851851851852,0.003125,0.010185185185185186
1,0.6348958333333333,0.07962962962962963,0.003125,0.009259259259259259
1,0.6393229166666666,0.08935185185185185,0.0026041666666666665,0.010185185185185186
1,0.6408854166666667,0.07824074074074074,0.0036458333333333334,0.010185185185185186
1,0.65234375,0.07314814814814814,0.0026041666666666665,0.007407407407407408
1,0.6434895833333333,0.10138888888888889,0.005729166666666666,0.012037037037037037
1,0.6453125,0.1111111111111111,0.0020833333333333333,0.009259259259259259
1,0.6473958333333333,0.11157407407407408,0.003125,0.010185185185185186
1,0.64921875,0.11157407407407408,0.0026041666666666665,0.012037037037037037
5,0.6130208333333333,0.04861111111111111,0.010416666666666666,0.012037037037037037
4,0.6213541666666667,0.05185185185185185,0.007291666666666667,0.009259259259259259
4,0.7046875,0.5861111111111111,0.01875,0.027777777777777776
