5,0.3255208333333333,0.4986111111111111,0.0125,0.03611111111111111
9,0.33229166666666665,0.2902777777777778,0.025,0.05648148148148148
9,0.3067708333333333,0.287962962962963,0.020833333333333332,0.05740740740740741
9,0.40729166666666666,0.16620370370370371,0.026041666666666668,0.03981481481481482
9,0.44114583333333335,0.13564814814814816,0.025,0.03611111111111111
4,0.4622395833333333,0.2773148148148148,0.008854166666666666,0.025
6,0.41744791666666664,0.12916666666666668,0.024479166666666666,0.023148148148148147
6,0.271875,0.2800925925925926,0.010416666666666666,0.03425925925925926
11,0.44947916666666665,0.5111111111111111,0.071875,0.06481481481481481
11,0.584375,0.5282407407407408,0.035416666666666666,0.06944444444444445
11,0.5627604166666667,0.4652777777777778,0.050520833333333334,0.08611111111111111
11,0.6125,0.48564814814814816,0.01875,0.028703703703703703
9,0.051041666666666666,0.29074074074074074,0.05416666666666667,0.04814814814814815
9,0.21015625,0.44351851851851853,0.058854166666666666,0.040740740740740744
9,0.22578125,0.3962962962962963,0.015104166666666667,0.05
9,0.23255208333333333,0.34629629629629627,0.011979166666666667,0.05185185185185185
9,0.24739583333333334,0.28935185185185186,0.009375,0.03796296296296296
9,0.27890625,0.34074074074074073,0.015104166666666667,0.05740740740740741
