4,0.35442708333333334,0.475,0.0703125,0.06851851851851852
4,0.2760416666666667,0.4388888888888889,0.06145833333333333,0.06666666666666667
4,0.29765625,0.36018518518518516,0.0296875,0.1
4,0.24869791666666666,0.3435185185185185,0.03177083333333333,0.08518518518518518
4,0.19791666666666666,0.31296296296296294,0.028125,0.07037037037037037
4,0.15078125,0.35324074074074074,0.050520833333333334,0.05648148148148148
4,0.09895833333333333,0.31805555555555554,0.052083333333333336,0.05648148148148148
4,0.0484375,0.29212962962962963,0.046875,0.04722222222222222
4,0.4393229166666667,0.5189814814814815,0.07135416666666666,0.0787037037037037
4,0.3770833333333333,0.40324074074074073,0.035416666666666666,0.08981481481481482
4,0.43776041666666665,0.43657407407407406,0.03697916666666667,0.10648148148148148
4,0.5182291666666666,0.575462962962963,0.08333333333333333,0.08611111111111111
4,0.5213541666666667,0.48518518518518516,0.06979166666666667,0.08703703703703704
4,0.49583333333333335,0.44722222222222224,0.06666666666666667,0.07222222222222222
4,0.6408854166666667,0.524074074074074,0.07447916666666667,0.07777777777777778
4,0.6533854166666667,0.3453703703703704,0.034895833333333334,0.08703703703703704
4,0.5903645833333333,0.3199074074074074,0.034895833333333334,0.0787037037037037
4,0.4627604166666667,0.2671296296296296,0.030729166666666665,0.06574074074074074
4,0.3880208333333333,0.23425925925925925,0.04791666666666667,0.053703703703703705
4,0.3953125,0.20277777777777778,0.052083333333333336,0.05
4,0.17395833333333333,0.1685185185185185,0.03958333333333333,0.05
4,0.15338541666666666,0.16342592592592592,0.0328125,0.041666666666666664
4,0.04401041666666667,0.11342592592592593,0.03802083333333333,0.04351851851851852
4,0.02734375,0.10277777777777777,0.0359375,0.04814814814814815
4,0.12552083333333333,0.26481481481481484,0.04791666666666667,0.05925925925925926
4,0.10286458333333333,0.2439814814814815,0.03697916666666667,0.062037037037037036
4,0.07734375,0.24953703703703703,0.04114583333333333,0.05648148148148148
4,0.044270833333333336,0.22870370370370371,0.03958333333333333,0.05
4,0.023697916666666666,0.21666666666666667,0.044270833333333336,0.05185185185185185
5,0.20755208333333333,0.39537037037037037,0.05364583333333333,0.05925925925925926
5,0.43984375,0.24722222222222223,0.030729166666666665,0.06666666666666667
5,0.0671875,0.22685185185185186,0.042708333333333334,0.046296296296296294
4,0.0921875,0.11944444444444445,0.03854166666666667,0.04259259259259259
4,0.37395833333333334,0.25972222222222224,0.05520833333333333,0.05462962962962963
4,0.5901041666666667,0.4949074074074074,0.06770833333333333,0.08611111111111111
4,0.63125,0.6287037037037037,0.103125,0.09814814814814815
4,0.34010416666666665,0.37453703703703706,0.034375,0.08611111111111111
4,0.15703125,0.2902777777777778,0.0328125,0.06759259259259259
4,0.013541666666666667,0.2652777777777778,0.027083333333333334,0.05277777777777778
4,0.7013020833333333,0.5731481481481482,0.05572916666666667,0.07962962962962963
4,0.7208333333333333,0.3699074074074074,0.016666666666666666,0.0824074074074074
2,0.6940104166666666,0.7101851851851851,0.021354166666666667,0.05185185185185185
4,0.016145833333333335,0.8888888888888888,0.03229166666666667,0.1111111111111111
4,0.059375,0.9476851851851852,0.08020833333333334,0.049074074074074076
1,0.50703125,0.3976851851851852,0.009895833333333333,0.041666666666666664
1,0.19375,0.13703703703703704,0.008333333333333333,0.03333333333333333
10,0.13854166666666667,0.11527777777777778,0.0125,0.023148148148148147
10,0.23645833333333333,0.16898148148148148,0.0125,0.025
3,0.17734375,0.12777777777777777,0.011979166666666667,0.022222222222222223
3,0.21458333333333332,0.14212962962962963,0.007291666666666667,0.023148148148148147
3,0.20859375,0.13796296296296295,0.0067708333333333336,0.024074074074074074
3,0.25104166666666666,0.1527777777777778,0.011458333333333333,0.025925925925925925
3,0.23854166666666668,0.14953703703703702,0.013541666666666667,0.026851851851851852
10,0.22291666666666668,0.13935185185185187,0.010416666666666666,0.021296296296296296
5,0.19921875,0.24166666666666667,0.03697916666666667,0.04814814814814815
4,0.0140625,0.10462962962962963,0.028125,0.037037037037037035
