1,0.8484375,1.162037037037037,0.017708333333333333,0.03888888888888889
4,0.8067708333333333,1.1041666666666667,0.05,0.16944444444444445
10,0.7940104166666667,0.9805555555555555,0.0265625,0.03888888888888889
4,0.7807291666666667,0.8472222222222222,0.042708333333333334,0.12962962962962962
4,0.7161458333333334,0.6101851851851852,0.034375,0.08333333333333333
4,0.7270833333333333,0.3907407407407407,0.035416666666666666,0.09444444444444444
4,0.7005208333333334,0.20879629629629629,0.028125,0.06574074074074074
5,0.75078125,0.5041666666666667,0.030729166666666665,0.10462962962962963
1,0.7580729166666667,0.34814814814814815,0.0109375,0.04259259259259259
1,0.76640625,0.35,0.009895833333333333,0.03888888888888889
1,0.7283854166666667,0.12916666666666668,0.0109375,0.041666666666666664
1,0.6526041666666667,0.11342592592592593,0.00625,0.030555555555555555
2,0.6643229166666667,0.12129629629629629,0.0067708333333333336,0.016666666666666666
3,0.6640625,0.13240740740740742,0.00625,0.027777777777777776
3,0.6625,0.08888888888888889,0.00625,0.027777777777777776
2,0.6627604166666666,0.07777777777777778,0.0067708333333333336,0.024074074074074074
4,0.6880208333333333,0.12407407407407407,0.025,0.06481481481481481
4,0.6833333333333333,0.04861111111111111,0.022916666666666665,0.05648148148148148
4,0.6838541666666667,0.010185185185185186,0.015625,0.016666666666666666
4,0.1296875,1.3101851851851851,0.06458333333333334,0.1574074074074074
4,0.19765625,0.9388888888888889,0.05572916666666667,0.16111111111111112
4,0.23697916666666666,0.7587962962962963,0.046875,0.13240740740740742
4,0.26640625,0.5736111111111111,0.0421875,0.09722222222222222
4,0.2875,0.46296296296296297,0.036458333333333336,0.09444444444444444
4,0.30885416666666665,0.3726851851851852,0.034375,0.09907407407407408
4,0.38828125,0.4666666666666667,0.03697916666666667,0.12222222222222222
4,0.45,0.2361111111111111,0.034375,0.09444444444444444
4,0.3419270833333333,0.17407407407407408,0.028645833333333332,0.06296296296296296
4,0.35572916666666665,0.10092592592592593,0.030208333333333334,0.07222222222222222
5,0.32317708333333334,0.25601851851851853,0.034895833333333334,0.11388888888888889
2,0.17682291666666666,1.2138888888888888,0.022395833333333334,0.04259259259259259
2,0.20572916666666666,1.2041666666666666,0.025,0.03425925925925926
2,0.2598958333333333,1.0333333333333334,0.026041666666666668,0.037037037037037035
3,0.18229166666666666,1.2162037037037037,0.022916666666666665,0.0712962962962963
3,0.20729166666666668,1.2055555555555555,0.019791666666666666,0.06111111111111111
3,0.2578125,1.037962962962963,0.015625,0.07592592592592592
1,0.165625,0.8138888888888889,0.014583333333333334,0.040740740740740744
