5,0.03125,0.032407407407407406,0.021875,0.022222222222222223
4,0.009635416666666667,0.11527777777777778,0.019270833333333334,0.023148148148148147
4,0.1609375,0.17592592592592593,0.026041666666666668,0.022222222222222223
4,0.24244791666666668,0.19027777777777777,0.0234375,0.019444444444444445
4,0.2520833333333333,0.23796296296296296,0.023958333333333335,0.022222222222222223
6,0.13098958333333333,0.40879629629629627,0.018229166666666668,0.05648148148148148
4,0.15625,0.475,0.011458333333333333,0.040740740740740744
1,0.19661458333333334,0.4134259259259259,0.0046875,0.008333333333333333
6,0.016927083333333332,0.5587962962962963,0.019270833333333334,0.05648148148148148
4,0.08463541666666667,0.562037037037037,0.011979166666666667,0.03888888888888889
5,0.13463541666666667,0.5726851851851852,0.013020833333333334,0.03981481481481482
4,0.14947916666666666,0.5731481481481482,0.0125,0.03888888888888889
4,0.171875,0.5777777777777777,0.011458333333333333,0.040740740740740744
10,0.22447916666666667,0.675,0.009375,0.009259259259259259
1,0.221875,0.6685185185185185,0.003125,0.007407407407407408
1,0.28932291666666665,0.42083333333333334,0.0036458333333333334,0.004629629629629629
2,0.30859375,0.46574074074074073,0.005729166666666666,0.005555555555555556
3,0.31197916666666664,0.4625,0.008333333333333333,0.004629629629629629
6,0.23645833333333333,0.4912037037037037,0.015625,0.05462962962962963
4,0.26458333333333334,0.49583333333333335,0.011458333333333333,0.041666666666666664
5,0.24635416666666668,0.600462962962963,0.010416666666666666,0.03425925925925926
5,0.2591145833333333,0.6032407407407407,0.009895833333333333,0.032407407407407406
5,0.3033854166666667,0.5060185185185185,0.0109375,0.049074074074074076
5,0.32890625,0.512962962962963,0.0109375,0.04259259259259259
4,0.315625,0.5097222222222222,0.009375,0.03796296296296296
4,0.37916666666666665,0.4666666666666667,0.011458333333333333,0.03888888888888889
4,0.35,0.5194444444444445,0.010416666666666666,0.040740740740740744
4,0.36302083333333335,0.5208333333333334,0.010416666666666666,0.041666666666666664
4,0.40546875,0.4671296296296296,0.0109375,0.041666666666666664
4,0.3880208333333333,0.5222222222222223,0.009375,0.04259259259259259
4,0.42552083333333335,0.5347222222222222,0.010416666666666666,0.04351851851851852
5,0.40234375,0.5287037037037037,0.009895833333333333,0.03518518518518519
5,0.515625,0.4361111111111111,0.025,0.027777777777777776
6,0.55546875,0.4388888888888889,0.033854166666666664,0.022222222222222223
6,0.5390625,0.49212962962962964,0.030208333333333334,0.025
6,0.5364583333333334,0.5555555555555556,0.016666666666666666,0.053703703703703705
4,0.50859375,0.5504629629629629,0.009895833333333333,0.03796296296296296
4,0.4596354166666667,0.5393518518518519,0.009895833333333333,0.03796296296296296
5,0.47161458333333334,0.5430555555555555,0.009895833333333333,0.03611111111111111
4,0.5609375,0.13564814814814816,0.021875,0.021296296296296296
4,0.48125,0.29768518518518516,0.021875,0.017592592592592594
4,0.5145833333333333,0.3074074074074074,0.021875,0.018518518518518517
4,0.5619791666666667,0.3148148148148148,0.021875,0.018518518518518517
4,0.5885416666666666,0.28055555555555556,0.020833333333333332,0.018518518518518517
5,0.5526041666666667,0.25601851851851853,0.022916666666666665,0.021296296296296296
5,0.5927083333333333,0.325,0.019791666666666666,0.016666666666666666
1,0.3614583333333333,0.07453703703703704,0.0020833333333333333,0.008333333333333333
5,0.35546875,0.1550925925925926,0.0234375,0.023148148148148147
4,0.21197916666666666,0.9476851851851852,0.008333333333333333,0.03425925925925926
4,0.31796875,0.9611111111111111,0.0109375,0.022222222222222223
4,0.34609375,0.9629629629629629,0.011979166666666667,0.018518518518518517
4,0.6677083333333333,0.9541666666666667,0.013541666666666667,0.03611111111111111
1,0.38203125,0.6824074074074075,0.0036458333333333334,0.007407407407407408
4,0.2708333333333333,0.6055555555555555,0.010416666666666666,0.040740740740740744
4,0.2838541666666667,0.6083333333333333,0.010416666666666666,0.04259259259259259
4,0.29739583333333336,0.6097222222222223,0.010416666666666666,0.041666666666666664
5,0.3098958333333333,0.6138888888888889,0.009375,0.03148148148148148
5,0.321875,0.6166666666666667,0.010416666666666666,0.03888888888888889
5,0.3567708333333333,0.6217592592592592,0.010416666666666666,0.03981481481481482
6,0.34296875,0.6212962962962963,0.009895833333333333,0.03518518518518519
5,0.4075520833333333,0.6314814814814815,0.009895833333333333,0.037037037037037035
5,0.453125,0.6430555555555556,0.010416666666666666,0.03611111111111111
5,0.5153645833333333,0.6541666666666667,0.009895833333333333,0.030555555555555555
5,0.5700520833333333,0.6773148148148148,0.011979166666666667,0.03425925925925926
5,0.478125,0.6476851851851851,0.011458333333333333,0.04351851851851852
4,0.4661458333333333,0.6453703703703704,0.011458333333333333,0.040740740740740744
1,0.5369791666666667,0.6231481481481481,0.004166666666666667,0.005555555555555556
1,0.60234375,0.6370370370370371,0.005729166666666666,0.005555555555555556
6,0.5890625,0.5699074074074074,0.016666666666666666,0.05648148148148148
8,0.6033854166666667,0.6087962962962963,0.0171875,0.012037037037037037
1,0.6166666666666667,0.6259259259259259,0.00625,0.005555555555555556
1,0.6263020833333334,0.6319444444444444,0.005729166666666666,0.004629629629629629
6,0.6700520833333333,0.16435185185185186,0.033854166666666664,0.030555555555555555
1,0.621875,0.16296296296296298,0.00625,0.009259259259259259
1,0.7080729166666667,0.2152777777777778,0.005729166666666666,0.006481481481481481
1,0.6708333333333333,0.25,0.004166666666666667,0.005555555555555556
4,0.4328125,0.6324074074074074,0.013541666666666667,0.046296296296296294
1,0.6393229166666666,0.44212962962962965,0.0067708333333333336,0.008333333333333333
7,0.6153645833333333,0.33425925925925926,0.022395833333333334,0.018518518518518517
5,0.6403645833333333,0.3236111111111111,0.019270833333333334,0.021296296296296296
6,0.6322916666666667,0.37916666666666665,0.014583333333333334,0.05648148148148148
0,0.6768229166666667,0.350462962962963,0.043229166666666666,0.05092592592592592
