1,0.93671875,1.0041666666666667,0.0067708333333333336,0.028703703703703703
1,0.9716145833333333,1.0194444444444444,0.0036458333333333334,0.022222222222222223
1,0.9716145833333333,0.975462962962963,0.0036458333333333334,0.019444444444444445
1,0.9638020833333333,0.9726851851851852,0.0036458333333333334,0.019444444444444445
1,0.9666666666666667,0.9708333333333333,0.003125,0.023148148148148147
1,0.96875,0.9643518518518519,0.005208333333333333,0.025
10,0.921875,0.9296296296296296,0.008333333333333333,0.016666666666666666
4,0.8802083333333334,0.9064814814814814,0.020833333333333332,0.020370370370370372
4,0.87578125,0.8333333333333334,0.018229166666666668,0.014814814814814815
0,0.85859375,0.9490740740740741,0.027604166666666666,0.03148148148148148
0,0.296875,0.8037037037037037,0.030208333333333334,0.040740740740740744
0,0.60078125,0.7777777777777778,0.05260416666666667,0.03333333333333333
0,0.5731770833333333,0.8592592592592593,0.009895833333333333,0.022222222222222223
0,0.4390625,0.7787037037037037,0.014583333333333334,0.016666666666666666
6,0.5166666666666667,0.7722222222222223,0.010416666666666666,0.011111111111111112
5,0.5380208333333333,0.7935185185185185,0.00625,0.011111111111111112
6,0.546875,0.7768518518518519,0.015625,0.012962962962962963
1,0.559375,0.9384259259259259,0.003125,0.013888888888888888
2,0.5434895833333333,1.0300925925925926,0.0067708333333333336,0.017592592592592594
1,0.5390625,1.0625,0.004166666666666667,0.03611111111111111
1,0.4942708333333333,0.9527777777777777,0.005208333333333333,0.022222222222222223
1,0.4578125,0.8851851851851852,0.003125,0.018518518518518517
2,0.44921875,0.9222222222222223,0.0036458333333333334,0.011111111111111112
2,0.46171875,0.9217592592592593,0.0036458333333333334,0.010185185185185186
1,0.6377604166666667,1.1314814814814815,0.008854166666666666,0.044444444444444446
5,0.5627604166666667,1.301388888888889,0.04739583333333333,0.10648148148148148
5,0.5684895833333333,1.2157407407407408,0.0296875,0.08333333333333333
4,0.6927083333333334,1.2402777777777778,0.041666666666666664,0.09166666666666666
4,0.5731770833333333,1.160648148148148,0.0296875,0.0712962962962963
4,0.5770833333333333,1.1125,0.03333333333333333,0.06018518518518518
4,0.6895833333333333,1.0925925925925926,0.023958333333333335,0.04259259259259259
4,0.65546875,1.0898148148148148,0.0265625,0.046296296296296294
4,0.5747395833333333,1.0685185185185184,0.024479166666666666,0.046296296296296294
4,0.5760416666666667,1.0296296296296297,0.019791666666666666,0.04259259259259259
4,0.5770833333333333,1.000925925925926,0.017708333333333333,0.037037037037037035
4,0.6502604166666667,1.05,0.022395833333333334,0.037037037037037035
5,0.6458333333333334,1.0078703703703704,0.01875,0.04537037037037037
4,0.6380208333333334,0.986574074074074,0.017708333333333333,0.03425925925925926
4,0.5828125,0.9268518518518518,0.013541666666666667,0.024074074074074074
10,0.5783854166666667,0.912962962962963,0.005729166666666666,0.012962962962962963
10,0.5796875,0.8958333333333334,0.004166666666666667,0.013888888888888888
4,0.584375,0.8865740740740741,0.011458333333333333,0.021296296296296296
4,0.6361979166666667,0.9648148148148148,0.016145833333333335,0.024074074074074074
4,0.6333333333333333,0.9472222222222222,0.014583333333333334,0.027777777777777776
4,0.6294270833333333,0.9324074074074075,0.0140625,0.025925925925925925
4,0.62578125,0.9078703703703703,0.013020833333333334,0.019444444444444445
6,0.6234375,0.8916666666666667,0.017708333333333333,0.024074074074074074
5,0.61953125,0.8712962962962963,0.009895833333333333,0.022222222222222223
4,0.61796875,0.8648148148148148,0.009895833333333333,0.016666666666666666
4,0.6177083333333333,0.8569444444444444,0.009375,0.01574074074074074
6,0.5856770833333333,0.8611111111111112,0.013020833333333334,0.024074074074074074
4,0.5859375,0.8449074074074074,0.009375,0.012037037037037037
5,0.61484375,0.8449074074074074,0.008854166666666666,0.019444444444444445
4,0.6140625,0.8347222222222223,0.008333333333333333,0.010185185185185186
4,0.6119791666666666,0.8305555555555556,0.007291666666666667,0.011111111111111112
4,0.6122395833333333,0.825,0.0067708333333333336,0.011111111111111112
4,0.61171875,0.8199074074074074,0.0067708333333333336,0.010185185185185186
4,0.6005208333333333,0.8166666666666667,0.00625,0.011111111111111112
4,0.60078125,0.8240740740740741,0.0067708333333333336,0.011111111111111112
5,0.5872395833333334,0.8222222222222222,0.0078125,0.016666666666666666
4,0.58359375,0.8143518518518519,0.015104166666666667,0.010185185185185186
4,0.6151041666666667,0.8092592592592592,0.013541666666666667,0.009259259259259259
4,0.5796875,0.8037037037037037,0.00625,0.009259259259259259
4,0.5875,0.8004629629629629,0.00625,0.008333333333333333
5,0.5940104166666667,0.8018518518518518,0.0067708333333333336,0.011111111111111112
0,0.6049479166666667,0.8037037037037037,0.0036458333333333334,0.016666666666666666
6,0.6098958333333333,0.8,0.005208333333333333,0.014814814814814815
0,0.6697916666666667,0.8050925925925926,0.04895833333333333,0.013888888888888888
1,0.5091145833333334,1.0263888888888888,0.0046875,0.032407407407407406
1,0.5036458333333333,1.0194444444444444,0.005208333333333333,0.024074074074074074
7,0.5020833333333333,1.036574074074074,0.011458333333333333,0.028703703703703703
1,0.4588541666666667,1.0444444444444445,0.009375,0.03518518518518519
1,0.434375,1.0782407407407408,0.007291666666666667,0.03425925925925926
1,0.42604166666666665,1.0462962962962963,0.004166666666666667,0.03333333333333333
1,0.4203125,1.0462962962962963,0.005208333333333333,0.03518518518518519
1,0.40130208333333334,1.0337962962962963,0.0036458333333333334,0.028703703703703703
1,0.2908854166666667,0.850462962962963,0.0036458333333333334,0.013888888888888888
1,0.2643229166666667,0.874537037037037,0.0026041666666666665,0.01574074074074074
1,0.26197916666666665,0.8726851851851852,0.003125,0.01574074074074074
5,0.24817708333333333,0.8587962962962963,0.0203125,0.017592592592592594
2,0.21875,0.8657407407407407,0.004166666666666667,0.016666666666666666
4,0.23177083333333334,0.8675925925925926,0.027083333333333334,0.018518518518518517
4,0.19244791666666666,0.8708333333333333,0.0203125,0.013888888888888888
1,0.23333333333333334,0.9939814814814815,0.005208333333333333,0.025
1,0.14505208333333333,0.9263888888888889,0.0046875,0.019444444444444445
1,0.20911458333333333,0.9893518518518518,0.0067708333333333336,0.026851851851851852
1,0.21458333333333332,0.9949074074074075,0.005208333333333333,0.026851851851851852
1,0.21770833333333334,0.9944444444444445,0.004166666666666667,0.024074074074074074
1,0.221875,0.9912037037037037,0.004166666666666667,0.026851851851851852
4,0.025,0.8962962962962963,0.013541666666666667,0.016666666666666666
6,0.021354166666666667,0.9083333333333333,0.036458333333333336,0.024074074074074074
5,0.028645833333333332,0.9236111111111112,0.025,0.026851851851851852
5,0.05286458333333333,0.9361111111111111,0.034895833333333334,0.03148148148148148
6,0.047135416666666666,0.9185185185185185,0.027604166666666666,0.024074074074074074
6,0.05651041666666667,0.9138888888888889,0.027604166666666666,0.024074074074074074
5,0.06380208333333333,0.8907407407407407,0.030729166666666665,0.025925925925925925
5,0.07369791666666667,0.9194444444444444,0.028645833333333332,0.025925925925925925
6,0.09088541666666666,0.9087962962962963,0.04635416666666667,0.03796296296296296
4,0.11640625,0.9069444444444444,0.0265625,0.017592592592592594
6,0.12734375,0.8944444444444445,0.03697916666666667,0.03148148148148148
6,0.14921875,0.8861111111111111,0.03697916666666667,0.03148148148148148
6,0.16067708333333333,0.8981481481481481,0.033854166666666664,0.025925925925925925
6,0.17578125,0.8819444444444444,0.022395833333333334,0.019444444444444445
1,0.3796875,0.8189814814814815,0.0020833333333333333,0.013888888888888888
1,0.36770833333333336,0.8175925925925925,0.0020833333333333333,0.011111111111111112
1,0.37604166666666666,0.837037037037037,0.0020833333333333333,0.012962962962962963
1,0.37473958333333335,0.8375,0.0026041666666666665,0.010185185185185186
4,0.32369791666666664,0.8356481481481481,0.008854166666666666,0.013888888888888888
4,0.30572916666666666,0.8361111111111111,0.011458333333333333,0.018518518518518517
4,0.3190104166666667,0.8240740740740741,0.0109375,0.011111111111111112
1,0.33203125,0.8314814814814815,0.0026041666666666665,0.011111111111111112
1,0.3307291666666667,0.8314814814814815,0.0020833333333333333,0.011111111111111112
4,0.3453125,0.8296296296296296,0.016666666666666666,0.011111111111111112
5,0.3645833333333333,0.8143518518518519,0.013541666666666667,0.012037037037037037
4,0.3580729166666667,0.812037037037037,0.0109375,0.007407407407407408
4,0.3497395833333333,0.8125,0.0109375,0.008333333333333333
6,0.3497395833333333,0.8069444444444445,0.013020833333333334,0.012037037037037037
4,0.34427083333333336,0.8231481481481482,0.017708333333333333,0.011111111111111112
4,0.3375,0.8240740740740741,0.014583333333333334,0.009259259259259259
5,0.33151041666666664,0.8185185185185185,0.0140625,0.011111111111111112
4,0.31927083333333334,0.8148148148148148,0.014583333333333334,0.011111111111111112
4,0.32317708333333334,0.8171296296296297,0.013020833333333334,0.008333333333333333
