4,0.20026041666666666,0.38333333333333336,0.011979166666666667,0.03518518518518519
4,0.25104166666666666,0.36527777777777776,0.013541666666666667,0.03796296296296296
4,0.20182291666666666,0.5810185185185185,0.019270833333333334,0.05092592592592592
4,0.196875,0.1259259259259259,0.007291666666666667,0.012962962962962963
4,0.21692708333333333,0.08842592592592592,0.005729166666666666,0.010185185185185186
4,0.18645833333333334,0.08981481481481482,0.005208333333333333,0.011111111111111112
4,0.16484375,0.17037037037037037,0.0067708333333333336,0.012962962962962963
4,0.15989583333333332,0.23796296296296296,0.008333333333333333,0.014814814814814815
4,0.16666666666666666,0.14907407407407408,0.007291666666666667,0.011111111111111112
4,0.16770833333333332,0.1574074074074074,0.007291666666666667,0.012962962962962963
4,0.42552083333333335,0.19074074074074074,0.009375,0.014814814814814815
4,0.6309895833333333,0.15555555555555556,0.013020833333333334,0.011111111111111112
4,0.5703125,0.17546296296296296,0.016666666666666666,0.012037037037037037
4,0.32760416666666664,0.2726851851851852,0.019791666666666666,0.01574074074074074
4,0.32578125,0.26435185185185184,0.021354166666666667,0.013888888888888888
4,0.22682291666666668,0.0699074074074074,0.0046875,0.008333333333333333
4,0.3536458333333333,0.2652777777777778,0.017708333333333333,0.01574074074074074
4,0.5161458333333333,0.1962962962962963,0.01875,0.012962962962962963
4,0.57421875,0.18101851851851852,0.018229166666666668,0.012037037037037037
4,0.5885416666666666,0.16944444444444445,0.017708333333333333,0.012962962962962963
4,0.6205729166666667,0.16666666666666666,0.0140625,0.011111111111111112
4,0.64140625,0.1597222222222222,0.0171875,0.013888888888888888
5,0.66171875,0.15185185185185185,0.016145833333333335,0.011111111111111112
5,0.6559895833333333,0.14537037037037037,0.0171875,0.012962962962962963
4,0.6098958333333333,0.16342592592592592,0.013541666666666667,0.012037037037037037
9,0.5442708333333334,0.1787037037037037,0.026041666666666668,0.020370370370370372
4,0.4661458333333333,0.20324074074074075,0.016666666666666666,0.012037037037037037
1,0.6317708333333333,0.21064814814814814,0.003125,0.012037037037037037
9,0.30755208333333334,0.2351851851851852,0.050520833333333334,0.03518518518518519
1,0.41067708333333336,0.20462962962962963,0.0036458333333333334,0.012962962962962963
1,0.32473958333333336,0.25601851851851853,0.0026041666666666665,0.008333333333333333
1,0.33177083333333335,0.25046296296296294,0.003125,0.010185185185185186
1,0.3143229166666667,0.25972222222222224,0.0026041666666666665,0.012037037037037037
1,0.29401041666666666,0.2791666666666667,0.0026041666666666665,0.010185185185185186
1,0.29635416666666664,0.28194444444444444,0.0020833333333333333,0.008333333333333333
1,0.296875,0.2712962962962963,0.003125,0.012962962962962963
1,0.30703125,0.25925925925925924,0.0026041666666666665,0.011111111111111112
1,0.3098958333333333,0.25972222222222224,0.003125,0.010185185185185186
1,0.27734375,0.2935185185185185,0.0026041666666666665,0.012962962962962963
1,0.2796875,0.29953703703703705,0.003125,0.013888888888888888
5,0.27578125,0.20185185185185187,0.0078125,0.014814814814814815
5,0.25546875,0.2212962962962963,0.0109375,0.022222222222222223
5,0.23359375,0.08981481481481482,0.0078125,0.020370370370370372
5,0.20859375,0.07314814814814814,0.005729166666666666,0.014814814814814815
5,0.15911458333333334,0.21898148148148147,0.0078125,0.01574074074074074
5,0.16171875,0.20046296296296295,0.0078125,0.013888888888888888
5,0.16302083333333334,0.1865740740740741,0.008333333333333333,0.012037037037037037
5,0.1546875,0.13796296296296295,0.011458333333333333,0.011111111111111112
4,0.26901041666666664,0.17222222222222222,0.0078125,0.012962962962962963
1,0.2515625,0.13055555555555556,0.0020833333333333333,0.009259259259259259
1,0.25104166666666666,0.1361111111111111,0.0020833333333333333,0.009259259259259259
5,0.3875,0.19027777777777777,0.016666666666666666,0.01574074074074074
5,0.38333333333333336,0.18611111111111112,0.01875,0.016666666666666666
1,0.3263020833333333,0.42685185185185187,0.005729166666666666,0.014814814814814815
1,0.33671875,0.4601851851851852,0.0026041666666666665,0.016666666666666666
1,0.11875,0.41574074074074074,0.004166666666666667,0.014814814814814815
