4,0.51328125,0.9625,0.0640625,0.04351851851851852
4,0.5239583333333333,0.8337962962962963,0.05520833333333333,0.06018518518518518
4,0.5565104166666667,0.6912037037037037,0.049479166666666664,0.04351851851851852
10,0.9770833333333333,0.8208333333333333,0.025,0.025
1,0.44036458333333334,0.924537037037037,0.0078125,0.03425925925925926
1,0.4505208333333333,0.9268518518518518,0.00625,0.022222222222222223
1,0.44973958333333336,0.7416666666666667,0.009895833333333333,0.02962962962962963
1,0.5901041666666667,0.7157407407407408,0.009375,0.025925925925925925
4,0.4270833333333333,0.5925925925925926,0.04375,0.03518518518518519
4,0.44609375,0.4601851851851852,0.0359375,0.027777777777777776
4,0.45755208333333336,0.42268518518518516,0.033854166666666664,0.026851851851851852
4,0.46536458333333336,0.38564814814814813,0.034895833333333334,0.025
4,0.6401041666666667,0.39351851851851855,0.015625,0.02962962962962963
4,0.64375,0.5537037037037037,0.01875,0.046296296296296294
4,0.63515625,0.7157407407407408,0.033854166666666664,0.037037037037037035
4,0.5067708333333333,0.2810185185185185,0.026041666666666668,0.025
2,0.99375,0.20324074074074075,0.003125,0.010185185185185186
10,0.9919270833333333,0.20879629629629629,0.0067708333333333336,0.012037037037037037
0,0.8809895833333333,0.10462962962962963,0.009895833333333333,0.018518518518518517
0,0.9166666666666666,0.1361111111111111,0.004166666666666667,0.011111111111111112
9,0.8075520833333333,0.06574074074074074,0.019270833333333334,0.027777777777777776
9,0.79453125,0.05416666666666667,0.019270833333333334,0.025
4,0.8317708333333333,0.2388888888888889,0.025,0.016666666666666666
4,0.8265625,0.23194444444444445,0.023958333333333335,0.01574074074074074
5,0.8111979166666666,0.20879629629629629,0.0203125,0.019444444444444445
4,0.7994791666666666,0.19537037037037036,0.021875,0.014814814814814815
4,0.7958333333333333,0.18981481481481483,0.022916666666666665,0.018518518518518517
5,0.78984375,0.18194444444444444,0.019270833333333334,0.017592592592592594
4,0.7911458333333333,0.17407407407407408,0.020833333333333332,0.012962962962962963
5,0.7877604166666666,0.16620370370370371,0.019270833333333334,0.01574074074074074
4,0.78046875,0.1625,0.019270833333333334,0.01574074074074074
4,0.7778645833333333,0.15648148148148147,0.019270833333333334,0.014814814814814815
6,0.7309895833333333,0.04490740740740741,0.0171875,0.023148148148148147
4,0.7182291666666667,0.031018518518518518,0.011458333333333333,0.010185185185185186
4,0.696875,0.029166666666666667,0.0125,0.010185185185185186
4,0.7950520833333333,0.034722222222222224,0.013020833333333334,0.008333333333333333
5,0.69296875,0.25833333333333336,0.0203125,0.022222222222222223
4,0.7328125,0.08287037037037037,0.010416666666666666,0.010185185185185186
4,0.73828125,0.09074074074074075,0.011979166666666667,0.009259259259259259
7,0.7635416666666667,0.023148148148148147,0.010416666666666666,0.011111111111111112
4,0.71875,0.014351851851851852,0.005208333333333333,0.008333333333333333
4,0.7140625,0.009259259259259259,0.008333333333333333,0.011111111111111112
4,0.7184895833333333,0.004166666666666667,0.005729166666666666,0.008333333333333333
9,0.8255208333333334,0.030555555555555555,0.030208333333333334,0.018518518518518517
4,0.6111979166666667,0.5435185185185185,0.034895833333333334,0.03518518518518519
10,0.39427083333333335,0.8935185185185185,0.009375,0.040740740740740744
10,0.40572916666666664,0.899074074074074,0.011458333333333333,0.03888888888888889
