5,0.49947916666666664,0.9351851851851852,0.058333333333333334,0.09259259259259259
4,0.4895833333333333,0.875,0.06041666666666667,0.07037037037037037
7,0.23203125,0.8888888888888888,0.0296875,0.03333333333333333
8,0.25286458333333334,0.836574074074074,0.0390625,0.04722222222222222
10,0.25,0.812037037037037,0.021875,0.027777777777777776
10,0.24401041666666667,0.6791666666666667,0.021354166666666667,0.023148148148148147
4,0.3065104166666667,0.6759259259259259,0.0515625,0.03888888888888889
1,0.225,0.6527777777777778,0.011458333333333333,0.03333333333333333
8,0.27005208333333336,0.5541666666666667,0.021354166666666667,0.025
8,0.4083333333333333,0.5481481481481482,0.015625,0.03888888888888889
4,0.34140625,0.4652777777777778,0.0265625,0.026851851851851852
4,0.34869791666666666,0.43842592592592594,0.03177083333333333,0.021296296296296296
4,0.4513020833333333,0.4546296296296296,0.027604166666666666,0.027777777777777776
5,0.4515625,0.41805555555555557,0.020833333333333332,0.028703703703703703
6,0.4354166666666667,0.4148148148148148,0.027083333333333334,0.06851851851851852
10,0.45338541666666665,0.3907407407407407,0.0067708333333333336,0.012962962962962963
10,0.32578125,0.4513888888888889,0.013020833333333334,0.013888888888888888
2,0.3533854166666667,0.4212962962962963,0.005729166666666666,0.011111111111111112
1,0.3611979166666667,0.41759259259259257,0.005729166666666666,0.014814814814814815
7,0.35859375,0.4148148148148148,0.0203125,0.012962962962962963
10,0.3419270833333333,0.4152777777777778,0.008854166666666666,0.010185185185185186
8,0.3497395833333333,0.4009259259259259,0.016145833333333335,0.018518518518518517
2,0.3375,0.3976851851851852,0.005208333333333333,0.008333333333333333
1,0.3416666666666667,0.3921296296296296,0.005208333333333333,0.019444444444444445
1,0.3453125,0.36342592592592593,0.004166666666666667,0.01574074074074074
4,0.36692708333333335,0.37962962962962965,0.0234375,0.020370370370370372
4,0.36302083333333335,0.37083333333333335,0.022916666666666665,0.017592592592592594
4,0.3609375,0.36342592592592593,0.021875,0.023148148148148147
4,0.3614583333333333,0.3300925925925926,0.020833333333333332,0.01574074074074074
11,0.3848958333333333,0.3472222222222222,0.008333333333333333,0.024074074074074074
11,0.37604166666666666,0.35185185185185186,0.016666666666666666,0.020370370370370372
11,0.37057291666666664,0.34675925925925927,0.0078125,0.017592592592592594
11,0.36302083333333335,0.34305555555555556,0.010416666666666666,0.019444444444444445
10,0.35651041666666666,0.32175925925925924,0.008854166666666666,0.008333333333333333
8,0.3541666666666667,0.31805555555555554,0.0125,0.013888888888888888
10,0.359375,0.31527777777777777,0.008333333333333333,0.006481481481481481
4,0.36666666666666664,0.30462962962962964,0.019791666666666666,0.016666666666666666
4,0.36822916666666666,0.30092592592592593,0.020833333333333332,0.016666666666666666
7,0.36276041666666664,0.28703703703703703,0.008854166666666666,0.011111111111111112
5,0.43984375,0.3541666666666667,0.0203125,0.025
5,0.44166666666666665,0.3449074074074074,0.017708333333333333,0.023148148148148147
4,0.4401041666666667,0.3351851851851852,0.01875,0.020370370370370372
4,0.43854166666666666,0.32916666666666666,0.019791666666666666,0.017592592592592594
4,0.43359375,0.3212962962962963,0.0171875,0.016666666666666666
4,0.43515625,0.3143518518518518,0.016145833333333335,0.01574074074074074
5,0.43776041666666665,0.30787037037037035,0.015104166666666667,0.017592592592592594
6,0.43515625,0.2833333333333333,0.0140625,0.03148148148148148
4,0.43307291666666664,0.2611111111111111,0.0140625,0.012962962962962963
4,0.43125,0.25092592592592594,0.013541666666666667,0.011111111111111112
6,0.43072916666666666,0.24166666666666667,0.014583333333333334,0.011111111111111112
10,0.3885416666666667,0.27314814814814814,0.003125,0.007407407407407408
7,0.390625,0.2662037037037037,0.0125,0.010185185185185186
2,0.3846354166666667,0.2569444444444444,0.0036458333333333334,0.006481481481481481
2,0.3893229166666667,0.2564814814814815,0.0036458333333333334,0.007407407407407408
2,0.40703125,0.23935185185185184,0.0026041666666666665,0.006481481481481481
10,0.40703125,0.24212962962962964,0.0026041666666666665,0.008333333333333333
7,0.37578125,0.25787037037037036,0.009895833333333333,0.012037037037037037
10,0.3640625,0.2671296296296296,0.005208333333333333,0.006481481481481481
8,0.37213541666666666,0.24166666666666667,0.008854166666666666,0.009259259259259259
8,0.3765625,0.2351851851851852,0.00625,0.011111111111111112
8,0.37604166666666666,0.22962962962962963,0.009375,0.011111111111111112
5,0.37578125,0.2263888888888889,0.011979166666666667,0.012037037037037037
8,0.37890625,0.2125,0.0067708333333333336,0.010185185185185186
8,0.38723958333333336,0.22314814814814815,0.0036458333333333334,0.012962962962962963
5,0.38229166666666664,0.20277777777777778,0.0125,0.009259259259259259
6,0.375,0.1925925925925926,0.015625,0.012962962962962963
10,0.4234375,0.2310185185185185,0.005208333333333333,0.006481481481481481
10,0.42890625,0.2300925925925926,0.013020833333333334,0.010185185185185186
5,0.43072916666666666,0.22546296296296298,0.010416666666666666,0.010185185185185186
4,0.428125,0.22268518518518518,0.010416666666666666,0.008333333333333333
8,0.42942708333333335,0.21203703703703702,0.0046875,0.009259259259259259
6,0.42630208333333336,0.19074074074074074,0.008854166666666666,0.022222222222222223
10,0.4083333333333333,0.19074074074074074,0.0020833333333333333,0.005555555555555556
2,0.4078125,0.18888888888888888,0.0020833333333333333,0.005555555555555556
8,0.40078125,0.1787037037037037,0.0046875,0.009259259259259259
4,0.42135416666666664,0.14537037037037037,0.00625,0.005555555555555556
6,0.4236979166666667,0.1597222222222222,0.0046875,0.010185185185185186
4,0.40729166666666666,0.15694444444444444,0.004166666666666667,0.008333333333333333
4,0.39427083333333335,0.1648148148148148,0.007291666666666667,0.007407407407407408
4,0.3932291666666667,0.17083333333333334,0.007291666666666667,0.006481481481481481
5,0.390625,0.1486111111111111,0.007291666666666667,0.006481481481481481
4,0.3927083333333333,0.14537037037037037,0.00625,0.007407407407407408
0,0.40625,0.11666666666666667,0.030208333333333334,0.046296296296296294
4,0.6375,0.6185185185185185,0.025,0.06111111111111111
11,0.5713541666666667,0.500462962962963,0.03229166666666667,0.08425925925925926
6,0.5559895833333334,0.39814814814814814,0.015104166666666667,0.044444444444444446
4,0.5721354166666667,0.3824074074074074,0.013020833333333334,0.022222222222222223
6,0.5552083333333333,0.30185185185185187,0.027083333333333334,0.05185185185185185
4,0.6869791666666667,0.4078703703703704,0.016666666666666666,0.028703703703703703
7,0.6713541666666667,0.3837962962962963,0.016666666666666666,0.019444444444444445
