4,0.11666666666666667,0.23935185185185184,0.011458333333333333,0.01574074074074074
4,0.10494791666666667,0.25416666666666665,0.011979166666666667,0.01574074074074074
4,0.06692708333333333,0.29583333333333334,0.0140625,0.019444444444444445
5,0.09010416666666667,0.32731481481481484,0.014583333333333334,0.023148148148148147
4,0.11458333333333333,0.29768518518518516,0.013541666666666667,0.01574074074074074
4,0.10755208333333334,0.3402777777777778,0.0171875,0.025
5,0.13958333333333334,0.29074074074074074,0.017708333333333333,0.014814814814814815
5,0.1296875,0.41435185185185186,0.0125,0.026851851851851852
5,0.175,0.33287037037037037,0.017708333333333333,0.01574074074074074
4,0.17682291666666666,0.3194444444444444,0.015104166666666667,0.012962962962962963
5,0.20208333333333334,0.31666666666666665,0.01875,0.016666666666666666
4,0.2078125,0.2902777777777778,0.016666666666666666,0.01574074074074074
4,0.25,0.28564814814814815,0.019791666666666666,0.01574074074074074
4,0.25026041666666665,0.29907407407407405,0.0171875,0.012962962962962963
4,0.24947916666666667,0.31203703703703706,0.013541666666666667,0.014814814814814815
5,0.23932291666666666,0.3560185185185185,0.019270833333333334,0.017592592592592594
5,0.13958333333333334,0.4777777777777778,0.020833333333333332,0.020370370370370372
4,0.15208333333333332,0.5055555555555555,0.016666666666666666,0.024074074074074074
4,0.17526041666666667,0.5328703703703703,0.018229166666666668,0.026851851851851852
4,0.14583333333333334,0.4388888888888889,0.01875,0.018518518518518517
4,0.23880208333333333,0.4773148148148148,0.0171875,0.019444444444444445
9,0.2877604166666667,0.712037037037037,0.0265625,0.03333333333333333
9,0.2981770833333333,0.6976851851851852,0.0421875,0.062037037037037036
9,0.3098958333333333,0.6898148148148148,0.03333333333333333,0.06111111111111111
9,0.31484375,0.6657407407407407,0.04114583333333333,0.07222222222222222
9,0.27786458333333336,0.6504629629629629,0.021354166666666667,0.058333333333333334
4,0.3770833333333333,0.7078703703703704,0.008333333333333333,0.03796296296296296
4,0.3614583333333333,0.6523148148148148,0.008333333333333333,0.03611111111111111
1,0.34661458333333334,0.600925925925926,0.0026041666666666665,0.007407407407407408
1,0.34401041666666665,0.600925925925926,0.0015625,0.005555555555555556
4,0.3763020833333333,0.6111111111111112,0.008854166666666666,0.03333333333333333
4,0.3611979166666667,0.5814814814814815,0.0078125,0.03333333333333333
4,0.36171875,0.5449074074074074,0.0078125,0.030555555555555555
1,0.34322916666666664,0.5805555555555556,0.0020833333333333333,0.009259259259259259
9,0.290625,0.4935185185185185,0.027083333333333334,0.06666666666666667
9,0.29192708333333334,0.5402777777777777,0.0296875,0.08055555555555556
4,0.46197916666666666,0.6657407407407407,0.009375,0.02962962962962963
1,0.48359375,0.6712962962962963,0.0036458333333333334,0.009259259259259259
1,0.484375,0.6791666666666667,0.003125,0.008333333333333333
1,0.48723958333333334,0.6833333333333333,0.0026041666666666665,0.005555555555555556
1,0.3528645833333333,0.42407407407407405,0.0026041666666666665,0.007407407407407408
1,0.35390625,0.40694444444444444,0.0015625,0.008333333333333333
4,0.36380208333333336,0.5074074074074074,0.0078125,0.027777777777777776
4,0.4356770833333333,0.48148148148148145,0.008854166666666666,0.02962962962962963
4,0.3645833333333333,0.4722222222222222,0.007291666666666667,0.027777777777777776
9,0.3763020833333333,0.500462962962963,0.008854166666666666,0.04351851851851852
4,0.3765625,0.44814814814814813,0.007291666666666667,0.025925925925925925
4,0.365625,0.43796296296296294,0.007291666666666667,0.025925925925925925
9,0.37005208333333334,0.3837962962962963,0.013020833333333334,0.0712962962962963
4,0.3734375,0.3425925925925926,0.007291666666666667,0.018518518518518517
4,0.3859375,0.3439814814814815,0.007291666666666667,0.023148148148148147
5,0.3770833333333333,0.32175925925925924,0.007291666666666667,0.017592592592592594
4,0.3625,0.28379629629629627,0.009375,0.019444444444444445
1,0.34817708333333336,0.15694444444444444,0.0015625,0.008333333333333333
4,0.3690104166666667,0.26157407407407407,0.0078125,0.019444444444444445
4,0.3731770833333333,0.24259259259259258,0.0078125,0.016666666666666666
9,0.38046875,0.2828703703703704,0.011979166666666667,0.04722222222222222
9,0.3893229166666667,0.29814814814814816,0.008854166666666666,0.03333333333333333
4,0.3921875,0.2740740740740741,0.00625,0.018518518518518517
4,0.38567708333333334,0.25462962962962965,0.0067708333333333336,0.014814814814814815
4,0.3893229166666667,0.23055555555555557,0.0067708333333333336,0.016666666666666666
4,0.3963541666666667,0.24259259259259258,0.00625,0.016666666666666666
4,0.4119791666666667,0.2162037037037037,0.00625,0.019444444444444445
4,0.4265625,0.20879629629629629,0.00625,0.017592592592592594
4,0.40390625,0.19444444444444445,0.0067708333333333336,0.014814814814814815
9,0.40520833333333334,0.26481481481481484,0.013541666666666667,0.05925925925925926
9,0.4,0.2125,0.008333333333333333,0.028703703703703703
9,0.3776041666666667,0.2162037037037037,0.010416666666666666,0.032407407407407406
5,0.3815104166666667,0.19675925925925927,0.0067708333333333336,0.013888888888888888
9,0.39348958333333334,0.19212962962962962,0.013020833333333334,0.05092592592592592
6,0.42526041666666664,0.15324074074074073,0.008854166666666666,0.032407407407407406
9,0.4466145833333333,0.09212962962962963,0.0078125,0.04722222222222222
4,0.43307291666666664,0.12685185185185185,0.005729166666666666,0.016666666666666666
0,0.35182291666666665,0.13796296296296295,0.0036458333333333334,0.007407407407407408
0,0.35703125,0.14027777777777778,0.005729166666666666,0.010185185185185186
1,0.3606770833333333,0.10833333333333334,0.0015625,0.007407407407407408
1,0.3651041666666667,0.1398148148148148,0.0020833333333333333,0.007407407407407408
5,0.40338541666666666,0.13333333333333333,0.0078125,0.018518518518518517
4,0.4046875,0.1175925925925926,0.008333333333333333,0.014814814814814815
9,0.44947916666666665,0.029166666666666667,0.010416666666666666,0.04351851851851852
4,0.42916666666666664,0.0962962962962963,0.00625,0.014814814814814815
5,0.415625,0.11296296296296296,0.00625,0.016666666666666666
9,0.4114583333333333,0.13194444444444445,0.007291666666666667,0.026851851851851852
9,0.39817708333333335,0.10833333333333334,0.022395833333333334,0.03888888888888889
