1,0.809375,1.3416666666666666,0.022916666666666665,0.09259259259259259
1,0.7997395833333333,1.3157407407407407,0.0234375,0.09814814814814815
4,0.66875,1.3296296296296297,0.15833333333333333,0.11481481481481481
4,0.65859375,1.1416666666666666,0.10677083333333333,0.08888888888888889
4,0.6380208333333334,1.0949074074074074,0.1,0.0712962962962963
10,1.0291666666666666,1.2935185185185185,0.023958333333333335,0.07777777777777778
10,1.0002604166666667,1.2560185185185184,0.044270833333333336,0.06944444444444445
7,0.9747395833333333,1.2351851851851852,0.0921875,0.08518518518518518
8,0.7760416666666666,1.0300925925925926,0.035416666666666666,0.0787037037037037
4,0.6296875,1.0069444444444444,0.07708333333333334,0.05462962962962963
4,0.6333333333333333,0.9861111111111112,0.078125,0.044444444444444446
5,0.6294270833333333,0.9597222222222223,0.0796875,0.05462962962962963
4,0.7723958333333333,0.9629629629629629,0.0625,0.05
4,0.7734375,0.9351851851851852,0.07604166666666666,0.037037037037037035
4,0.7869791666666667,0.9268518518518518,0.06666666666666667,0.03888888888888889
4,0.8098958333333334,0.9194444444444444,0.053125,0.03148148148148148
4,0.79921875,0.9106481481481481,0.04739583333333333,0.028703703703703703
4,0.67421875,0.8921296296296296,0.022395833333333334,0.03611111111111111
4,0.72109375,0.8726851851851852,0.025520833333333333,0.03425925925925926
5,0.6192708333333333,0.8967592592592593,0.06145833333333333,0.04351851851851852
4,0.6145833333333334,0.875462962962963,0.04583333333333333,0.028703703703703703
4,0.6192708333333333,0.8680555555555556,0.04791666666666667,0.026851851851851852
10,0.6440104166666667,0.8467592592592592,0.0046875,0.019444444444444445
2,0.6440104166666667,0.8407407407407408,0.0046875,0.022222222222222223
4,0.6130208333333333,0.8486111111111111,0.040625,0.023148148148148147
4,0.6138020833333333,0.8412037037037037,0.028645833333333332,0.019444444444444445
4,0.6713541666666667,0.812037037037037,0.030208333333333334,0.020370370370370372
4,0.6825520833333333,0.799074074074074,0.025520833333333333,0.020370370370370372
4,0.6096354166666667,0.7833333333333333,0.022395833333333334,0.014814814814814815
4,0.60546875,0.7773148148148148,0.0234375,0.01574074074074074
6,0.37734375,0.7907407407407407,0.04010416666666667,0.06111111111111111
4,0.6325520833333333,0.7453703703703703,0.0140625,0.009259259259259259
0,0.6033854166666667,0.7453703703703703,0.027604166666666666,0.04814814814814815
1,0.6260416666666667,0.7384259259259259,0.0020833333333333333,0.010185185185185186
4,0.625,0.736574074074074,0.007291666666666667,0.008333333333333333
5,0.6239583333333333,0.7305555555555555,0.00625,0.007407407407407408
