4,0.29635416666666664,0.5888888888888889,0.051041666666666666,0.06481481481481481
4,0.36380208333333336,0.5097222222222222,0.043229166666666666,0.05648148148148148
4,0.41901041666666666,0.5532407407407407,0.04114583333333333,0.05648148148148148
4,0.40911458333333334,0.45787037037037037,0.04010416666666667,0.049074074074074076
4,0.4265625,0.4888888888888889,0.041666666666666664,0.05185185185185185
4,0.46171875,0.49027777777777776,0.04010416666666667,0.05277777777777778
1,0.6356770833333333,0.5842592592592593,0.008854166666666666,0.024074074074074074
1,0.6609375,0.5851851851851851,0.008333333333333333,0.025925925925925925
1,0.6872395833333333,0.5314814814814814,0.009895833333333333,0.027777777777777776
1,0.4276041666666667,0.37916666666666665,0.009375,0.026851851851851852
1,0.43385416666666665,0.3787037037037037,0.00625,0.022222222222222223
1,0.4296875,0.37037037037037035,0.00625,0.022222222222222223
4,0.42213541666666665,0.23425925925925925,0.0296875,0.04259259259259259
1,0.4859375,0.24675925925925926,0.004166666666666667,0.012037037037037037
1,0.4817708333333333,0.24027777777777778,0.005208333333333333,0.019444444444444445
1,0.4708333333333333,0.22314814814814815,0.005208333333333333,0.020370370370370372
1,0.4778645833333333,0.22361111111111112,0.0046875,0.019444444444444445
1,0.45364583333333336,0.16620370370370371,0.005208333333333333,0.019444444444444445
1,0.46145833333333336,0.17083333333333334,0.004166666666666667,0.019444444444444445
