4,0.38333333333333336,0.5810185185185185,0.022916666666666665,0.08055555555555556
4,0.4578125,0.586574074074074,0.026041666666666668,0.08055555555555556
4,0.6453125,0.27546296296296297,0.042708333333333334,0.032407407407407406
4,0.45,0.1037037037037037,0.025,0.03148148148148148
4,0.375,0.03888888888888889,0.011458333333333333,0.027777777777777776
4,0.3104166666666667,0.025925925925925925,0.014583333333333334,0.025925925925925925
4,0.26536458333333335,0.05416666666666667,0.0140625,0.030555555555555555
4,0.21640625,0.03611111111111111,0.016145833333333335,0.020370370370370372
9,0.42552083333333335,0.5888888888888889,0.03854166666666667,0.24074074074074073
9,0.428125,0.19212962962962962,0.07395833333333333,0.10648148148148148
9,0.5489583333333333,0.25925925925925924,0.09895833333333333,0.09074074074074075
5,0.6716145833333333,0.20092592592592592,0.03697916666666667,0.03148148148148148
5,0.32708333333333334,0.020833333333333332,0.013541666666666667,0.03981481481481482
4,0.35859375,0.029166666666666667,0.013020833333333334,0.026851851851851852
4,0.44635416666666666,0.01898148148148148,0.014583333333333334,0.021296296296296296
5,0.052083333333333336,0.2847222222222222,0.10416666666666667,0.07314814814814814
4,0.06744791666666666,0.21805555555555556,0.04010416666666667,0.03796296296296296
4,0.08072916666666667,0.17777777777777778,0.0375,0.025925925925925925
4,0.08697916666666666,0.2023148148148148,0.03958333333333333,0.03425925925925926
4,0.01015625,0.2152777777777778,0.0203125,0.028703703703703703
4,0.10130208333333333,0.025925925925925925,0.011979166666666667,0.022222222222222223
4,0.030208333333333334,0.19398148148148148,0.040625,0.028703703703703703
4,0.11510416666666666,0.02361111111111111,0.017708333333333333,0.021296296296296296
4,0.13072916666666667,0.028703703703703703,0.015625,0.024074074074074074
4,0.14479166666666668,0.029166666666666667,0.016666666666666666,0.025
4,0.16015625,0.029166666666666667,0.016145833333333335,0.023148148148148147
4,0.17526041666666667,0.03148148148148148,0.016145833333333335,0.022222222222222223
4,0.18932291666666667,0.032407407407407406,0.015104166666666667,0.022222222222222223
4,0.19036458333333334,0.00787037037037037,0.025520833333333333,0.01574074074074074
1,0.17421875,0.0912037037037037,0.0046875,0.019444444444444445
1,0.23411458333333332,0.0824074074074074,0.0036458333333333334,0.016666666666666666
1,0.23645833333333333,0.09212962962962963,0.005208333333333333,0.021296296296296296
1,0.29270833333333335,0.040740740740740744,0.003125,0.018518518518518517
1,0.328125,0.09398148148148149,0.00625,0.019444444444444445
1,0.3111979166666667,0.4050925925925926,0.005729166666666666,0.025
1,0.22317708333333333,0.005092592592592593,0.005729166666666666,0.010185185185185186
10,0.06276041666666667,0.13333333333333333,0.0140625,0.014814814814814815
10,0.36015625,0.35324074074074074,0.0171875,0.019444444444444445
3,0.4908854166666667,0.4305555555555556,0.005729166666666666,0.025925925925925925
2,0.49166666666666664,0.4236111111111111,0.008333333333333333,0.017592592592592594
2,0.35963541666666665,0.35138888888888886,0.0067708333333333336,0.028703703703703703
2,0.0625,0.12962962962962962,0.009375,0.012962962962962963
1,0.13541666666666666,0.46805555555555556,0.011458333333333333,0.026851851851851852
1,0.31588541666666664,0.3907407407407407,0.005729166666666666,0.022222222222222223
1,0.24375,0.3592592592592593,0.005208333333333333,0.024074074074074074
4,0.7135416666666666,0.799074074074074,0.03125,0.046296296296296294
4,0.7096354166666666,0.3592592592592593,0.0390625,0.040740740740740744
2,0.5697916666666667,0.6083333333333333,0.010416666666666666,0.024074074074074074
2,0.6807291666666667,0.3347222222222222,0.00625,0.013888888888888888
2,0.6755208333333333,0.33425925925925926,0.00625,0.012962962962962963
10,0.6776041666666667,0.33796296296296297,0.017708333333333333,0.016666666666666666
3,0.56953125,0.6143518518518518,0.0109375,0.03611111111111111
1,0.64375,0.5175925925925926,0.0125,0.027777777777777776
1,0.65,0.5106481481481482,0.008333333333333333,0.028703703703703703
1,0.4010416666666667,0.01574074074074074,0.004166666666666667,0.014814814814814815
1,0.39791666666666664,0.01574074074074074,0.004166666666666667,0.016666666666666666
4,0.71640625,0.11342592592592593,0.019270833333333334,0.03425925925925926
4,0.6841145833333333,0.11388888888888889,0.018229166666666668,0.03148148148148148
4,0.5981770833333333,0.19907407407407407,0.030729166666666665,0.025925925925925925
4,0.6143229166666667,0.21851851851851853,0.03697916666666667,0.027777777777777776
4,0.59765625,0.17592592592592593,0.03697916666666667,0.03148148148148148
4,0.56640625,0.1050925925925926,0.027604166666666666,0.025
1,0.64140625,0.11481481481481481,0.005729166666666666,0.022222222222222223
1,0.6528645833333333,0.12361111111111112,0.005729166666666666,0.019444444444444445
1,0.6572916666666667,0.12083333333333333,0.005208333333333333,0.019444444444444445
1,0.5513020833333333,0.13194444444444445,0.0046875,0.019444444444444445
1,0.47630208333333335,0.1111111111111111,0.005729166666666666,0.016666666666666666
1,0.48046875,0.06342592592592593,0.0046875,0.017592592592592594
1,0.47760416666666666,0.033796296296296297,0.003125,0.017592592592592594
1,0.48125,0.05,0.004166666666666667,0.018518518518518517
1,0.4669270833333333,0.02361111111111111,0.0036458333333333334,0.01574074074074074
1,0.5885416666666666,0.1175925925925926,0.003125,0.009259259259259259
1,0.58828125,0.1087962962962963,0.005729166666666666,0.01574074074074074
1,0.6463541666666667,0.1050925925925926,0.004166666666666667,0.017592592592592594
8,0.4903645833333333,0.10185185185185185,0.009895833333333333,0.03148148148148148
0,0.49244791666666665,0.04490740740740741,0.005729166666666666,0.021296296296296296
3,0.5661458333333333,0.14722222222222223,0.0125,0.009259259259259259
2,0.56796875,0.14305555555555555,0.0067708333333333336,0.01574074074074074
