4,0.16901041666666666,0.5953703703703703,0.019270833333333334,0.040740740740740744
4,0.3484375,0.5569444444444445,0.016666666666666666,0.04722222222222222
4,0.31015625,0.38472222222222224,0.013020833333333334,0.023148148148148147
4,0.37994791666666666,0.2824074074074074,0.0109375,0.022222222222222223
4,0.45546875,0.487962962962963,0.013020833333333334,0.03333333333333333
4,0.45546875,0.3907407407407407,0.0109375,0.024074074074074074
4,0.6846354166666667,0.28379629629629627,0.019270833333333334,0.019444444444444445
4,0.5609375,0.18194444444444444,0.007291666666666667,0.012037037037037037
4,0.5716145833333334,0.16574074074074074,0.0067708333333333336,0.011111111111111112
4,0.57890625,0.1486111111111111,0.0067708333333333336,0.013888888888888888
4,0.3515625,0.19768518518518519,0.010416666666666666,0.013888888888888888
4,0.43515625,0.1550925925925926,0.0078125,0.012037037037037037
4,0.4765625,0.11018518518518519,0.007291666666666667,0.012962962962962963
4,0.4895833333333333,0.11666666666666667,0.007291666666666667,0.007407407407407408
4,0.5677083333333334,0.075,0.005208333333333333,0.007407407407407408
0,0.6734375,0.03564814814814815,0.05416666666666667,0.03796296296296296
6,0.4973958333333333,0.10324074074074074,0.009375,0.012037037037037037
6,0.44557291666666665,0.13564814814814816,0.0140625,0.021296296296296296
6,0.40989583333333335,0.1699074074074074,0.015625,0.023148148148148147
6,0.37395833333333334,0.20833333333333334,0.011458333333333333,0.025925925925925925
5,0.33151041666666664,0.25925925925925924,0.0109375,0.020370370370370372
5,0.37057291666666664,0.17222222222222222,0.008854166666666666,0.012962962962962963
5,0.36432291666666666,0.19305555555555556,0.009895833333333333,0.01574074074074074
4,0.4479166666666667,0.11851851851851852,0.007291666666666667,0.009259259259259259
4,0.5278645833333333,0.10138888888888889,0.0078125,0.006481481481481481
4,0.5966145833333333,0.10972222222222222,0.0078125,0.008333333333333333
6,0.6739583333333333,0.1648148148148148,0.019791666666666666,0.020370370370370372
6,0.6666666666666666,0.16712962962962963,0.016666666666666666,0.019444444444444445
4,0.5919270833333333,0.06296296296296296,0.005729166666666666,0.007407407407407408
4,0.62890625,0.05694444444444444,0.0046875,0.008333333333333333
4,0.6234375,0.05277777777777778,0.004166666666666667,0.005555555555555556
4,0.5354166666666667,0.08194444444444444,0.007291666666666667,0.010185185185185186
