4,0.23411458333333332,0.11018518518518519,0.0765625,0.07037037037037037
4,0.32838541666666665,0.14629629629629629,0.0671875,0.08333333333333333
4,0.13723958333333333,0.08287037037037037,0.0734375,0.05277777777777778
4,0.13463541666666667,0.030555555555555555,0.07447916666666667,0.06111111111111111
1,0.07786458333333333,0.047685185185185185,0.019270833333333334,0.04351851851851852
1,0.26276041666666666,0.1726851851851852,0.0140625,0.032407407407407406
1,0.2908854166666667,0.22361111111111112,0.0109375,0.049074074074074076
1,0.18489583333333334,0.3050925925925926,0.015625,0.03611111111111111
1,0.14557291666666666,0.1412037037037037,0.0171875,0.041666666666666664
1,0.15,0.13194444444444445,0.016666666666666666,0.041666666666666664
4,0.061197916666666664,0.2537037037037037,0.05572916666666667,0.11851851851851852
4,0.10286458333333333,0.2740740740740741,0.06822916666666666,0.13518518518518519
4,0.14505208333333333,0.29583333333333334,0.06197916666666667,0.13240740740740742
4,0.2328125,0.32175925925925924,0.053125,0.125
4,0.2734375,0.33564814814814814,0.05625,0.13425925925925927
4,0.325,0.34814814814814815,0.052083333333333336,0.14074074074074075
4,0.3645833333333333,0.37037037037037035,0.04895833333333333,0.12962962962962962
4,0.4122395833333333,0.37407407407407406,0.04114583333333333,0.13148148148148148
4,0.6315104166666666,0.9162037037037037,0.12447916666666667,0.10462962962962963
1,0.048177083333333336,0.9439814814814815,0.0234375,0.028703703703703703
1,0.4713541666666667,0.6824074074074075,0.01875,0.03148148148148148
1,0.52421875,0.39351851851851855,0.011979166666666667,0.037037037037037035
1,0.5622395833333333,0.41064814814814815,0.0140625,0.03425925925925926
1,0.4765625,0.16805555555555557,0.008333333333333333,0.03425925925925926
10,0.27239583333333334,0.06481481481481481,0.027083333333333334,0.03148148148148148
1,0.4158854166666667,0.22175925925925927,0.009895833333333333,0.041666666666666664
1,0.41041666666666665,0.2199074074074074,0.00625,0.021296296296296296
1,0.43854166666666666,0.23796296296296296,0.010416666666666666,0.044444444444444446
3,0.4401041666666667,0.23657407407407408,0.021875,0.03981481481481482
11,0.42890625,0.18564814814814815,0.009895833333333333,0.021296296296296296
1,0.50859375,0.18981481481481483,0.011979166666666667,0.03518518518518519
1,0.51875,0.19907407407407407,0.013541666666666667,0.03888888888888889
1,0.56328125,0.2263888888888889,0.0171875,0.04537037037037037
1,0.55,0.35324074074074074,0.016666666666666666,0.03796296296296296
3,0.4674479166666667,0.38333333333333336,0.0171875,0.05
3,0.4401041666666667,0.4486111111111111,0.025,0.04722222222222222
3,0.465625,0.3597222222222222,0.014583333333333334,0.05648148148148148
3,0.4828125,0.3925925925925926,0.013541666666666667,0.046296296296296294
3,0.5075520833333333,0.4393518518518518,0.0171875,0.05648148148148148
1,0.54765625,0.27361111111111114,0.0140625,0.03796296296296296
1,0.703125,0.21342592592592594,0.0125,0.030555555555555555
3,0.4609375,0.49027777777777776,0.03333333333333333,0.03611111111111111
3,0.49505208333333334,0.5226851851851851,0.0109375,0.05277777777777778
3,0.5057291666666667,0.500462962962963,0.010416666666666666,0.05648148148148148
3,0.48776041666666664,0.44907407407407407,0.016145833333333335,0.044444444444444446
3,0.49713541666666666,0.4115740740740741,0.016145833333333335,0.032407407407407406
1,0.49635416666666665,0.38472222222222224,0.010416666666666666,0.019444444444444445
3,0.4903645833333333,0.5837962962962963,0.0109375,0.058333333333333334
3,0.4981770833333333,0.5856481481481481,0.0078125,0.05648148148148148
1,0.5640625,0.39305555555555555,0.013541666666666667,0.030555555555555555
1,0.5833333333333334,0.37175925925925923,0.013541666666666667,0.021296296296296296
1,0.57890625,0.38796296296296295,0.0078125,0.020370370370370372
1,0.5877604166666667,0.43287037037037035,0.016145833333333335,0.030555555555555555
1,0.59375,0.44907407407407407,0.016666666666666666,0.03148148148148148
1,0.6002604166666666,0.41944444444444445,0.011979166666666667,0.018518518518518517
1,0.59921875,0.43842592592592594,0.0140625,0.028703703703703703
1,0.6036458333333333,0.45185185185185184,0.014583333333333334,0.02962962962962963
1,0.5989583333333334,0.47962962962962963,0.015625,0.024074074074074074
1,0.5981770833333333,0.49537037037037035,0.018229166666666668,0.02962962962962963
1,0.5989583333333334,0.5115740740740741,0.015625,0.023148148148148147
1,0.6018229166666667,0.5337962962962963,0.0171875,0.03425925925925926
1,0.6018229166666667,0.524537037037037,0.0171875,0.025
1,0.67109375,0.36018518518518516,0.011979166666666667,0.02962962962962963
1,0.6802083333333333,0.3699074074074074,0.016666666666666666,0.03981481481481482
1,0.6984375,0.41759259259259257,0.020833333333333332,0.03333333333333333
1,0.7057291666666666,0.387037037037037,0.017708333333333333,0.024074074074074074
1,0.7190104166666667,0.36712962962962964,0.016145833333333335,0.028703703703703703
1,0.6947916666666667,0.3611111111111111,0.016666666666666666,0.02962962962962963
1,0.65234375,0.5189814814814815,0.0203125,0.025
1,0.5864583333333333,0.5689814814814815,0.01875,0.03611111111111111
1,0.5940104166666667,0.6402777777777777,0.016145833333333335,0.025
1,0.5888020833333333,0.5949074074074074,0.0203125,0.026851851851851852
1,0.5989583333333334,0.549537037037037,0.014583333333333334,0.028703703703703703
1,0.6067708333333334,0.5611111111111111,0.015625,0.022222222222222223
1,0.6057291666666667,0.5847222222222223,0.016666666666666666,0.023148148148148147
1,0.6130208333333333,0.5782407407407407,0.016666666666666666,0.026851851851851852
1,0.6041666666666666,0.6162037037037037,0.020833333333333332,0.028703703703703703
1,0.6260416666666667,0.6097222222222223,0.015625,0.023148148148148147
1,0.61484375,0.6194444444444445,0.016145833333333335,0.025925925925925925
1,0.6104166666666667,0.6592592592592592,0.020833333333333332,0.027777777777777776
1,0.6140625,0.6416666666666667,0.017708333333333333,0.024074074074074074
1,0.6276041666666666,0.662962962962963,0.022916666666666665,0.02962962962962963
1,0.6369791666666667,0.662962962962963,0.020833333333333332,0.03148148148148148
2,0.6630208333333333,0.65,0.020833333333333332,0.03148148148148148
1,0.6598958333333333,0.6754629629629629,0.017708333333333333,0.026851851851851852
1,0.6333333333333333,0.6875,0.01875,0.025
1,0.6447916666666667,0.6782407407407407,0.0125,0.023148148148148147
1,0.6643229166666667,0.7199074074074074,0.0265625,0.023148148148148147
1,0.6723958333333333,0.7037037037037037,0.017708333333333333,0.018518518518518517
1,0.6830729166666667,0.6930555555555555,0.019270833333333334,0.023148148148148147
1,0.6955729166666667,0.7046296296296296,0.019270833333333334,0.022222222222222223
1,0.7020833333333333,0.7013888888888888,0.015625,0.021296296296296296
1,0.71171875,0.7055555555555556,0.021354166666666667,0.024074074074074074
2,0.13046875,0.7986111111111112,0.018229166666666668,0.03425925925925926
10,0.13255208333333332,0.8018518518518518,0.03802083333333333,0.03518518518518519
10,0.29010416666666666,0.5375,0.03229166666666667,0.030555555555555555
3,0.22864583333333333,0.6458333333333334,0.03958333333333333,0.030555555555555555
3,0.21614583333333334,0.6268518518518519,0.025,0.04814814814814815
3,0.24322916666666666,0.5055555555555555,0.03125,0.027777777777777776
7,0.28098958333333335,0.6666666666666666,0.03177083333333333,0.018518518518518517
3,0.33229166666666665,0.6537037037037037,0.035416666666666666,0.025925925925925925
3,0.3299479166666667,0.6847222222222222,0.028645833333333332,0.028703703703703703
1,0.3072916666666667,0.5939814814814814,0.017708333333333333,0.04722222222222222
1,0.33880208333333334,0.5550925925925926,0.011979166666666667,0.03981481481481482
1,0.3184895833333333,0.5703703703703704,0.0140625,0.025925925925925925
3,0.321875,0.5472222222222223,0.028125,0.04259259259259259
3,0.37786458333333334,0.5773148148148148,0.0203125,0.049074074074074076
3,0.38828125,0.5814814814814815,0.019270833333333334,0.046296296296296294
3,0.3997395833333333,0.5763888888888888,0.0265625,0.04722222222222222
3,0.44869791666666664,0.6078703703703704,0.028645833333333332,0.03796296296296296
3,0.4471354166666667,0.6226851851851852,0.0265625,0.03425925925925926
3,0.40286458333333336,0.7212962962962963,0.024479166666666666,0.06481481481481481
3,0.4197916666666667,0.6847222222222222,0.029166666666666667,0.06759259259259259
10,0.4390625,0.6995370370370371,0.014583333333333334,0.062037037037037036
1,0.42135416666666664,0.6375,0.01875,0.030555555555555555
3,0.36354166666666665,0.6939814814814815,0.027083333333333334,0.058333333333333334
3,0.36666666666666664,0.5666666666666667,0.028125,0.046296296296296294
10,0.31223958333333335,0.5810185185185185,0.033854166666666664,0.028703703703703703
