1,0.4505208333333333,0.7541666666666667,0.023958333333333335,0.09722222222222222
1,0.4317708333333333,0.6027777777777777,0.015625,0.07222222222222222
1,0.4166666666666667,0.6046296296296296,0.014583333333333334,0.053703703703703705
1,0.43359375,0.5199074074074074,0.0140625,0.05648148148148148
1,0.47708333333333336,0.45925925925925926,0.0125,0.044444444444444446
1,0.46145833333333336,0.4587962962962963,0.010416666666666666,0.05277777777777778
1,0.44973958333333336,0.4564814814814815,0.0109375,0.040740740740740744
1,0.5278645833333333,0.46296296296296297,0.0109375,0.053703703703703705
4,0.5328125,0.5726851851851852,0.04583333333333333,0.08611111111111111
4,0.41171875,0.4925925925925926,0.06510416666666667,0.05925925925925926
4,0.50625,0.42962962962962964,0.042708333333333334,0.05185185185185185
1,0.48072916666666665,0.42916666666666664,0.009375,0.04351851851851852
1,0.4041666666666667,0.31851851851851853,0.004166666666666667,0.022222222222222223
1,0.4088541666666667,0.31527777777777777,0.005208333333333333,0.023148148148148147
1,0.4153645833333333,0.31712962962962965,0.005729166666666666,0.025
4,0.3731770833333333,0.2652777777777778,0.025520833333333333,0.021296296296296296
4,0.4005208333333333,0.2587962962962963,0.010416666666666666,0.013888888888888888
2,0.4127604166666667,0.2569444444444444,0.0036458333333333334,0.010185185185185186
4,0.415625,0.2523148148148148,0.010416666666666666,0.012037037037037037
0,0.4752604166666667,0.32685185185185184,0.0515625,0.04814814814814815
10,0.0390625,0.5101851851851852,0.030208333333333334,0.04259259259259259
1,0.403125,0.27824074074074073,0.005208333333333333,0.019444444444444445
1,0.39869791666666665,0.26666666666666666,0.0036458333333333334,0.014814814814814815
3,0.4127604166666667,0.25972222222222224,0.005729166666666666,0.006481481481481481
1,0.41744791666666664,0.29444444444444445,0.0046875,0.020370370370370372
