9,0.48098958333333336,0.8703703703703703,0.07447916666666667,0.2037037037037037
9,0.3609375,0.3925925925925926,0.01875,0.05185185185185185
6,0.38177083333333334,0.5615740740740741,0.034375,0.10277777777777777
6,0.290625,0.4101851851851852,0.015625,0.03333333333333333
6,0.30364583333333334,0.3162037037037037,0.009375,0.023148148148148147
6,0.3419270833333333,0.35694444444444445,0.013020833333333334,0.028703703703703703
6,0.3072916666666667,0.26157407407407407,0.005208333333333333,0.017592592592592594
6,0.41354166666666664,0.2884259259259259,0.015625,0.013888888888888888
4,0.30364583333333334,0.2875,0.005208333333333333,0.010185185185185186
4,0.30859375,0.3523148148148148,0.0067708333333333336,0.017592592592592594
4,0.42734375,0.29444444444444445,0.0046875,0.009259259259259259
4,0.30520833333333336,0.23425925925925925,0.003125,0.007407407407407408
4,0.31692708333333336,0.23055555555555557,0.0036458333333333334,0.007407407407407408
4,0.2565104166666667,0.4546296296296296,0.018229166666666668,0.022222222222222223
4,0.3802083333333333,0.2300925925925926,0.003125,0.004629629629629629
4,0.38671875,0.24074074074074073,0.0067708333333333336,0.007407407407407408
4,0.38984375,0.24537037037037038,0.0067708333333333336,0.007407407407407408
4,0.40520833333333334,0.24675925925925926,0.004166666666666667,0.006481481481481481
4,0.3921875,0.25324074074074077,0.007291666666666667,0.006481481481481481
4,0.39609375,0.2587962962962963,0.0067708333333333336,0.006481481481481481
4,0.384375,0.23703703703703705,0.00625,0.005555555555555556
4,0.3802083333333333,0.22685185185185186,0.005208333333333333,0.003703703703703704
4,0.39296875,0.25277777777777777,0.0078125,0.005555555555555556
5,0.16927083333333334,0.262037037037037,0.007291666666666667,0.011111111111111112
4,0.19088541666666667,0.25925925925925924,0.0046875,0.007407407407407408
6,0.20364583333333333,0.24953703703703703,0.013541666666666667,0.008333333333333333
4,0.2109375,0.22824074074074074,0.004166666666666667,0.004629629629629629
5,0.22604166666666667,0.20601851851851852,0.004166666666666667,0.006481481481481481
0,0.2296875,0.20046296296296295,0.003125,0.004629629629629629
6,0.31640625,0.19490740740740742,0.0046875,0.008333333333333333
6,0.3458333333333333,0.16527777777777777,0.005208333333333333,0.008333333333333333
6,0.34791666666666665,0.17731481481481481,0.005208333333333333,0.008333333333333333
6,0.33828125,0.18472222222222223,0.0036458333333333334,0.006481481481481481
4,0.32265625,0.18518518518518517,0.0026041666666666665,0.005555555555555556
4,0.32473958333333336,0.20046296296296295,0.0036458333333333334,0.004629629629629629
4,0.32760416666666664,0.18981481481481483,0.005208333333333333,0.005555555555555556
4,0.33567708333333335,0.19027777777777777,0.0036458333333333334,0.006481481481481481
1,0.30703125,0.19907407407407407,0.0015625,0.005555555555555556
1,0.30494791666666665,0.20092592592592592,0.0015625,0.005555555555555556
0,0.303125,0.21481481481481482,0.003125,0.009259259259259259
4,0.21979166666666666,0.2273148148148148,0.00625,0.008333333333333333
