4,0.05078125,0.7856481481481481,0.0484375,0.13240740740740742
4,0.090625,0.46620370370370373,0.036458333333333336,0.06759259259259259
4,0.5244791666666667,0.4981481481481482,0.041666666666666664,0.05740740740740741
4,0.5690104166666666,0.44074074074074077,0.04010416666666667,0.06111111111111111
4,0.61796875,0.4462962962962963,0.0359375,0.05185185185185185
4,0.034895833333333334,0.3490740740740741,0.035416666666666666,0.05740740740740741
1,0.004166666666666667,0.6310185185185185,0.007291666666666667,0.017592592592592594
10,0.41171875,0.4152777777777778,0.008854166666666666,0.023148148148148147
10,0.43385416666666665,0.40879629629629627,0.010416666666666666,0.013888888888888888
7,0.434375,0.37037037037037035,0.011458333333333333,0.018518518518518517
10,0.37083333333333335,0.3384259259259259,0.010416666666666666,0.012037037037037037
1,0.30572916666666666,0.29444444444444445,0.004166666666666667,0.020370370370370372
1,0.29453125,0.24583333333333332,0.0036458333333333334,0.019444444444444445
1,0.27682291666666664,0.24074074074074073,0.0036458333333333334,0.018518518518518517
1,0.28177083333333336,0.24074074074074073,0.003125,0.018518518518518517
1,0.31640625,0.25555555555555554,0.0026041666666666665,0.016666666666666666
1,0.32265625,0.25555555555555554,0.0036458333333333334,0.018518518518518517
1,0.3109375,0.25,0.003125,0.014814814814814815
1,0.36015625,0.3402777777777778,0.0046875,0.019444444444444445
1,0.55859375,0.1361111111111111,0.0036458333333333334,0.018518518518518517
1,0.6651041666666667,0.7648148148148148,0.011458333333333333,0.027777777777777776
1,0.6638020833333333,0.7787037037037037,0.0078125,0.018518518518518517
1,0.6697916666666667,0.7861111111111111,0.011458333333333333,0.025925925925925925
4,0.690625,0.3490740740740741,0.034375,0.053703703703703705
4,0.7161458333333334,0.16111111111111112,0.023958333333333335,0.044444444444444446
4,0.7200520833333334,0.22777777777777777,0.0171875,0.040740740740740744
2,0.4127604166666667,0.4074074074074074,0.0067708333333333336,0.018518518518518517
2,0.4356770833333333,0.40555555555555556,0.0078125,0.020370370370370372
