10,0.5184895833333333,0.012037037037037037,0.0109375,0.024074074074074074
2,0.5177083333333333,0.012037037037037037,0.008333333333333333,0.022222222222222223
1,0.5291666666666667,0.010648148148148148,0.004166666666666667,0.019444444444444445
2,0.4080729166666667,0.04675925925925926,0.0067708333333333336,0.021296296296296296
3,0.4078125,0.056018518518518516,0.009375,0.023148148148148147
1,0.3609375,0.08703703703703704,0.005208333333333333,0.025925925925925925
1,0.33177083333333335,0.16527777777777777,0.00625,0.025
1,0.32057291666666665,0.18287037037037038,0.0067708333333333336,0.025
1,0.2947916666666667,0.19537037037037036,0.007291666666666667,0.018518518518518517
1,0.2864583333333333,0.24537037037037038,0.00625,0.022222222222222223
5,0.3072916666666667,0.14537037037037037,0.03854166666666667,0.06666666666666667
4,0.38255208333333335,0.19305555555555556,0.03802083333333333,0.06574074074074074
1,0.49192708333333335,0.08657407407407407,0.0046875,0.028703703703703703
2,0.4049479166666667,0.21898148148148147,0.0067708333333333336,0.023148148148148147
10,0.4046875,0.21712962962962962,0.015625,0.025
6,0.4666666666666667,0.20092592592592592,0.05,0.11666666666666667
6,0.39348958333333334,0.3236111111111111,0.05572916666666667,0.08611111111111111
6,0.30807291666666664,0.2523148148148148,0.043229166666666666,0.0824074074074074
2,0.4080729166666667,0.26666666666666666,0.0078125,0.014814814814814815
2,0.359375,0.3541666666666667,0.009375,0.013888888888888888
8,0.33515625,0.4064814814814815,0.0234375,0.03518518518518519
1,0.34739583333333335,0.43148148148148147,0.007291666666666667,0.018518518518518517
1,0.35625,0.4847222222222222,0.00625,0.017592592592592594
1,0.3645833333333333,0.47824074074074074,0.007291666666666667,0.019444444444444445
2,0.3815104166666667,0.5513888888888889,0.008854166666666666,0.017592592592592594
4,0.290625,0.44166666666666665,0.03125,0.09444444444444444
1,0.24244791666666668,0.23796296296296296,0.008854166666666666,0.024074074074074074
1,0.22760416666666666,0.3277777777777778,0.008333333333333333,0.020370370370370372
1,0.21875,0.32037037037037036,0.009375,0.024074074074074074
8,0.14375,0.43703703703703706,0.023958333333333335,0.040740740740740744
2,0.17265625,0.45231481481481484,0.016145833333333335,0.021296296296296296
11,0.17369791666666667,0.4532407407407407,0.0171875,0.021296296296296296
8,0.16302083333333334,0.4666666666666667,0.020833333333333332,0.02962962962962963
1,0.16458333333333333,0.4888888888888889,0.0125,0.020370370370370372
1,0.15494791666666666,0.48564814814814816,0.011979166666666667,0.017592592592592594
1,0.15572916666666667,0.4962962962962963,0.013541666666666667,0.016666666666666666
1,0.13697916666666668,0.5180555555555556,0.0125,0.01574074074074074
1,0.12786458333333334,0.5310185185185186,0.013020833333333334,0.017592592592592594
1,0.12942708333333333,0.5509259259259259,0.0109375,0.012962962962962963
1,0.11510416666666666,0.5458333333333333,0.0125,0.017592592592592594
6,0.10286458333333333,0.5,0.05260416666666667,0.09259259259259259
6,0.04765625,0.5972222222222222,0.08489583333333334,0.12407407407407407
2,0.1125,0.611574074074074,0.019791666666666666,0.019444444444444445
10,0.1125,0.611574074074074,0.020833333333333332,0.03796296296296296
3,0.11796875,0.674074074074074,0.024479166666666666,0.014814814814814815
2,0.11536458333333334,0.6731481481481482,0.0109375,0.016666666666666666
4,0.49270833333333336,0.8861111111111111,0.06875,0.11481481481481481
4,0.40677083333333336,0.8305555555555556,0.058333333333333334,0.10740740740740741
6,0.37916666666666665,0.7087962962962963,0.06041666666666667,0.10648148148148148
5,0.31927083333333334,0.6282407407407408,0.030208333333333334,0.08425925925925926
7,0.30026041666666664,0.6949074074074074,0.028645833333333332,0.0712962962962963
6,0.2604166666666667,0.7685185185185185,0.075,0.2351851851851852
6,0.13203125,0.737037037037037,0.08802083333333334,0.07592592592592592
6,0.08125,0.8310185185185185,0.057291666666666664,0.11203703703703703
3,0.023697916666666666,0.7416666666666667,0.019270833333333334,0.03518518518518519
2,0.020833333333333332,0.7379629629629629,0.013541666666666667,0.016666666666666666
4,0.009114583333333334,0.7351851851851852,0.018229166666666668,0.05555555555555555
8,0.008854166666666666,0.8921296296296296,0.017708333333333333,0.021296296296296296
1,0.13645833333333332,0.8666666666666667,0.014583333333333334,0.018518518518518517
1,0.20651041666666667,0.8236111111111111,0.011979166666666667,0.012037037037037037
1,0.21458333333333332,0.8421296296296297,0.013541666666666667,0.019444444444444445
2,0.18489583333333334,0.8685185185185185,0.010416666666666666,0.012962962962962963
