6,0.2640625,0.6861111111111111,0.030208333333333334,0.07407407407407407
6,0.22135416666666666,0.6555555555555556,0.029166666666666667,0.09814814814814815
1,0.475,0.5805555555555556,0.005208333333333333,0.022222222222222223
3,0.5307291666666667,0.5990740740740741,0.010416666666666666,0.044444444444444446
4,0.05078125,0.3351851851851852,0.0359375,0.024074074074074074
1,0.19244791666666666,0.37916666666666665,0.0046875,0.019444444444444445
1,0.1953125,0.38101851851851853,0.005208333333333333,0.021296296296296296
1,0.2265625,0.3055555555555556,0.005208333333333333,0.022222222222222223
1,0.22473958333333333,0.3277777777777778,0.0046875,0.018518518518518517
1,0.24713541666666666,0.3194444444444444,0.005729166666666666,0.018518518518518517
1,0.215625,0.3787037037037037,0.005208333333333333,0.020370370370370372
1,0.21197916666666666,0.3962962962962963,0.004166666666666667,0.018518518518518517
1,0.21979166666666666,0.38657407407407407,0.005208333333333333,0.017592592592592594
1,0.284375,0.37407407407407406,0.00625,0.02962962962962963
9,0.01875,0.6212962962962963,0.0375,0.0962962962962963
9,0.19713541666666667,0.5402777777777777,0.16927083333333334,0.15648148148148147
1,0.16770833333333332,0.6185185185185185,0.010416666666666666,0.040740740740740744
1,0.18854166666666666,0.6078703703703704,0.0125,0.03425925925925926
1,0.18723958333333332,0.624537037037037,0.0109375,0.03611111111111111
1,0.1953125,0.6361111111111111,0.011458333333333333,0.02962962962962963
1,0.3223958333333333,0.575925925925926,0.0125,0.037037037037037035
1,0.3265625,0.5851851851851851,0.010416666666666666,0.03148148148148148
9,0.3768229166666667,0.487962962962963,0.1046875,0.10185185185185185
1,0.4890625,0.5194444444444445,0.008333333333333333,0.03518518518518519
1,0.46848958333333335,0.5013888888888889,0.0067708333333333336,0.03611111111111111
5,0.4940104166666667,0.37592592592592594,0.05260416666666667,0.04814814814814815
10,0.45338541666666665,0.4810185185185185,0.0171875,0.04351851851851852
10,0.465625,0.47962962962962963,0.013541666666666667,0.037037037037037035
10,0.4734375,0.4736111111111111,0.01875,0.041666666666666664
10,0.48854166666666665,0.46296296296296297,0.017708333333333333,0.04259259259259259
10,0.49973958333333335,0.4634259259259259,0.0203125,0.03611111111111111
10,0.5057291666666667,0.46111111111111114,0.017708333333333333,0.04259259259259259
10,0.5169270833333334,0.45694444444444443,0.019270833333333334,0.04537037037037037
10,0.5236979166666667,0.4550925925925926,0.0203125,0.03981481481481482
10,0.5299479166666666,0.45185185185185184,0.0203125,0.046296296296296294
10,0.5356770833333333,0.45092592592592595,0.0171875,0.04259259259259259
10,0.5440104166666667,0.44907407407407407,0.019270833333333334,0.04259259259259259
1,0.5630208333333333,0.4722222222222222,0.007291666666666667,0.03333333333333333
5,0.6489583333333333,0.4013888888888889,0.053125,0.05277777777777778
1,0.65078125,0.2884259259259259,0.0067708333333333336,0.026851851851851852
1,0.5020833333333333,0.324537037037037,0.008333333333333333,0.026851851851851852
2,0.5018229166666667,0.3199074074074074,0.0046875,0.01574074074074074
1,0.4596354166666667,0.22453703703703703,0.0036458333333333334,0.012037037037037037
1,0.46197916666666666,0.225,0.003125,0.014814814814814815
1,0.3484375,0.09398148148148149,0.0020833333333333333,0.012037037037037037
5,0.3703125,0.10833333333333334,0.009375,0.016666666666666666
4,0.38385416666666666,0.1125,0.009375,0.012037037037037037
11,0.39479166666666665,0.17222222222222222,0.011458333333333333,0.03148148148148148
4,0.43203125,0.07824074074074074,0.0067708333333333336,0.013888888888888888
5,0.43125,0.06111111111111111,0.005208333333333333,0.014814814814814815
5,0.38515625,0.060648148148148145,0.0067708333333333336,0.013888888888888888
4,0.378125,0.05416666666666667,0.005208333333333333,0.010185185185185186
4,0.3880208333333333,0.05462962962962963,0.00625,0.009259259259259259
4,0.4049479166666667,0.05555555555555555,0.005729166666666666,0.011111111111111112
5,0.4283854166666667,0.01574074074074074,0.0046875,0.009259259259259259
5,0.42942708333333335,0.010648148148148148,0.0046875,0.012037037037037037
5,0.4296875,0.006944444444444444,0.004166666666666667,0.010185185185185186
1,0.38515625,0.008796296296296297,0.0015625,0.008333333333333333
1,0.38645833333333335,0.008333333333333333,0.0020833333333333333,0.009259259259259259
1,0.3578125,0.07268518518518519,0.0020833333333333333,0.012037037037037037
1,0.35963541666666665,0.0587962962962963,0.0015625,0.010185185185185186
1,0.3611979166666667,0.06157407407407407,0.0015625,0.008333333333333333
1,0.36328125,0.06018518518518518,0.0015625,0.009259259259259259
