10,0.19192708333333333,0.8870370370370371,0.0203125,0.08518518518518518
10,0.21302083333333333,0.5259259259259259,0.022916666666666665,0.09074074074074075
4,0.020052083333333335,0.44074074074074077,0.04010416666666667,0.05925925925925926
4,0.027604166666666666,0.13425925925925927,0.036458333333333336,0.10925925925925926
4,0.5041666666666667,0.04027777777777778,0.03229166666666667,0.08055555555555556
10,0.53671875,0.058333333333333334,0.022395833333333334,0.03148148148148148
10,0.5489583333333333,0.041666666666666664,0.01875,0.024074074074074074
10,0.5520833333333334,0.02175925925925926,0.025,0.025
10,0.4890625,0.2814814814814815,0.0125,0.044444444444444446
4,0.45729166666666665,0.3277777777777778,0.06145833333333333,0.09444444444444444
10,0.5388020833333333,0.27870370370370373,0.0265625,0.025925925925925925
10,0.5369791666666667,0.2638888888888889,0.025,0.02962962962962963
10,0.5643229166666667,0.2722222222222222,0.0265625,0.02962962962962963
10,0.5653645833333333,0.2949074074074074,0.027604166666666666,0.025
10,0.5692708333333333,0.3148148148148148,0.029166666666666667,0.022222222222222223
10,0.5447916666666667,0.3282407407407407,0.029166666666666667,0.026851851851851852
10,0.5510416666666667,0.35138888888888886,0.03125,0.026851851851851852
10,0.5645833333333333,0.3712962962962963,0.029166666666666667,0.025925925925925925
10,0.5533854166666666,0.39537037037037037,0.024479166666666666,0.03148148148148148
10,0.5640625,0.40694444444444444,0.028125,0.021296296296296296
10,0.5614583333333333,0.425,0.028125,0.024074074074074074
10,0.584375,0.4222222222222222,0.025,0.03333333333333333
3,0.5786458333333333,0.3990740740740741,0.025,0.025925925925925925
10,0.5989583333333334,0.4064814814814815,0.011458333333333333,0.04814814814814815
10,0.6111979166666667,0.4,0.018229166666666668,0.044444444444444446
1,0.5872395833333334,0.3101851851851852,0.011979166666666667,0.03518518518518519
4,0.46822916666666664,0.4166666666666667,0.0625,0.1
5,0.47734375,0.48842592592592593,0.06197916666666667,0.11574074074074074
3,0.46380208333333334,0.5768518518518518,0.021354166666666667,0.037037037037037035
10,0.471875,0.6069444444444444,0.028125,0.025
10,0.48671875,0.6175925925925926,0.0359375,0.024074074074074074
10,0.5028645833333333,0.5884259259259259,0.033854166666666664,0.023148148148148147
2,0.5651041666666666,0.4949074074074074,0.009375,0.021296296296296296
2,0.5580729166666667,0.5060185185185185,0.008854166666666666,0.019444444444444445
2,0.5640625,0.524074074074074,0.009375,0.018518518518518517
2,0.5744791666666667,0.5300925925925926,0.010416666666666666,0.017592592592592594
2,0.5864583333333333,0.524537037037037,0.0125,0.019444444444444445
2,0.5755208333333334,0.49074074074074076,0.010416666666666666,0.020370370370370372
2,0.5885416666666666,0.5018518518518519,0.013541666666666667,0.022222222222222223
2,0.6174479166666667,0.49907407407407406,0.011979166666666667,0.020370370370370372
2,0.6234375,0.5268518518518519,0.015625,0.022222222222222223
1,0.5372395833333333,0.5731481481481482,0.011979166666666667,0.020370370370370372
1,0.5328125,0.5939814814814814,0.013541666666666667,0.030555555555555555
1,0.5455729166666666,0.6291666666666667,0.0140625,0.025
2,0.6213541666666667,0.5680555555555555,0.008333333333333333,0.028703703703703703
2,0.6026041666666667,0.5916666666666667,0.016666666666666666,0.018518518518518517
1,0.6057291666666667,0.612037037037037,0.015625,0.022222222222222223
2,0.5072916666666667,0.7342592592592593,0.015625,0.018518518518518517
10,0.6453125,0.5888888888888889,0.027083333333333334,0.022222222222222223
2,0.64921875,0.711574074074074,0.011979166666666667,0.017592592592592594
2,0.6541666666666667,0.7296296296296296,0.0125,0.018518518518518517
2,0.67421875,0.7023148148148148,0.015104166666666667,0.019444444444444445
2,0.6778645833333333,0.7245370370370371,0.015104166666666667,0.019444444444444445
2,0.6973958333333333,0.8041666666666667,0.014583333333333334,0.021296296296296296
2,0.7036458333333333,0.8310185185185185,0.015625,0.021296296296296296
2,0.6768229166666667,0.8212962962962963,0.0109375,0.020370370370370372
2,0.6807291666666667,0.8435185185185186,0.010416666666666666,0.018518518518518517
2,0.6453125,0.8546296296296296,0.010416666666666666,0.024074074074074074
2,0.625,0.8537037037037037,0.0125,0.018518518518518517
1,0.6177083333333333,0.8731481481481481,0.01875,0.020370370370370372
2,0.6513020833333333,0.9111111111111111,0.016145833333333335,0.018518518518518517
2,0.6682291666666667,0.9259259259259259,0.014583333333333334,0.027777777777777776
1,0.6752604166666667,0.9541666666666667,0.015104166666666667,0.028703703703703703
2,0.64296875,0.9300925925925926,0.015104166666666667,0.030555555555555555
