4,0.275,0.018055555555555554,0.026041666666666668,0.03611111111111111
4,0.23229166666666667,0.08425925925925926,0.026041666666666668,0.04814814814814815
1,0.20416666666666666,0.05925925925925926,0.00625,0.022222222222222223
5,0.28802083333333334,0.059722222222222225,0.036458333333333336,0.04722222222222222
5,0.2520833333333333,0.13796296296296295,0.029166666666666667,0.06296296296296296
1,0.2794270833333333,0.1050925925925926,0.005729166666666666,0.023148148148148147
1,0.27239583333333334,0.15324074074074073,0.00625,0.021296296296296296
1,0.2591145833333333,0.1712962962962963,0.0078125,0.018518518518518517
1,0.2591145833333333,0.22361111111111112,0.0046875,0.019444444444444445
6,0.3234375,0.1300925925925926,0.042708333333333334,0.09537037037037037
1,0.37213541666666666,0.16527777777777777,0.0046875,0.025
1,0.365625,0.16944444444444445,0.003125,0.018518518518518517
4,0.27421875,0.20694444444444443,0.030729166666666665,0.062037037037037036
4,0.3020833333333333,0.2708333333333333,0.03125,0.06574074074074074
1,0.25885416666666666,0.34120370370370373,0.007291666666666667,0.019444444444444445
1,0.26119791666666664,0.3375,0.0036458333333333334,0.017592592592592594
1,0.26197916666666665,0.37916666666666665,0.00625,0.017592592592592594
1,0.2677083333333333,0.3888888888888889,0.005208333333333333,0.020370370370370372
10,0.35208333333333336,0.19166666666666668,0.017708333333333333,0.024074074074074074
10,0.35520833333333335,0.2,0.016666666666666666,0.02962962962962963
10,0.3609375,0.20972222222222223,0.014583333333333334,0.028703703703703703
10,0.3619791666666667,0.21666666666666667,0.019791666666666666,0.02962962962962963
10,0.3658854166666667,0.2222222222222222,0.018229166666666668,0.02962962962962963
10,0.36770833333333336,0.23425925925925925,0.017708333333333333,0.025925925925925925
10,0.371875,0.24074074074074073,0.017708333333333333,0.02962962962962963
10,0.37578125,0.2490740740740741,0.018229166666666668,0.025925925925925925
10,0.37916666666666665,0.2564814814814815,0.01875,0.027777777777777776
10,0.38203125,0.2625,0.021354166666666667,0.03796296296296296
10,0.38385416666666666,0.27685185185185185,0.017708333333333333,0.024074074074074074
10,0.3880208333333333,0.2875,0.01875,0.023148148148148147
10,0.39114583333333336,0.29398148148148145,0.015625,0.023148148148148147
10,0.39609375,0.3050925925925926,0.015104166666666667,0.023148148148148147
1,0.409375,0.2708333333333333,0.00625,0.025
10,0.4046875,0.32037037037037036,0.019791666666666666,0.02962962962962963
10,0.41171875,0.3523148148148148,0.0140625,0.023148148148148147
10,0.40963541666666664,0.3388888888888889,0.018229166666666668,0.027777777777777776
10,0.4080729166666667,0.3296296296296296,0.015104166666666667,0.024074074074074074
1,0.23958333333333334,0.45,0.007291666666666667,0.022222222222222223
10,0.22317708333333333,0.43333333333333335,0.013020833333333334,0.016666666666666666
1,0.36015625,0.48703703703703705,0.005729166666666666,0.014814814814814815
1,0.39166666666666666,0.5328703703703703,0.008333333333333333,0.01574074074074074
1,0.3502604166666667,0.5069444444444444,0.0078125,0.023148148148148147
1,0.365625,0.5152777777777777,0.00625,0.01574074074074074
1,0.3111979166666667,0.49212962962962964,0.0046875,0.017592592592592594
1,0.25546875,0.5013888888888889,0.005729166666666666,0.01574074074074074
1,0.27317708333333335,0.5055555555555555,0.0067708333333333336,0.011111111111111112
1,0.28151041666666665,0.5226851851851851,0.0067708333333333336,0.012037037037037037
1,0.2708333333333333,0.5180555555555556,0.007291666666666667,0.013888888888888888
1,0.27395833333333336,0.5305555555555556,0.00625,0.014814814814814815
1,0.4713541666666667,0.5111111111111111,0.008333333333333333,0.016666666666666666
1,0.52734375,0.5083333333333333,0.008854166666666666,0.014814814814814815
1,0.5890625,0.46296296296296297,0.008333333333333333,0.016666666666666666
1,0.60078125,0.4300925925925926,0.008854166666666666,0.01574074074074074
1,0.19973958333333333,0.5662037037037037,0.008854166666666666,0.017592592592592594
1,0.19609375,0.5523148148148148,0.009895833333333333,0.017592592592592594
1,0.18177083333333333,0.6046296296296296,0.007291666666666667,0.011111111111111112
3,0.37604166666666666,0.5055555555555555,0.009375,0.025925925925925925
