1,0.6856770833333333,0.8953703703703704,0.022395833333333334,0.1
1,0.7111979166666667,0.6648148148148149,0.013020833333333334,0.05185185185185185
4,0.6333333333333333,0.6777777777777778,0.08020833333333334,0.04814814814814815
4,0.6236979166666666,0.6541666666666667,0.06510416666666667,0.030555555555555555
4,0.6049479166666667,0.637962962962963,0.0546875,0.03148148148148148
4,0.5578125,0.6166666666666667,0.04895833333333333,0.03518518518518519
4,0.41302083333333334,0.5768518518518518,0.015625,0.025925925925925925
4,0.24817708333333333,0.5680555555555555,0.0265625,0.025
9,0.30442708333333335,0.5361111111111111,0.034895833333333334,0.03148148148148148
4,0.3578125,0.5291666666666667,0.011458333333333333,0.013888888888888888
4,0.4354166666666667,0.5203703703703704,0.007291666666666667,0.009259259259259259
4,0.11692708333333333,0.5986111111111111,0.0453125,0.03796296296296296
4,0.20677083333333332,0.5305555555555556,0.019791666666666666,0.011111111111111112
4,0.21770833333333334,0.5305555555555556,0.015625,0.012962962962962963
1,0.03723958333333333,0.5740740740740741,0.008854166666666666,0.024074074074074074
4,0.1046875,0.7342592592592593,0.0875,0.06666666666666667
4,0.44947916666666665,0.5203703703703704,0.007291666666666667,0.011111111111111112
