1,0.32708333333333334,0.9546296296296296,0.016666666666666666,0.03518518518518519
1,0.3260416666666667,0.8819444444444444,0.015625,0.06759259259259259
1,0.30182291666666666,0.875,0.016145833333333335,0.06111111111111111
1,0.2859375,0.8805555555555555,0.017708333333333333,0.06296296296296296
10,0.2703125,0.8416666666666667,0.017708333333333333,0.05925925925925926
1,0.33229166666666665,0.7425925925925926,0.013541666666666667,0.05555555555555555
1,0.3065104166666667,0.7398148148148148,0.013020833333333334,0.06296296296296296
1,0.29140625,0.7388888888888889,0.0140625,0.05555555555555555
1,0.34791666666666665,0.8337962962962963,0.014583333333333334,0.06574074074074074
1,0.37135416666666665,0.7453703703703703,0.010416666666666666,0.05925925925925926
1,0.38203125,0.7421296296296296,0.013020833333333334,0.05462962962962963
1,0.41015625,0.8638888888888889,0.0140625,0.06481481481481481
1,0.41901041666666666,0.8490740740740741,0.0109375,0.05925925925925926
1,0.40130208333333334,0.8523148148148149,0.0140625,0.06574074074074074
1,0.40338541666666666,0.737037037037037,0.0140625,0.053703703703703705
3,0.4041666666666667,0.7550925925925925,0.0125,0.049074074074074076
10,0.4119791666666667,0.6949074074074074,0.010416666666666666,0.03981481481481482
1,0.3875,0.6708333333333333,0.0125,0.05648148148148148
1,0.2994791666666667,0.6768518518518518,0.010416666666666666,0.05
1,0.4083333333333333,0.6527777777777778,0.010416666666666666,0.040740740740740744
1,0.39869791666666665,0.6458333333333334,0.0078125,0.04722222222222222
1,0.4075520833333333,0.6407407407407407,0.008854166666666666,0.03888888888888889
1,0.3776041666666667,0.6143518518518518,0.009375,0.049074074074074076
1,0.36822916666666666,0.6037037037037037,0.010416666666666666,0.04259259259259259
1,0.35833333333333334,0.6032407407407407,0.008333333333333333,0.04537037037037037
1,0.35390625,0.5518518518518518,0.008854166666666666,0.03518518518518519
1,0.3455729166666667,0.5537037037037037,0.0078125,0.037037037037037035
1,0.32135416666666666,0.5555555555555556,0.007291666666666667,0.037037037037037035
1,0.30104166666666665,0.5722222222222222,0.010416666666666666,0.03888888888888889
1,0.29661458333333335,0.5824074074074074,0.005729166666666666,0.03888888888888889
1,0.29010416666666666,0.6351851851851852,0.008333333333333333,0.04259259259259259
1,0.2911458333333333,0.625,0.007291666666666667,0.040740740740740744
1,0.38671875,0.5736111111111111,0.0078125,0.04351851851851852
1,0.3963541666666667,0.5731481481481482,0.005208333333333333,0.037037037037037035
1,0.3875,0.5569444444444445,0.007291666666666667,0.03796296296296296
1,0.37994791666666666,0.5023148148148148,0.005729166666666666,0.03425925925925926
1,0.38671875,0.5027777777777778,0.0067708333333333336,0.037037037037037035
1,0.39088541666666665,0.5273148148148148,0.005729166666666666,0.03611111111111111
1,0.39505208333333336,0.5231481481481481,0.0046875,0.03333333333333333
1,0.37135416666666665,0.49722222222222223,0.007291666666666667,0.03518518518518519
1,0.3736979166666667,0.4861111111111111,0.0046875,0.03148148148148148
1,0.3809895833333333,0.47453703703703703,0.0046875,0.028703703703703703
1,0.3703125,0.47638888888888886,0.005208333333333333,0.032407407407407406
1,0.30833333333333335,0.5097222222222222,0.007291666666666667,0.03425925925925926
1,0.3203125,0.49675925925925923,0.00625,0.028703703703703703
1,0.328125,0.4685185185185185,0.007291666666666667,0.02962962962962963
1,0.3171875,0.4736111111111111,0.00625,0.026851851851851852
1,0.35651041666666666,0.4675925925925926,0.0046875,0.027777777777777776
1,0.3328125,0.4398148148148148,0.004166666666666667,0.022222222222222223
1,0.328125,0.4375,0.003125,0.019444444444444445
1,0.3333333333333333,0.4324074074074074,0.003125,0.022222222222222223
1,0.31276041666666665,0.4388888888888889,0.0046875,0.024074074074074074
1,0.31953125,0.4351851851851852,0.0036458333333333334,0.022222222222222223
1,0.30755208333333334,0.4583333333333333,0.0046875,0.024074074074074074
1,0.30364583333333334,0.46111111111111114,0.004166666666666667,0.016666666666666666
1,0.3033854166666667,0.4847222222222222,0.0046875,0.026851851851851852
1,0.3,0.46620370370370373,0.004166666666666667,0.025
1,0.2950520833333333,0.4532407407407407,0.0046875,0.023148148148148147
1,0.29270833333333335,0.44814814814814813,0.004166666666666667,0.020370370370370372
1,0.2875,0.45,0.005208333333333333,0.024074074074074074
1,0.36640625,0.42407407407407405,0.0036458333333333334,0.024074074074074074
1,0.34010416666666665,0.41574074074074074,0.004166666666666667,0.024074074074074074
1,0.33489583333333334,0.4148148148148148,0.004166666666666667,0.022222222222222223
1,0.3294270833333333,0.4185185185185185,0.0036458333333333334,0.020370370370370372
1,0.3255208333333333,0.425,0.003125,0.022222222222222223
1,0.3203125,0.4273148148148148,0.004166666666666667,0.021296296296296296
1,0.30859375,0.4162037037037037,0.0036458333333333334,0.021296296296296296
1,0.3046875,0.4152777777777778,0.003125,0.021296296296296296
10,0.35520833333333335,0.43148148148148147,0.005208333333333333,0.016666666666666666
1,0.35494791666666664,0.4263888888888889,0.0036458333333333334,0.01574074074074074
1,0.3578125,0.4078703703703704,0.003125,0.019444444444444445
1,0.3536458333333333,0.4097222222222222,0.003125,0.021296296296296296
1,0.3502604166666667,0.3962962962962963,0.0036458333333333334,0.020370370370370372
4,0.3619791666666667,0.3939814814814815,0.0125,0.019444444444444445
1,0.35104166666666664,0.387037037037037,0.003125,0.020370370370370372
1,0.35208333333333336,0.37546296296296294,0.003125,0.019444444444444445
1,0.33307291666666666,0.40324074074074073,0.0036458333333333334,0.019444444444444445
1,0.33046875,0.3990740740740741,0.0026041666666666665,0.020370370370370372
1,0.328125,0.4023148148148148,0.004166666666666667,0.023148148148148147
1,0.32109375,0.4023148148148148,0.0036458333333333334,0.021296296296296296
1,0.30885416666666665,0.39305555555555555,0.003125,0.021296296296296296
1,0.31197916666666664,0.38981481481481484,0.003125,0.022222222222222223
1,0.3515625,0.35555555555555557,0.0020833333333333333,0.014814814814814815
1,0.35442708333333334,0.35509259259259257,0.0026041666666666665,0.01574074074074074
1,0.3645833333333333,0.36898148148148147,0.003125,0.017592592592592594
10,0.3372395833333333,0.3611111111111111,0.0026041666666666665,0.009259259259259259
10,0.3450520833333333,0.35462962962962963,0.0036458333333333334,0.011111111111111112
1,0.34453125,0.3490740740740741,0.0026041666666666665,0.011111111111111112
1,0.32786458333333335,0.5143518518518518,0.0046875,0.021296296296296296
1,0.33229166666666665,0.513425925925926,0.005208333333333333,0.023148148148148147
4,0.3299479166666667,0.5185185185185185,0.011979166666666667,0.03888888888888889
1,0.35885416666666664,0.3523148148148148,0.003125,0.013888888888888888
1,0.34661458333333334,0.3337962962962963,0.0026041666666666665,0.013888888888888888
0,0.33671875,0.32916666666666666,0.030729166666666665,0.04722222222222222
1,0.31927083333333334,0.36666666666666664,0.0020833333333333333,0.014814814814814815
1,0.37161458333333336,0.35648148148148145,0.0026041666666666665,0.012962962962962963
