1,0.14635416666666667,0.5777777777777777,0.016666666666666666,0.07037037037037037
1,0.37447916666666664,0.7217592592592592,0.020833333333333332,0.0824074074074074
1,0.3919270833333333,0.8949074074074074,0.0296875,0.11388888888888889
1,0.20260416666666667,0.4736111111111111,0.015625,0.04722222222222222
1,0.4,0.36064814814814816,0.010416666666666666,0.03796296296296296
2,0.04401041666666667,0.5351851851851852,0.019270833333333334,0.02962962962962963
2,0.2598958333333333,0.4777777777777778,0.008333333333333333,0.025925925925925925
2,0.25494791666666666,0.475462962962963,0.0109375,0.026851851851851852
2,0.38385416666666666,0.46620370370370373,0.011458333333333333,0.03981481481481482
2,0.4078125,0.33564814814814814,0.009375,0.026851851851851852
2,0.40338541666666666,0.28703703703703703,0.008854166666666666,0.025925925925925925
2,0.43359375,0.2657407407407407,0.0046875,0.022222222222222223
2,0.44609375,0.23564814814814813,0.005729166666666666,0.01574074074074074
2,0.42994791666666665,0.20555555555555555,0.0026041666666666665,0.011111111111111112
10,0.43020833333333336,0.20833333333333334,0.003125,0.009259259259259259
10,0.44583333333333336,0.2351851851851852,0.005208333333333333,0.012962962962962963
10,0.4044270833333333,0.2875,0.0078125,0.023148148148148147
3,0.43411458333333336,0.26805555555555555,0.0067708333333333336,0.01574074074074074
10,0.4078125,0.3439814814814815,0.00625,0.025
10,0.384375,0.4842592592592593,0.011458333333333333,0.046296296296296294
3,0.35234375,0.799074074074074,0.0171875,0.09444444444444444
5,0.20338541666666668,0.1935185185185185,0.008854166666666666,0.018518518518518517
4,0.21328125,0.19398148148148148,0.009895833333333333,0.013888888888888888
6,0.1828125,0.18935185185185185,0.014583333333333334,0.025
1,0.39036458333333335,0.2412037037037037,0.0046875,0.019444444444444445
1,0.38776041666666666,0.22916666666666666,0.0046875,0.017592592592592594
1,0.3953125,0.23425925925925925,0.003125,0.011111111111111112
2,0.39505208333333336,0.2310185185185185,0.0046875,0.017592592592592594
1,0.3919270833333333,0.23425925925925925,0.0046875,0.016666666666666666
2,0.3888020833333333,0.2162037037037037,0.0046875,0.012037037037037037
2,0.39296875,0.2152777777777778,0.0026041666666666665,0.008333333333333333
3,0.3932291666666667,0.21805555555555556,0.003125,0.006481481481481481
6,0.4153645833333333,0.2523148148148148,0.0171875,0.03796296296296296
7,0.40651041666666665,0.2152777777777778,0.005729166666666666,0.012037037037037037
2,0.40677083333333336,0.21064814814814814,0.003125,0.010185185185185186
4,0.4270833333333333,0.19027777777777777,0.004166666666666667,0.010185185185185186
0,0.425,0.1476851851851852,0.025,0.013888888888888888
4,0.45,0.18703703703703703,0.004166666666666667,0.007407407407407408
4,0.45260416666666664,0.2175925925925926,0.010416666666666666,0.012962962962962963
4,0.44088541666666664,0.20601851851851852,0.0078125,0.012037037037037037
4,0.47578125,0.22268518518518518,0.0109375,0.01574074074074074
4,0.4901041666666667,0.21157407407407408,0.008333333333333333,0.012037037037037037
4,0.5083333333333333,0.22175925925925927,0.011458333333333333,0.013888888888888888
4,0.5130208333333334,0.25324074074074077,0.015625,0.025
4,0.5200520833333333,0.2810185185185185,0.025520833333333333,0.026851851851851852
4,0.45,0.2050925925925926,0.008333333333333333,0.010185185185185186
5,0.4479166666666667,0.20925925925925926,0.009375,0.014814814814814815
1,0.5184895833333333,0.20092592592592592,0.0026041666666666665,0.009259259259259259
1,0.5205729166666667,0.2023148148148148,0.0026041666666666665,0.008333333333333333
1,0.53125,0.2064814814814815,0.003125,0.012962962962962963
2,0.5255208333333333,0.2101851851851852,0.0020833333333333333,0.007407407407407408
3,0.5252604166666667,0.2125,0.0036458333333333334,0.004629629629629629
3,0.540625,0.22361111111111112,0.004166666666666667,0.008333333333333333
2,0.54140625,0.22037037037037038,0.0036458333333333334,0.009259259259259259
2,0.5953125,0.24027777777777778,0.005208333333333333,0.013888888888888888
10,0.5955729166666667,0.24537037037037038,0.005729166666666666,0.009259259259259259
4,0.5333333333333333,0.26481481481481484,0.019791666666666666,0.022222222222222223
4,0.5341145833333333,0.3212962962962963,0.033854166666666664,0.05
4,0.5666666666666667,0.33564814814814814,0.034375,0.041666666666666664
4,0.5643229166666667,0.29259259259259257,0.024479166666666666,0.02962962962962963
4,0.5859375,0.31296296296296294,0.030208333333333334,0.03518518518518519
4,0.55,0.3597222222222222,0.035416666666666666,0.049074074074074076
4,0.5966145833333333,0.36944444444444446,0.044270833333333336,0.05555555555555555
4,0.58046875,0.41944444444444445,0.0484375,0.06296296296296296
4,0.6307291666666667,0.4759259259259259,0.06041666666666667,0.07777777777777778
4,0.646875,0.4287037037037037,0.06041666666666667,0.06851851851851852
4,0.66171875,0.37083333333333335,0.05364583333333333,0.05092592592592592
5,0.6177083333333333,0.3337962962962963,0.03958333333333333,0.049074074074074076
5,0.6005208333333333,0.2740740740740741,0.027083333333333334,0.027777777777777776
1,0.6377604166666667,0.25277777777777777,0.0026041666666666665,0.011111111111111112
1,0.640625,0.25046296296296294,0.004166666666666667,0.01574074074074074
1,0.7197916666666667,0.2814814814814815,0.007291666666666667,0.022222222222222223
3,0.6911458333333333,0.27546296296296297,0.0125,0.013888888888888888
10,0.6627604166666666,0.27685185185185185,0.0078125,0.012962962962962963
10,0.6484375,0.2689814814814815,0.007291666666666667,0.013888888888888888
2,0.6481770833333333,0.26296296296296295,0.005729166666666666,0.014814814814814815
2,0.6630208333333333,0.27175925925925926,0.00625,0.01574074074074074
4,0.6864583333333333,0.562037037037037,0.08541666666666667,0.12962962962962962
4,0.7072916666666667,0.5032407407407408,0.04375,0.0824074074074074
4,0.7109375,0.44675925925925924,0.034375,0.062037037037037036
4,0.70859375,0.41712962962962963,0.04114583333333333,0.05277777777777778
4,0.6893229166666667,0.7939814814814815,0.0796875,0.20833333333333334
6,0.55390625,0.2773148148148148,0.025520833333333333,0.032407407407407406
1,0.04401041666666667,0.19907407407407407,0.0036458333333333334,0.016666666666666666
1,0.04192708333333333,0.19490740740740742,0.0036458333333333334,0.01574074074074074
2,0.15442708333333333,0.5083333333333333,0.015104166666666667,0.025925925925925925
