1,0.77734375,1.324537037037037,0.019270833333333334,0.07314814814814814
10,0.73046875,1.2902777777777779,0.044270833333333336,0.05092592592592592
1,0.6419270833333334,1.3625,0.015104166666666667,0.05277777777777778
1,0.6223958333333334,1.3592592592592592,0.01875,0.05925925925925926
1,0.61640625,1.3773148148148149,0.011979166666666667,0.023148148148148147
3,0.7002604166666667,1.1824074074074074,0.0359375,0.05185185185185185
3,0.7223958333333333,1.2148148148148148,0.04375,0.07592592592592592
3,0.6716145833333333,1.1439814814814815,0.0328125,0.04537037037037037
5,0.6348958333333333,1.1962962962962962,0.10833333333333334,0.14814814814814814
1,0.6325520833333333,1.136111111111111,0.011979166666666667,0.06851851851851852
4,0.5955729166666667,1.0810185185185186,0.0984375,0.08611111111111111
4,0.5393229166666667,1.0,0.08072916666666667,0.1111111111111111
4,0.6421875,0.9050925925925926,0.06770833333333333,0.07685185185185185
4,0.69921875,0.8453703703703703,0.0546875,0.06296296296296296
5,0.44973958333333336,1.2083333333333333,0.0671875,0.1574074074074074
2,0.47578125,1.1689814814814814,0.018229166666666668,0.049074074074074076
2,0.5244791666666667,1.2055555555555555,0.017708333333333333,0.03888888888888889
2,0.5177083333333333,1.1912037037037038,0.015625,0.05462962962962963
2,0.5205729166666667,1.2050925925925926,0.0067708333333333336,0.017592592592592594
10,0.5192708333333333,1.1990740740740742,0.022916666666666665,0.07037037037037037
10,0.475,1.1837962962962962,0.022916666666666665,0.05648148148148148
4,0.6510416666666666,0.7509259259259259,0.04895833333333333,0.05740740740740741
5,0.6747395833333333,0.7328703703703704,0.050520833333333334,0.06944444444444445
4,0.69765625,0.7231481481481481,0.05260416666666667,0.05
2,0.49895833333333334,0.8763888888888889,0.010416666666666666,0.03796296296296296
2,0.45807291666666666,0.8351851851851851,0.008854166666666666,0.03518518518518519
2,0.46536458333333336,0.8291666666666667,0.008854166666666666,0.03425925925925926
3,0.484375,0.8430555555555556,0.0125,0.03981481481481482
3,0.50234375,0.8638888888888889,0.015104166666666667,0.040740740740740744
10,0.40989583333333335,0.8231481481481482,0.013541666666666667,0.037037037037037035
4,0.35833333333333334,0.8680555555555556,0.04791666666666667,0.08055555555555556
1,0.3182291666666667,1.0652777777777778,0.014583333333333334,0.05092592592592592
2,0.26145833333333335,1.010185185185185,0.020833333333333332,0.040740740740740744
2,0.28489583333333335,0.9833333333333333,0.014583333333333334,0.027777777777777776
7,0.28229166666666666,0.9930555555555556,0.04583333333333333,0.06759259259259259
5,0.27265625,0.9115740740740741,0.044270833333333336,0.09722222222222222
10,0.09270833333333334,1.1879629629629629,0.016666666666666666,0.053703703703703705
2,0.05572916666666667,1.138425925925926,0.020833333333333332,0.03796296296296296
2,0.0796875,1.1319444444444444,0.020833333333333332,0.028703703703703703
2,0.1015625,1.112037037037037,0.021875,0.046296296296296294
2,0.08541666666666667,1.100462962962963,0.021875,0.04537037037037037
1,0.08385416666666666,1.0541666666666667,0.016666666666666666,0.05092592592592592
1,0.10364583333333334,0.8097222222222222,0.011458333333333333,0.03981481481481482
1,0.0953125,0.8962962962962963,0.013541666666666667,0.046296296296296294
1,0.13541666666666666,0.7675925925925926,0.009375,0.03333333333333333
1,0.11458333333333333,0.7671296296296296,0.010416666666666666,0.03796296296296296
1,0.13645833333333332,0.7069444444444445,0.008333333333333333,0.032407407407407406
1,0.13723958333333333,0.6828703703703703,0.008854166666666666,0.032407407407407406
1,0.12421875,0.6541666666666667,0.0067708333333333336,0.028703703703703703
1,0.10625,0.6532407407407408,0.010416666666666666,0.030555555555555555
1,0.06510416666666667,0.6263888888888889,0.008333333333333333,0.026851851851851852
1,0.07005208333333333,0.6268518518518519,0.005729166666666666,0.022222222222222223
1,0.1,0.6143518518518518,0.007291666666666667,0.026851851851851852
1,0.042708333333333334,0.6069444444444444,0.009375,0.025
1,0.18098958333333334,0.8601851851851852,0.009895833333333333,0.03888888888888889
2,0.17109375,0.9106481481481481,0.0171875,0.04537037037037037
2,0.04583333333333333,0.9398148148148148,0.015625,0.03333333333333333
2,0.055989583333333336,0.8861111111111111,0.0109375,0.027777777777777776
2,0.06354166666666666,0.7398148148148148,0.011458333333333333,0.02962962962962963
2,0.11979166666666667,0.6819444444444445,0.011458333333333333,0.028703703703703703
2,0.07213541666666666,0.7046296296296296,0.009895833333333333,0.025925925925925925
2,0.065625,0.7134259259259259,0.010416666666666666,0.030555555555555555
2,0.05625,0.6462962962962963,0.009375,0.02962962962962963
2,0.01953125,0.6032407407407407,0.009895833333333333,0.023148148148148147
2,0.03671875,1.114814814814815,0.018229166666666668,0.037037037037037035
1,0.20442708333333334,0.8564814814814815,0.011979166666666667,0.040740740740740744
1,0.16640625,0.7925925925925926,0.011979166666666667,0.040740740740740744
1,0.15729166666666666,0.7449074074074075,0.008333333333333333,0.032407407407407406
1,0.14739583333333334,0.7203703703703703,0.007291666666666667,0.02962962962962963
1,0.14791666666666667,0.7074074074074074,0.011458333333333333,0.03148148148148148
1,0.1609375,0.7171296296296297,0.007291666666666667,0.030555555555555555
1,0.15,0.6476851851851851,0.010416666666666666,0.03425925925925926
1,0.07890625,0.7870370370370371,0.009895833333333333,0.037037037037037035
1,0.08776041666666666,0.7300925925925926,0.0140625,0.028703703703703703
2,0.08411458333333334,0.7152777777777778,0.008854166666666666,0.030555555555555555
1,0.0671875,0.6925925925925925,0.008333333333333333,0.027777777777777776
1,0.05703125,0.6953703703703704,0.008854166666666666,0.03333333333333333
1,0.06744791666666666,0.6138888888888889,0.0078125,0.027777777777777776
1,0.10859375,0.6134259259259259,0.0067708333333333336,0.028703703703703703
5,0.065625,0.8032407407407407,0.029166666666666667,0.0787037037037037
3,0.1703125,0.9180555555555555,0.029166666666666667,0.04351851851851852
10,0.08489583333333334,0.736574074074074,0.008333333333333333,0.030555555555555555
3,0.050520833333333334,0.7134259259259259,0.016666666666666666,0.023148148148148147
3,0.05572916666666667,0.6537037037037037,0.008333333333333333,0.025925925925925925
3,0.01875,0.6087962962962963,0.020833333333333332,0.017592592592592594
2,0.011979166666666667,0.6037037037037037,0.005208333333333333,0.012962962962962963
4,0.1140625,0.6444444444444445,0.052083333333333336,0.037037037037037035
4,0.12005208333333334,0.6291666666666667,0.0453125,0.03425925925925926
4,0.07604166666666666,0.674074074074074,0.041666666666666664,0.03518518518518519
4,0.10651041666666666,0.7407407407407407,0.027604166666666666,0.04814814814814815
4,0.10078125,0.7023148148148148,0.0328125,0.04722222222222222
