10,0.4825520833333333,1.2828703703703703,0.028645833333333332,0.15462962962962962
10,0.43723958333333335,0.5180555555555556,0.0109375,0.032407407407407406
10,0.45729166666666665,0.5097222222222222,0.013541666666666667,0.030555555555555555
10,0.3888020833333333,0.475,0.0203125,0.027777777777777776
10,0.5046875,0.39444444444444443,0.005208333333333333,0.022222222222222223
0,0.8346354166666666,0.38564814814814813,0.04739583333333333,0.032407407407407406
2,0.24114583333333334,1.0925925925925926,0.030208333333333334,0.07777777777777778
2,0.43645833333333334,0.5097222222222222,0.009375,0.03796296296296296
2,0.45260416666666664,0.4935185185185185,0.005208333333333333,0.025925925925925925
2,0.5046875,0.3861111111111111,0.00625,0.020370370370370372
2,0.4934895833333333,0.5712962962962963,0.009895833333333333,0.03148148148148148
2,0.5375,0.7949074074074074,0.0125,0.05648148148148148
2,0.5174479166666667,0.7972222222222223,0.015104166666666667,0.053703703703703705
2,0.49296875,0.611574074074074,0.015104166666666667,0.030555555555555555
2,0.4984375,0.6351851851851852,0.0125,0.02962962962962963
2,0.49166666666666664,0.6462962962962963,0.009375,0.040740740740740744
2,0.7080729166666667,0.3699074074074074,0.0067708333333333336,0.019444444444444445
1,0.07552083333333333,1.0574074074074074,0.030208333333333334,0.08703703703703704
1,0.10598958333333333,1.0578703703703705,0.03697916666666667,0.08425925925925926
1,0.3533854166666667,0.8671296296296296,0.024479166666666666,0.0824074074074074
1,0.38723958333333336,0.9055555555555556,0.019270833333333334,0.07037037037037037
1,0.359375,0.7754629629629629,0.013541666666666667,0.08055555555555556
1,0.37265625,0.7731481481481481,0.015104166666666667,0.07037037037037037
1,0.44505208333333335,0.7018518518518518,0.013020833333333334,0.06666666666666667
1,0.45677083333333335,0.6884259259259259,0.013541666666666667,0.06574074074074074
1,0.41484375,0.6444444444444445,0.011979166666666667,0.05925925925925926
1,0.3768229166666667,0.6398148148148148,0.011979166666666667,0.06296296296296296
1,0.3971354166666667,0.6347222222222222,0.011979166666666667,0.05648148148148148
1,0.47369791666666666,0.9782407407407407,0.024479166666666666,0.075
1,0.35651041666666666,0.6203703703703703,0.0109375,0.05740740740740741
1,0.38203125,0.587037037037037,0.0109375,0.05185185185185185
1,0.5002604166666667,0.6787037037037037,0.011979166666666667,0.06851851851851852
1,0.4578125,0.6138888888888889,0.0125,0.05185185185185185
1,0.43776041666666665,0.5842592592592593,0.0078125,0.04259259259259259
1,0.44895833333333335,0.587037037037037,0.010416666666666666,0.05
1,0.4393229166666667,0.5638888888888889,0.005729166666666666,0.03333333333333333
1,0.4513020833333333,0.5550925925925926,0.0109375,0.03796296296296296
1,0.4473958333333333,0.5731481481481482,0.010416666666666666,0.044444444444444446
1,0.4609375,0.49074074074074076,0.008333333333333333,0.03333333333333333
1,0.4796875,0.5203703703703704,0.00625,0.044444444444444446
1,0.49973958333333335,0.5328703703703703,0.0078125,0.03981481481481482
1,0.4984375,0.513425925925926,0.007291666666666667,0.03981481481481482
1,0.4875,0.4337962962962963,0.007291666666666667,0.03611111111111111
1,0.48828125,0.41712962962962963,0.0078125,0.03425925925925926
2,0.5010416666666667,0.475462962962963,0.007291666666666667,0.025
2,0.48880208333333336,0.5018518518518519,0.009895833333333333,0.024074074074074074
2,0.46822916666666664,0.4101851851851852,0.00625,0.024074074074074074
1,0.4479166666666667,0.41944444444444445,0.005208333333333333,0.027777777777777776
2,0.39869791666666665,0.4685185185185185,0.011979166666666667,0.03333333333333333
3,0.3880208333333333,0.9296296296296296,0.053125,0.044444444444444446
4,0.21796875,0.8592592592592593,0.1109375,0.12037037037037036
4,0.2921875,0.7763888888888889,0.1,0.10277777777777777
10,0.5479166666666667,0.7240740740740741,0.014583333333333334,0.06296296296296296
3,0.3528645833333333,0.45185185185185184,0.018229166666666668,0.03518518518518519
2,0.47734375,0.4300925925925926,0.008854166666666666,0.025
0,0.49895833333333334,0.26435185185185184,0.030208333333333334,0.07314814814814814
0,0.553125,0.24953703703703703,0.04895833333333333,0.05648148148148148
1,0.44453125,1.274537037037037,0.015104166666666667,0.062037037037037036
5,0.5174479166666667,0.3398148148148148,0.015104166666666667,0.037037037037037035
1,0.49713541666666666,0.32546296296296295,0.005729166666666666,0.025
1,0.4890625,0.324537037037037,0.005208333333333333,0.025
4,0.5052083333333334,0.3148148148148148,0.015625,0.025925925925925925
4,0.5598958333333334,0.2875,0.014583333333333334,0.017592592592592594
4,0.56953125,0.29953703703703705,0.015104166666666667,0.019444444444444445
4,0.58203125,0.31342592592592594,0.015104166666666667,0.023148148148148147
4,0.5908854166666667,0.30787037037037035,0.0140625,0.023148148148148147
4,0.56875,0.3162037037037037,0.019791666666666666,0.023148148148148147
4,0.5723958333333333,0.33287037037037037,0.015625,0.023148148148148147
4,0.6096354166666667,0.36527777777777776,0.019270833333333334,0.026851851851851852
4,0.6263020833333334,0.3337962962962963,0.019270833333333334,0.025
4,0.6158854166666666,0.31851851851851853,0.018229166666666668,0.022222222222222223
4,0.63828125,0.3699074074074074,0.024479166666666666,0.03796296296296296
5,0.64921875,0.3398148148148148,0.0296875,0.027777777777777776
6,0.65859375,0.35555555555555557,0.033854166666666664,0.05
6,0.68671875,0.36018518518518516,0.03697916666666667,0.04814814814814815
4,0.6786458333333333,0.3912037037037037,0.04791666666666667,0.032407407407407406
1,0.6674479166666667,0.41574074074074074,0.0078125,0.037037037037037035
0,0.93984375,0.3921296296296296,0.06510416666666667,0.03796296296296296
1,0.7182291666666667,0.38564814814814813,0.005208333333333333,0.03796296296296296
1,0.7265625,0.38981481481481484,0.005208333333333333,0.025925925925925925
1,0.7299479166666667,0.4023148148148148,0.005729166666666666,0.03425925925925926
1,0.7231770833333333,0.412962962962963,0.0067708333333333336,0.037037037037037035
1,0.7059895833333333,0.40324074074074073,0.005729166666666666,0.041666666666666664
1,0.7666666666666667,0.44351851851851853,0.004166666666666667,0.03518518518518519
1,0.6630208333333333,0.3699074074074074,0.004166666666666667,0.032407407407407406
4,0.765625,0.3962962962962963,0.046875,0.03333333333333333
6,0.7708333333333334,0.37546296296296294,0.051041666666666666,0.03425925925925926
5,0.7822916666666667,0.4986111111111111,0.053125,0.07314814814814814
5,0.8234375,0.5421296296296296,0.053125,0.0824074074074074
4,0.8859375,0.6199074074074075,0.08229166666666667,0.08611111111111111
5,0.9716145833333333,0.6930555555555555,0.09947916666666666,0.10462962962962963
10,0.61484375,1.1532407407407408,0.028645833333333332,0.09907407407407408
8,0.7541666666666667,0.4537037037037037,0.022916666666666665,0.02962962962962963
