6,0.014583333333333334,0.7199074074074074,0.029166666666666667,0.06944444444444445
4,0.012239583333333333,0.6851851851851852,0.024479166666666666,0.025925925925925925
6,0.50625,0.9314814814814815,0.071875,0.08148148148148149
6,0.078125,0.6435185185185185,0.096875,0.1037037037037037
6,0.2734375,0.4134259259259259,0.022916666666666665,0.05648148148148148
6,0.29010416666666666,0.5472222222222223,0.05,0.06481481481481481
6,0.36484375,0.6824074074074075,0.022395833333333334,0.046296296296296294
6,0.40390625,0.3449074074074074,0.028645833333333332,0.03611111111111111
6,0.43411458333333336,0.34120370370370373,0.022395833333333334,0.032407407407407406
6,0.28046875,0.2652777777777778,0.018229166666666668,0.017592592592592594
6,0.3653645833333333,0.3768518518518518,0.016145833333333335,0.016666666666666666
6,0.39166666666666666,0.37407407407407406,0.017708333333333333,0.024074074074074074
6,0.43125,0.32222222222222224,0.013541666666666667,0.018518518518518517
6,0.4747395833333333,0.29953703703703705,0.030729166666666665,0.03425925925925926
6,0.5364583333333334,0.25972222222222224,0.010416666666666666,0.017592592592592594
6,0.4984375,0.39537037037037037,0.011458333333333333,0.020370370370370372
0,0.5296875,0.375,0.014583333333333334,0.025925925925925925
5,0.515625,0.38333333333333336,0.011458333333333333,0.016666666666666666
5,0.49244791666666665,0.4013888888888889,0.011979166666666667,0.01574074074074074
4,0.5052083333333334,0.3925925925925926,0.0125,0.016666666666666666
4,0.5177083333333333,0.26157407407407407,0.009375,0.008333333333333333
0,0.6002604166666666,0.22407407407407406,0.0390625,0.03333333333333333
0,0.6828125,0.17314814814814813,0.010416666666666666,0.02962962962962963
5,0.4510416666666667,0.3333333333333333,0.009375,0.014814814814814815
4,0.44375,0.32592592592592595,0.009375,0.009259259259259259
4,0.41119791666666666,0.3638888888888889,0.0140625,0.014814814814814815
4,0.37838541666666664,0.3300925925925926,0.0078125,0.013888888888888888
4,0.3971354166666667,0.32731481481481484,0.0078125,0.012037037037037037
4,0.37057291666666664,0.32916666666666666,0.005729166666666666,0.017592592592592594
4,0.3828125,0.3037037037037037,0.010416666666666666,0.011111111111111112
4,0.3697916666666667,0.3106481481481482,0.009375,0.013888888888888888
4,0.40338541666666666,0.29768518518518516,0.009895833333333333,0.010185185185185186
4,0.3776041666666667,0.3074074074074074,0.009375,0.009259259259259259
4,0.353125,0.37592592592592594,0.0125,0.016666666666666666
4,0.3619791666666667,0.33101851851851855,0.005208333333333333,0.013888888888888888
4,0.3533854166666667,0.33240740740740743,0.0067708333333333336,0.012962962962962963
4,0.34375,0.33287037037037037,0.00625,0.013888888888888888
5,0.38958333333333334,0.30092592592592593,0.008333333333333333,0.012962962962962963
5,0.3932291666666667,0.2935185185185185,0.009375,0.016666666666666666
4,0.3640625,0.31157407407407406,0.009375,0.01574074074074074
5,0.40625,0.32222222222222224,0.005208333333333333,0.016666666666666666
5,0.34609375,0.39490740740740743,0.013020833333333334,0.017592592592592594
4,0.3380208333333333,0.3861111111111111,0.014583333333333334,0.016666666666666666
4,0.3033854166666667,0.34675925925925927,0.0140625,0.012037037037037037
4,0.2953125,0.30416666666666664,0.011458333333333333,0.010185185185185186
4,0.29348958333333336,0.2986111111111111,0.009895833333333333,0.010185185185185186
4,0.2911458333333333,0.2949074074074074,0.011458333333333333,0.012037037037037037
4,0.26588541666666665,0.3060185185185185,0.011979166666666667,0.010185185185185186
4,0.2635416666666667,0.3023148148148148,0.0125,0.010185185185185186
4,0.26223958333333336,0.29768518518518516,0.013020833333333334,0.012037037037037037
4,0.259375,0.2916666666666667,0.011458333333333333,0.011111111111111112
4,0.27708333333333335,0.2796296296296296,0.008333333333333333,0.009259259259259259
4,0.30104166666666665,0.3194444444444444,0.013541666666666667,0.011111111111111112
4,0.2877604166666667,0.2708333333333333,0.009895833333333333,0.008333333333333333
5,0.2825520833333333,0.2824074074074074,0.009895833333333333,0.007407407407407408
5,0.31223958333333335,0.3560185185185185,0.0171875,0.013888888888888888
5,0.25677083333333334,0.28703703703703703,0.010416666666666666,0.011111111111111112
4,0.2669270833333333,0.31203703703703706,0.011979166666666667,0.009259259259259259
4,0.26223958333333336,0.37083333333333335,0.009895833333333333,0.01574074074074074
4,0.30494791666666665,0.32916666666666666,0.009895833333333333,0.013888888888888888
4,0.2994791666666667,0.3074074074074074,0.0125,0.012962962962962963
4,0.25416666666666665,0.2851851851851852,0.0125,0.011111111111111112
6,0.25885416666666666,0.2740740740740741,0.014583333333333334,0.009259259259259259
6,0.28802083333333334,0.3592592592592593,0.010416666666666666,0.012962962962962963
5,0.275,0.2763888888888889,0.009375,0.010185185185185186
4,0.21927083333333333,0.25925925925925924,0.007291666666666667,0.011111111111111112
4,0.2078125,0.23333333333333334,0.004166666666666667,0.007407407407407408
4,0.2140625,0.17222222222222222,0.003125,0.007407407407407408
4,0.22369791666666666,0.14953703703703702,0.0036458333333333334,0.004629629629629629
4,0.22135416666666666,0.14027777777777778,0.004166666666666667,0.006481481481481481
4,0.24140625,0.08657407407407407,0.0026041666666666665,0.004629629629629629
0,0.25,0.04722222222222222,0.0125,0.05740740740740741
0,0.2484375,0.13472222222222222,0.021875,0.017592592592592594
0,0.21588541666666666,0.22407407407407406,0.0046875,0.009259259259259259
0,0.24661458333333333,0.3263888888888889,0.005729166666666666,0.012037037037037037
0,0.23828125,0.28935185185185186,0.015104166666666667,0.021296296296296296
1,0.2546875,0.25601851851851853,0.0010416666666666667,0.008333333333333333
1,0.240625,0.21388888888888888,0.0010416666666666667,0.007407407407407408
0,0.28046875,0.30787037037037035,0.0067708333333333336,0.023148148148148147
1,0.34661458333333334,0.30833333333333335,0.0015625,0.009259259259259259
1,0.34869791666666666,0.3087962962962963,0.0015625,0.008333333333333333
1,0.35208333333333336,0.42685185185185187,0.0020833333333333333,0.011111111111111112
2,0.3125,0.4134259259259259,0.0020833333333333333,0.008333333333333333
2,0.33567708333333335,0.4703703703703704,0.0026041666666666665,0.011111111111111112
10,0.33567708333333335,0.47175925925925927,0.0067708333333333336,0.012037037037037037
10,0.31223958333333335,0.41435185185185186,0.005729166666666666,0.008333333333333333
4,0.33125,0.549074074074074,0.016666666666666666,0.027777777777777776
4,0.29322916666666665,0.462037037037037,0.011458333333333333,0.020370370370370372
4,0.3177083333333333,0.4962962962962963,0.0125,0.020370370370370372
4,0.36276041666666664,0.5930555555555556,0.015104166666666667,0.030555555555555555
4,0.34479166666666666,0.5990740740740741,0.015625,0.03148148148148148
4,0.409375,0.7337962962962963,0.020833333333333332,0.03981481481481482
4,0.4080729166666667,0.8032407407407407,0.024479166666666666,0.05277777777777778
11,0.47708333333333336,0.6773148148148148,0.041666666666666664,0.058333333333333334
5,0.49140625,0.6833333333333333,0.015104166666666667,0.027777777777777776
5,0.4708333333333333,0.7074074074074074,0.01875,0.03148148148148148
8,0.48203125,0.7444444444444445,0.011979166666666667,0.020370370370370372
10,0.4354166666666667,0.6796296296296296,0.010416666666666666,0.014814814814814815
2,0.4356770833333333,0.6814814814814815,0.0046875,0.012962962962962963
6,0.58359375,0.9041666666666667,0.0390625,0.06759259259259259
4,0.49557291666666664,0.49074074074074076,0.016145833333333335,0.016666666666666666
4,0.48828125,0.4824074074074074,0.0140625,0.016666666666666666
4,0.45546875,0.4773148148148148,0.008854166666666666,0.021296296296296296
4,0.47890625,0.5458333333333333,0.019270833333333334,0.021296296296296296
0,0.36614583333333334,0.5314814814814814,0.008333333333333333,0.03333333333333333
0,0.4270833333333333,0.4074074074074074,0.00625,0.012962962962962963
0,0.4510416666666667,0.38564814814814813,0.005208333333333333,0.010185185185185186
0,0.14479166666666668,0.6236111111111111,0.01875,0.030555555555555555
2,0.23567708333333334,0.861574074074074,0.0046875,0.010185185185185186
0,0.24505208333333334,0.8671296296296296,0.0109375,0.025
4,0.15989583333333332,0.4083333333333333,0.011458333333333333,0.020370370370370372
4,0.21822916666666667,0.3388888888888889,0.007291666666666667,0.014814814814814815
4,0.2296875,0.34814814814814815,0.008333333333333333,0.018518518518518517
4,0.234375,0.3625,0.008333333333333333,0.017592592592592594
4,0.22369791666666666,0.36666666666666664,0.0067708333333333336,0.014814814814814815
9,0.23463541666666668,0.387037037037037,0.019270833333333334,0.044444444444444446
6,0.12760416666666666,0.26666666666666666,0.010416666666666666,0.025925925925925925
4,0.10182291666666667,0.25,0.011979166666666667,0.007407407407407408
4,0.07786458333333333,0.18935185185185185,0.0036458333333333334,0.008333333333333333
4,0.07135416666666666,0.18981481481481483,0.00625,0.007407407407407408
6,0.09895833333333333,0.2361111111111111,0.008333333333333333,0.016666666666666666
6,0.09088541666666666,0.18611111111111112,0.0078125,0.012962962962962963
0,0.12135416666666667,0.15787037037037038,0.03125,0.030555555555555555
0,0.11536458333333334,0.1962962962962963,0.027604166666666666,0.02962962962962963
9,0.15598958333333332,0.17592592592592593,0.0109375,0.018518518518518517
9,0.17864583333333334,0.11898148148148148,0.020833333333333332,0.041666666666666664
6,0.016927083333333332,0.21388888888888888,0.028645833333333332,0.020370370370370372
6,0.019270833333333334,0.2300925925925926,0.03229166666666667,0.017592592592592594
6,0.019010416666666665,0.2222222222222222,0.028645833333333332,0.014814814814814815
6,0.015625,0.21898148148148147,0.021875,0.017592592592592594
6,0.05,0.20324074074074075,0.022916666666666665,0.013888888888888888
6,0.049479166666666664,0.2101851851851852,0.03333333333333333,0.020370370370370372
4,0.052083333333333336,0.18935185185185185,0.007291666666666667,0.008333333333333333
4,0.0578125,0.18888888888888888,0.004166666666666667,0.009259259259259259
0,0.5333333333333333,0.8208333333333333,0.015625,0.03796296296296296
1,0.23619791666666667,0.26435185185185184,0.0026041666666666665,0.008333333333333333
1,0.2453125,0.2388888888888889,0.0020833333333333333,0.007407407407407408
1,0.1484375,0.21574074074074073,0.0020833333333333333,0.007407407407407408
1,0.1484375,0.2916666666666667,0.003125,0.009259259259259259
