4,0.45,0.6907407407407408,0.07083333333333333,0.07592592592592592
5,0.5239583333333333,0.5856481481481481,0.06666666666666667,0.11018518518518519
9,0.38776041666666666,0.6439814814814815,0.11197916666666667,0.16944444444444445
4,0.48723958333333334,0.5199074074074074,0.06822916666666666,0.10648148148148148
1,0.00703125,0.6444444444444445,0.0140625,0.012962962962962963
1,0.01171875,0.6523148148148148,0.018229166666666668,0.01574074074074074
1,0.008072916666666667,0.6300925925925925,0.015104166666666667,0.013888888888888888
1,0.022916666666666665,0.6421296296296296,0.017708333333333333,0.012037037037037037
1,0.042708333333333334,0.611574074074074,0.017708333333333333,0.019444444444444445
1,0.07916666666666666,0.5564814814814815,0.016666666666666666,0.022222222222222223
1,0.08463541666666667,0.5685185185185185,0.015104166666666667,0.020370370370370372
1,0.10416666666666667,0.48148148148148145,0.011458333333333333,0.02962962962962963
1,0.10963541666666667,0.4726851851851852,0.0140625,0.021296296296296296
1,0.13854166666666667,0.4337962962962963,0.017708333333333333,0.028703703703703703
1,0.14296875,0.5032407407407408,0.015104166666666667,0.025
1,0.13880208333333333,0.4925925925925926,0.013020833333333334,0.022222222222222223
1,0.13723958333333333,0.49027777777777776,0.0140625,0.028703703703703703
1,0.1484375,0.4634259259259259,0.0125,0.023148148148148147
1,0.15833333333333333,0.48009259259259257,0.009375,0.023148148148148147
1,0.16484375,0.4912037037037037,0.013020833333333334,0.023148148148148147
1,0.16875,0.4486111111111111,0.0125,0.023148148148148147
1,0.20208333333333334,0.45601851851851855,0.015625,0.023148148148148147
11,0.18723958333333332,0.4708333333333333,0.0203125,0.03611111111111111
1,0.18072916666666666,0.41064814814814815,0.015625,0.026851851851851852
1,0.20807291666666666,0.40555555555555556,0.0140625,0.02962962962962963
1,0.21380208333333334,0.41435185185185186,0.015104166666666667,0.028703703703703703
1,0.215625,0.4356481481481482,0.011458333333333333,0.028703703703703703
1,0.23255208333333333,0.44907407407407407,0.011979166666666667,0.024074074074074074
1,0.23255208333333333,0.45740740740740743,0.008854166666666666,0.03148148148148148
1,0.23984375,0.35833333333333334,0.008854166666666666,0.025925925925925925
1,0.2518229166666667,0.42824074074074076,0.009895833333333333,0.025
1,0.25338541666666664,0.43194444444444446,0.009895833333333333,0.026851851851851852
2,0.26458333333333334,0.41898148148148145,0.007291666666666667,0.012037037037037037
11,0.26223958333333336,0.4222222222222222,0.0140625,0.018518518518518517
1,0.2598958333333333,0.36018518518518516,0.009375,0.02962962962962963
1,0.26223958333333336,0.37407407407407406,0.008854166666666666,0.025925925925925925
1,0.2703125,0.36203703703703705,0.011458333333333333,0.025925925925925925
1,0.26979166666666665,0.3296296296296296,0.009375,0.025925925925925925
1,0.27369791666666665,0.34814814814814815,0.0078125,0.022222222222222223
1,0.2794270833333333,0.37453703703703706,0.009895833333333333,0.030555555555555555
1,0.28515625,0.37407407407407406,0.0078125,0.025925925925925925
1,0.29322916666666665,0.38101851851851853,0.010416666666666666,0.025
1,0.22265625,0.33935185185185185,0.008854166666666666,0.025
1,0.2682291666666667,0.2962962962962963,0.00625,0.03518518518518519
1,0.2869791666666667,0.32407407407407407,0.007291666666666667,0.025925925925925925
1,0.29791666666666666,0.3296296296296296,0.00625,0.024074074074074074
1,0.30390625,0.3449074074074074,0.0109375,0.028703703703703703
1,0.3171875,0.3537037037037037,0.0125,0.03148148148148148
11,0.32734375,0.3458333333333333,0.0203125,0.032407407407407406
1,0.32421875,0.28425925925925927,0.008854166666666666,0.020370370370370372
1,0.3263020833333333,0.29074074074074074,0.0078125,0.027777777777777776
1,0.3919270833333333,0.30833333333333335,0.0067708333333333336,0.03518518518518519
2,0.41458333333333336,0.3236111111111111,0.007291666666666667,0.019444444444444445
1,0.4049479166666667,0.2490740740740741,0.008854166666666666,0.020370370370370372
1,0.42421875,0.2550925925925926,0.009895833333333333,0.026851851851851852
1,0.4903645833333333,0.3013888888888889,0.0078125,0.026851851851851852
1,0.4674479166666667,0.27685185185185185,0.009895833333333333,0.03148148148148148
1,0.5026041666666666,0.2962962962962963,0.010416666666666666,0.025925925925925925
1,0.5075520833333333,0.2824074074074074,0.009895833333333333,0.02962962962962963
1,0.515625,0.2763888888888889,0.010416666666666666,0.025
1,0.45546875,0.17731481481481481,0.0067708333333333336,0.028703703703703703
1,0.4609375,0.18333333333333332,0.008333333333333333,0.03148148148148148
1,0.49244791666666665,0.23472222222222222,0.0067708333333333336,0.023148148148148147
1,0.49661458333333336,0.2351851851851852,0.005729166666666666,0.020370370370370372
1,0.5002604166666667,0.2273148148148148,0.0067708333333333336,0.030555555555555555
1,0.5020833333333333,0.23703703703703705,0.00625,0.018518518518518517
1,0.6106770833333334,0.053703703703703705,0.011979166666666667,0.027777777777777776
5,0.6403645833333333,0.053703703703703705,0.050520833333333334,0.07592592592592592
1,0.5309895833333333,0.09768518518518518,0.0078125,0.026851851851851852
1,0.5328125,0.24583333333333332,0.010416666666666666,0.025
1,0.5322916666666667,0.2324074074074074,0.011458333333333333,0.025925925925925925
1,0.5346354166666667,0.225,0.008854166666666666,0.025925925925925925
2,0.5338541666666666,0.1884259259259259,0.011458333333333333,0.023148148148148147
1,0.4783854166666667,0.12777777777777777,0.009895833333333333,0.025925925925925925
1,0.48723958333333334,0.12361111111111112,0.008854166666666666,0.026851851851851852
1,0.5205729166666667,0.0787037037037037,0.0078125,0.02962962962962963
1,0.52265625,0.08564814814814815,0.0067708333333333336,0.026851851851851852
1,0.5140625,0.12268518518518519,0.008333333333333333,0.03611111111111111
1,0.52109375,0.1287037037037037,0.009895833333333333,0.025925925925925925
1,0.5127604166666667,0.1412037037037037,0.009895833333333333,0.028703703703703703
1,0.6455729166666667,0.5157407407407407,0.0171875,0.025925925925925925
1,0.71875,0.6310185185185185,0.020833333333333332,0.030555555555555555
