4,0.2908854166666667,0.8157407407407408,0.043229166666666666,0.09444444444444444
4,0.42916666666666664,0.9745370370370371,0.09166666666666666,0.11388888888888889
4,0.3671875,0.812037037037037,0.05416666666666667,0.11296296296296296
4,0.3263020833333333,0.5995370370370371,0.034895833333333334,0.058333333333333334
4,0.30364583333333334,0.4837962962962963,0.021875,0.05648148148148148
4,0.1578125,0.4638888888888889,0.040625,0.03148148148148148
4,0.053385416666666664,0.48148148148148145,0.03802083333333333,0.040740740740740744
1,0.06875,0.49675925925925923,0.0125,0.03425925925925926
4,0.030729166666666665,0.538425925925926,0.06145833333333333,0.04722222222222222
6,0.22760416666666666,0.2671296296296296,0.014583333333333334,0.03796296296296296
5,0.4002604166666667,0.5152777777777777,0.0359375,0.049074074074074076
1,0.43802083333333336,0.6259259259259259,0.009375,0.040740740740740744
1,0.8208333333333333,1.1134259259259258,0.019791666666666666,0.07314814814814814
4,0.8247395833333333,0.9296296296296296,0.08802083333333334,0.0962962962962963
1,0.21041666666666667,0.7287037037037037,0.013541666666666667,0.05185185185185185
1,0.21953125,0.7324074074074074,0.0109375,0.046296296296296294
4,0.9575520833333333,0.850925925925926,0.07864583333333333,0.1
0,0.7502604166666667,0.7819444444444444,0.07135416666666666,0.08796296296296297
