10,0.7015625,1.3111111111111111,0.013541666666666667,0.06851851851851852
10,0.7294270833333333,1.3157407407407407,0.015104166666666667,0.06296296296296296
10,0.6385416666666667,1.3430555555555554,0.016666666666666666,0.049074074074074076
7,0.6192708333333333,1.2416666666666667,0.04895833333333333,0.037037037037037035
3,0.6247395833333333,1.2203703703703703,0.03177083333333333,0.020370370370370372
3,0.6299479166666667,1.1768518518518518,0.030729166666666665,0.018518518518518517
3,0.628125,1.162037037037037,0.029166666666666667,0.016666666666666666
3,0.6263020833333334,1.1467592592592593,0.0296875,0.025
3,0.6291666666666667,1.1333333333333333,0.026041666666666668,0.018518518518518517
3,0.6268229166666667,1.1185185185185185,0.027604166666666666,0.022222222222222223
3,0.6265625,1.1,0.029166666666666667,0.018518518518518517
3,0.6268229166666667,1.0865740740740741,0.028645833333333332,0.017592592592592594
3,0.6239583333333333,1.072685185185185,0.029166666666666667,0.021296296296296296
3,0.6276041666666666,1.0185185185185186,0.029166666666666667,0.018518518518518517
3,0.6270833333333333,1.0046296296296295,0.029166666666666667,0.020370370370370372
3,0.609375,0.937962962962963,0.0125,0.05
10,0.634375,1.049537037037037,0.026041666666666668,0.017592592592592594
10,0.640625,1.0347222222222223,0.028125,0.021296296296296296
10,0.6559895833333333,0.9657407407407408,0.0109375,0.05185185185185185
10,0.6354166666666666,0.9851851851851852,0.027083333333333334,0.022222222222222223
10,0.63671875,0.9685185185185186,0.0234375,0.027777777777777776
10,0.6265625,0.9611111111111111,0.026041666666666668,0.03148148148148148
10,0.6364583333333333,0.899537037037037,0.027083333333333334,0.032407407407407406
10,0.6416666666666667,0.8837962962962963,0.022916666666666665,0.025
7,0.72734375,0.9157407407407407,0.015104166666666667,0.06481481481481481
10,0.6192708333333333,0.8638888888888889,0.022916666666666665,0.020370370370370372
10,0.63203125,0.8402777777777778,0.0265625,0.03796296296296296
7,0.6583333333333333,0.8203703703703704,0.016666666666666666,0.07037037037037037
1,0.6622395833333333,0.8666666666666667,0.011979166666666667,0.03148148148148148
1,0.6994791666666667,0.8638888888888889,0.011458333333333333,0.02962962962962963
1,0.7130208333333333,0.6958333333333333,0.011458333333333333,0.030555555555555555
1,0.6666666666666666,0.6597222222222222,0.010416666666666666,0.03425925925925926
1,0.6450520833333333,0.6726851851851852,0.0078125,0.026851851851851852
1,0.6799479166666667,0.6231481481481481,0.011979166666666667,0.03148148148148148
3,0.6927083333333334,0.6810185185185185,0.009375,0.03611111111111111
2,0.6942708333333333,0.6694444444444444,0.007291666666666667,0.03333333333333333
10,0.6619791666666667,0.6509259259259259,0.015625,0.03148148148148148
5,0.6182291666666667,0.6481481481481481,0.052083333333333336,0.06851851851851852
4,0.7518229166666667,0.65,0.06510416666666667,0.04814814814814815
4,0.8263020833333333,0.6597222222222222,0.0671875,0.049074074074074076
4,0.9057291666666667,0.6652777777777777,0.05416666666666667,0.04537037037037037
1,0.8244791666666667,0.625,0.015625,0.02962962962962963
1,0.8419270833333333,0.625,0.015104166666666667,0.02962962962962963
1,0.8395833333333333,0.6125,0.011458333333333333,0.032407407407407406
1,0.8401041666666667,0.5981481481481481,0.0125,0.02962962962962963
1,0.82578125,0.5995370370370371,0.009895833333333333,0.030555555555555555
1,0.8359375,0.5888888888888889,0.011458333333333333,0.02962962962962963
4,0.8942708333333333,0.5402777777777777,0.051041666666666666,0.04351851851851852
5,0.9640625,0.5398148148148149,0.046875,0.04814814814814815
4,0.8010416666666667,0.5092592592592593,0.03229166666666667,0.07222222222222222
4,0.7309895833333333,0.487962962962963,0.04010416666666667,0.05555555555555555
4,0.6791666666666667,0.5203703703703704,0.057291666666666664,0.044444444444444446
6,0.8247395833333333,0.3453703703703704,0.06614583333333333,0.053703703703703705
4,0.80859375,0.324537037037037,0.04739583333333333,0.03425925925925926
4,0.8,0.175,0.040625,0.037037037037037035
4,0.7994791666666666,0.15694444444444444,0.04583333333333333,0.030555555555555555
4,0.7955729166666666,0.13935185185185187,0.0390625,0.028703703703703703
6,0.7091145833333333,0.16574074074074074,0.05260416666666667,0.05740740740740741
4,0.7026041666666667,0.13055555555555556,0.04583333333333333,0.040740740740740744
4,0.709375,0.11342592592592593,0.042708333333333334,0.03425925925925926
4,0.76953125,0.06157407407407407,0.027604166666666666,0.03425925925925926
5,0.8385416666666666,0.06435185185185185,0.040625,0.03796296296296296
4,0.8518229166666667,0.058333333333333334,0.034895833333333334,0.02962962962962963
4,0.86171875,0.046296296296296294,0.03697916666666667,0.03148148148148148
5,1.0296875,0.15833333333333333,0.023958333333333335,0.04259259259259259
10,1.0072916666666667,0.1527777777777778,0.011458333333333333,0.024074074074074074
4,1.0236979166666667,0.07685185185185185,0.034895833333333334,0.02962962962962963
2,1.00859375,0.14583333333333334,0.008854166666666666,0.025
2,0.9791666666666666,0.1300925925925926,0.009375,0.019444444444444445
2,0.9752604166666666,0.12129629629629629,0.0078125,0.016666666666666666
10,0.9721354166666667,0.0587962962962963,0.0067708333333333336,0.01574074074074074
2,0.9731770833333333,0.052314814814814814,0.005729166666666666,0.017592592592592594
8,0.6091145833333333,0.5208333333333334,0.034895833333333334,0.05092592592592592
4,0.5403645833333334,0.5143518518518518,0.05572916666666667,0.04537037037037037
4,0.44869791666666664,0.6347222222222222,0.058854166666666666,0.05092592592592592
4,0.4708333333333333,0.5106481481481482,0.05416666666666667,0.049074074074074076
5,0.38645833333333335,0.6268518518518519,0.053125,0.05185185185185185
4,0.3963541666666667,0.5046296296296297,0.05625,0.046296296296296294
4,0.31744791666666666,0.6273148148148148,0.06197916666666667,0.049074074074074076
4,0.18802083333333333,0.6217592592592592,0.059375,0.04722222222222222
4,0.20208333333333334,0.5037037037037037,0.05416666666666667,0.04259259259259259
4,0.14140625,0.5013888888888889,0.05572916666666667,0.041666666666666664
1,0.16276041666666666,0.5212962962962963,0.011979166666666667,0.02962962962962963
4,0.0234375,0.611574074074074,0.046875,0.049074074074074076
4,0.06796875,0.49907407407407406,0.0546875,0.04259259259259259
4,0.01796875,0.4986111111111111,0.0359375,0.041666666666666664
4,0.33880208333333334,0.41388888888888886,0.028645833333333332,0.05555555555555555
4,0.2903645833333333,0.3282407407407407,0.0453125,0.03796296296296296
4,0.2984375,0.29398148148148145,0.04479166666666667,0.03981481481481482
4,0.40182291666666664,0.30925925925925923,0.04739583333333333,0.03518518518518519
1,0.334375,0.31805555555555554,0.007291666666666667,0.028703703703703703
1,0.3375,0.3101851851851852,0.008333333333333333,0.027777777777777776
4,0.3729166666666667,0.275,0.025,0.04814814814814815
4,0.37552083333333336,0.17824074074074073,0.023958333333333335,0.04537037037037037
10,0.33515625,0.1638888888888889,0.011979166666666667,0.022222222222222223
4,0.35911458333333335,0.14027777777777778,0.03697916666666667,0.03425925925925926
4,0.3736979166666667,0.1087962962962963,0.03802083333333333,0.028703703703703703
6,0.4125,0.12361111111111112,0.030208333333333334,0.06388888888888888
7,0.43255208333333334,0.15185185185185185,0.0140625,0.03518518518518519
4,0.38177083333333334,0.09212962962962963,0.034375,0.028703703703703703
4,0.3890625,0.07824074074074074,0.03333333333333333,0.030555555555555555
4,0.39791666666666664,0.06620370370370371,0.03229166666666667,0.026851851851851852
4,0.4078125,0.05324074074074074,0.03333333333333333,0.028703703703703703
10,0.46875,0.27546296296296297,0.008333333333333333,0.030555555555555555
3,0.475,0.27824074074074073,0.005208333333333333,0.025
10,0.39505208333333336,0.2652777777777778,0.0078125,0.023148148148148147
10,0.4075520833333333,0.2662037037037037,0.009895833333333333,0.030555555555555555
3,0.41432291666666665,0.26851851851851855,0.005729166666666666,0.024074074074074074
10,0.4203125,0.2657407407407407,0.005208333333333333,0.025925925925925925
10,0.42473958333333334,0.26944444444444443,0.005729166666666666,0.024074074074074074
10,0.4049479166666667,0.23148148148148148,0.0109375,0.027777777777777776
10,0.4122395833333333,0.23055555555555557,0.0067708333333333336,0.027777777777777776
3,0.41901041666666666,0.2324074074074074,0.0078125,0.025925925925925925
3,0.42421875,0.23564814814814813,0.0046875,0.026851851851851852
3,0.428125,0.2375,0.005208333333333333,0.023148148148148147
3,0.4359375,0.2351851851851852,0.00625,0.027777777777777776
3,0.4434895833333333,0.23796296296296296,0.005729166666666666,0.027777777777777776
3,0.44921875,0.23657407407407408,0.005729166666666666,0.026851851851851852
3,0.45286458333333335,0.23657407407407408,0.005729166666666666,0.025
3,0.45729166666666665,0.23796296296296296,0.00625,0.025925925925925925
3,0.4625,0.23657407407407408,0.00625,0.025
10,0.46588541666666666,0.23657407407407408,0.009895833333333333,0.026851851851851852
7,0.44114583333333335,0.1726851851851852,0.009375,0.025
0,0.24348958333333334,0.05740740740740741,0.05364583333333333,0.08333333333333333
3,0.17161458333333332,0.7162037037037037,0.0234375,0.019444444444444445
3,0.16171875,0.7416666666666667,0.025520833333333333,0.024074074074074074
3,0.14635416666666667,0.7907407407407407,0.026041666666666668,0.020370370370370372
3,0.1421875,0.8111111111111111,0.022916666666666665,0.018518518518518517
3,0.11744791666666667,0.8967592592592593,0.028645833333333332,0.023148148148148147
10,0.10885416666666667,0.9361111111111111,0.026041666666666668,0.03148148148148148
10,0.14453125,0.8333333333333334,0.0328125,0.020370370370370372
10,0.76875,1.2740740740740741,0.03333333333333333,0.037037037037037035
