0,0.05859375,0.35,0.07447916666666667,0.05555555555555555
4,0.11302083333333333,0.36435185185185187,0.03333333333333333,0.03611111111111111
4,0.13619791666666667,0.38842592592592595,0.034895833333333334,0.03796296296296296
1,0.21848958333333332,0.5277777777777778,0.009895833333333333,0.03518518518518519
10,0.5328125,0.5847222222222223,0.023958333333333335,0.03796296296296296
8,0.5453125,0.5606481481481481,0.03333333333333333,0.06944444444444445
4,0.7208333333333333,0.1439814814814815,0.011458333333333333,0.01574074074074074
4,0.7223958333333333,0.1310185185185185,0.011458333333333333,0.013888888888888888
10,0.303125,0.5435185185185185,0.01875,0.03148148148148148
10,0.3380208333333333,0.5587962962962963,0.017708333333333333,0.030555555555555555
10,0.31302083333333336,0.5356481481481481,0.016666666666666666,0.03796296296296296
10,0.3528645833333333,0.5388888888888889,0.021354166666666667,0.03518518518518519
10,0.359375,0.5324074074074074,0.017708333333333333,0.037037037037037035
10,0.2828125,0.4888888888888889,0.014583333333333334,0.037037037037037035
10,0.2903645833333333,0.48148148148148145,0.015104166666666667,0.03333333333333333
10,0.30807291666666664,0.46620370370370373,0.018229166666666668,0.030555555555555555
10,0.3143229166666667,0.46064814814814814,0.0140625,0.026851851851851852
10,0.31979166666666664,0.4513888888888889,0.014583333333333334,0.019444444444444445
10,0.35442708333333334,0.5069444444444444,0.0171875,0.03611111111111111
10,0.33671875,0.49212962962962964,0.019270833333333334,0.032407407407407406
10,0.346875,0.47685185185185186,0.01875,0.020370370370370372
10,0.36276041666666664,0.5018518518518519,0.016145833333333335,0.027777777777777776
