6,0.37473958333333335,0.8814814814814815,0.04010416666666667,0.17962962962962964
10,0.42630208333333336,0.5555555555555556,0.016145833333333335,0.03518518518518519
9,0.40338541666666666,0.3587962962962963,0.011979166666666667,0.023148148148148147
4,0.4005208333333333,0.2814814814814815,0.009375,0.018518518518518517
4,0.38385416666666666,0.2523148148148148,0.00625,0.012037037037037037
4,0.375,0.24212962962962964,0.00625,0.008333333333333333
1,0.38958333333333334,0.27546296296296297,0.0020833333333333333,0.010185185185185186
0,0.39869791666666665,0.2518518518518518,0.0140625,0.027777777777777776
0,0.3875,0.21388888888888888,0.021875,0.03888888888888889
1,0.31197916666666664,0.5300925925925926,0.00625,0.030555555555555555
