4,0.08854166666666667,0.3287037037037037,0.12604166666666666,0.1259259259259259
4,0.18385416666666668,0.1925925925925926,0.096875,0.10185185185185185
4,0.41901041666666666,0.2912037037037037,0.08385416666666666,0.1287037037037037
4,0.3380208333333333,0.1763888888888889,0.05,0.10462962962962963
4,0.3515625,0.05925925925925926,0.03958333333333333,0.09074074074074075
4,0.275,0.1037037037037037,0.06770833333333333,0.08703703703703704
4,0.1265625,0.14212962962962963,0.09895833333333333,0.09351851851851851
4,0.5565104166666667,0.1865740740740741,0.09947916666666666,0.09722222222222222
4,0.04296875,0.2574074074074074,0.08489583333333334,0.11666666666666667
4,0.69296875,0.23796296296296296,0.07135416666666666,0.10555555555555556
4,0.528125,0.03657407407407407,0.05520833333333333,0.06944444444444445
4,0.41171875,0.028703703703703703,0.05260416666666667,0.05740740740740741
5,0.22109375,0.0587962962962963,0.09635416666666667,0.10462962962962963
1,0.017708333333333333,0.07407407407407407,0.023958333333333335,0.07222222222222222
2,0.021875,0.09027777777777778,0.027083333333333334,0.058333333333333334
2,0.0703125,0.10740740740740741,0.028125,0.04814814814814815
2,0.04401041666666667,0.15648148148148147,0.0234375,0.05555555555555555
2,0.42734375,0.42083333333333334,0.019270833333333334,0.058333333333333334
2,0.25052083333333336,0.16018518518518518,0.01875,0.05185185185185185
3,0.253125,0.17546296296296296,0.023958333333333335,0.049074074074074076
3,0.42552083333333335,0.4361111111111111,0.042708333333333334,0.05925925925925926
3,0.046614583333333334,0.1685185185185185,0.0328125,0.04814814814814815
3,0.07083333333333333,0.11851851851851852,0.034375,0.040740740740740744
3,0.0265625,0.1050925925925926,0.036458333333333336,0.03796296296296296
1,0.47604166666666664,0.027314814814814816,0.013541666666666667,0.05462962962962963
1,0.49765625,0.13842592592592592,0.013020833333333334,0.06018518518518518
1,0.4890625,0.1310185185185185,0.014583333333333334,0.06388888888888888
1,0.5703125,0.30833333333333335,0.01875,0.07222222222222222
1,0.5807291666666666,0.33287037037037037,0.021875,0.075
1,0.5122395833333333,0.3875,0.024479166666666666,0.075
1,0.4984375,0.3787037037037037,0.016666666666666666,0.053703703703703705
1,0.50859375,0.18888888888888888,0.0140625,0.05925925925925926
