4,0.44817708333333334,0.7958333333333333,0.04114583333333333,0.08611111111111111
4,0.4002604166666667,0.7606481481481482,0.0359375,0.075
4,0.45364583333333336,0.7328703703703704,0.04479166666666667,0.08611111111111111
4,0.40182291666666664,0.6990740740740741,0.03697916666666667,0.07407407407407407
5,0.3609375,0.6625,0.03333333333333333,0.07314814814814814
4,0.3611979166666667,0.6180555555555556,0.03177083333333333,0.05648148148148148
4,0.38333333333333336,0.6055555555555555,0.030208333333333334,0.05740740740740741
4,0.32057291666666665,0.5847222222222223,0.027604166666666666,0.05648148148148148
4,0.33177083333333335,0.5481481481481482,0.027083333333333334,0.05555555555555555
4,0.30494791666666665,0.48009259259259257,0.025520833333333333,0.05648148148148148
4,0.27369791666666665,0.4222222222222222,0.024479166666666666,0.046296296296296294
4,0.253125,0.3814814814814815,0.01875,0.03888888888888889
4,0.2752604166666667,0.37824074074074077,0.019270833333333334,0.03796296296296296
9,0.45598958333333334,0.6486111111111111,0.08697916666666666,0.15462962962962962
6,0.3736979166666667,0.5282407407407408,0.07760416666666667,0.1361111111111111
6,0.31614583333333335,0.43194444444444446,0.05520833333333333,0.10462962962962963
6,0.22213541666666667,0.3199074074074074,0.04010416666666667,0.08611111111111111
6,0.7046875,0.9032407407407408,0.04791666666666667,0.13796296296296295
4,0.16536458333333334,0.17824074074074073,0.0140625,0.021296296296296296
4,0.42083333333333334,0.13194444444444445,0.015625,0.017592592592592594
4,0.43255208333333334,0.13240740740740742,0.013020833333333334,0.016666666666666666
4,0.675,0.37083333333333335,0.025,0.028703703703703703
1,0.6408854166666667,0.39490740740740743,0.005729166666666666,0.017592592592592594
6,0.4979166666666667,0.12268518518518519,0.04479166666666667,0.04351851851851852
6,0.5075520833333333,0.13055555555555556,0.04114583333333333,0.046296296296296294
6,0.46510416666666665,0.11342592592592593,0.041666666666666664,0.03796296296296296
4,0.20859375,0.022222222222222223,0.0067708333333333336,0.012962962962962963
4,0.303125,0.08425925925925926,0.009375,0.014814814814814815
1,0.3098958333333333,0.08472222222222223,0.003125,0.010185185185185186
1,0.31015625,0.07777777777777778,0.0026041666666666665,0.009259259259259259
10,0.21041666666666667,0.37824074074074077,0.007291666666666667,0.01574074074074074
10,0.153125,0.23194444444444445,0.005208333333333333,0.012037037037037037
10,0.1171875,0.175,0.005208333333333333,0.011111111111111112
2,0.20885416666666667,0.37037037037037035,0.005208333333333333,0.014814814814814815
2,0.15234375,0.2263888888888889,0.0046875,0.010185185185185186
2,0.11588541666666667,0.1699074074074074,0.0036458333333333334,0.012037037037037037
