4,0.63046875,0.7162037037037037,0.04010416666666667,0.06759259259259259
4,0.559375,0.6287037037037037,0.03854166666666667,0.06296296296296296
4,0.5395833333333333,0.6032407407407407,0.040625,0.058333333333333334
4,0.5067708333333333,0.5569444444444445,0.0375,0.06018518518518518
4,0.4856770833333333,0.5347222222222222,0.04010416666666667,0.05462962962962963
4,0.43515625,0.4615740740740741,0.033854166666666664,0.04722222222222222
4,0.425,0.44351851851851853,0.040625,0.04814814814814815
4,0.3958333333333333,0.4050925925925926,0.035416666666666666,0.04722222222222222
4,0.36796875,0.37083333333333335,0.0359375,0.041666666666666664
4,0.3411458333333333,0.23333333333333334,0.03125,0.03148148148148148
4,0.3111979166666667,0.26157407407407407,0.0265625,0.030555555555555555
4,0.32838541666666665,0.14907407407407408,0.0265625,0.02962962962962963
4,0.3028645833333333,0.16620370370370371,0.022395833333333334,0.028703703703703703
4,0.27369791666666665,0.19166666666666668,0.0296875,0.03333333333333333
4,0.23541666666666666,0.2162037037037037,0.030208333333333334,0.03425925925925926
3,0.25078125,0.18981481481481483,0.0036458333333333334,0.012962962962962963
2,0.25052083333333336,0.1837962962962963,0.0020833333333333333,0.012037037037037037
10,0.21979166666666666,0.16064814814814815,0.008333333333333333,0.013888888888888888
10,0.22552083333333334,0.15555555555555556,0.009375,0.012962962962962963
8,0.2526041666666667,0.15185185185185185,0.01875,0.022222222222222223
4,0.9494791666666667,0.7078703703703704,0.030208333333333334,0.0824074074074074
4,0.95703125,0.5851851851851851,0.05364583333333333,0.044444444444444446
4,0.975,0.12314814814814815,0.026041666666666668,0.02962962962962963
4,0.98515625,0.11944444444444445,0.0203125,0.027777777777777776
4,0.9916666666666667,0.11203703703703703,0.011458333333333333,0.018518518518518517
4,0.515625,0.07962962962962963,0.014583333333333334,0.024074074074074074
4,0.440625,0.023148148148148147,0.019791666666666666,0.024074074074074074
10,0.215625,0.21388888888888888,0.016666666666666666,0.020370370370370372
5,0.04114583333333333,0.36435185185185187,0.035416666666666666,0.04351851851851852
4,0.00859375,0.39305555555555555,0.0171875,0.03611111111111111
10,0.0453125,0.3351851851851852,0.008333333333333333,0.016666666666666666
10,0.03671875,0.33796296296296297,0.0078125,0.020370370370370372
10,0.029427083333333333,0.34120370370370373,0.013020833333333334,0.023148148148148147
10,0.019791666666666666,0.35,0.014583333333333334,0.024074074074074074
7,0.008333333333333333,0.35833333333333334,0.016666666666666666,0.024074074074074074
4,0.048177083333333336,0.48333333333333334,0.028645833333333332,0.04259259259259259
4,0.011197916666666667,0.5222222222222223,0.022395833333333334,0.03888888888888889
0,0.065625,0.9189814814814815,0.020833333333333332,0.15648148148148147
