4,0.4627604166666667,0.011111111111111112,0.016145833333333335,0.022222222222222223
1,0.48984375,0.00787037037037037,0.0046875,0.01574074074074074
10,0.37395833333333334,0.017592592592592594,0.013541666666666667,0.014814814814814815
10,0.375,0.02824074074074074,0.014583333333333334,0.01574074074074074
10,0.35833333333333334,0.06111111111111111,0.013541666666666667,0.027777777777777776
10,0.36015625,0.07916666666666666,0.0140625,0.021296296296296296
10,0.36666666666666664,0.09305555555555556,0.014583333333333334,0.019444444444444445
10,0.35078125,0.19537037037037036,0.0171875,0.020370370370370372
10,0.46432291666666664,0.2810185185185185,0.015104166666666667,0.026851851851851852
10,0.46197916666666666,0.3,0.010416666666666666,0.025925925925925925
10,0.3372395833333333,0.274537037037037,0.018229166666666668,0.023148148148148147
10,0.33671875,0.29074074074074074,0.0171875,0.024074074074074074
10,0.3260416666666667,0.38055555555555554,0.016666666666666666,0.027777777777777776
10,0.32265625,0.3990740740740741,0.019270833333333334,0.020370370370370372
10,0.36484375,0.44305555555555554,0.009895833333333333,0.041666666666666664
8,0.31328125,0.4564814814814815,0.03177083333333333,0.03148148148148148
10,0.33515625,0.6652777777777777,0.008854166666666666,0.03796296296296296
10,0.43723958333333335,0.7560185185185185,0.022395833333333334,0.023148148148148147
10,0.42578125,0.8699074074074075,0.021354166666666667,0.017592592592592594
10,0.4236979166666667,0.9078703703703703,0.015104166666666667,0.041666666666666664
1,0.31197916666666664,0.8712962962962963,0.011458333333333333,0.014814814814814815
2,0.33515625,0.6597222222222222,0.0078125,0.010185185185185186
2,0.33619791666666665,0.6541666666666667,0.005729166666666666,0.006481481481481481
1,0.45677083333333335,0.6231481481481481,0.005208333333333333,0.020370370370370372
2,0.36432291666666666,0.4439814814814815,0.0078125,0.025
10,0.4388020833333333,0.44722222222222224,0.0203125,0.025925925925925925
4,0.39375,0.03518518518518519,0.019791666666666666,0.05185185185185185
4,0.38619791666666664,0.09259259259259259,0.018229166666666668,0.05740740740740741
4,0.37864583333333335,0.15138888888888888,0.019791666666666666,0.06018518518518518
4,0.4453125,0.25277777777777777,0.019791666666666666,0.06481481481481481
4,0.3575520833333333,0.30925925925925923,0.0234375,0.07037037037037037
4,0.35182291666666665,0.3907407407407407,0.022395833333333334,0.07777777777777778
4,0.3619791666666667,0.5611111111111111,0.025,0.08518518518518518
4,0.2598958333333333,0.4601851851851852,0.05520833333333333,0.05
5,0.23307291666666666,0.5083333333333333,0.04114583333333333,0.037037037037037035
4,0.2984375,0.537962962962963,0.057291666666666664,0.04814814814814815
4,0.3184895833333333,0.6268518518518519,0.028645833333333332,0.1
4,0.38125,0.6638888888888889,0.03333333333333333,0.10740740740740741
4,0.4109375,0.7217592592592592,0.026041666666666668,0.09351851851851851
4,0.28671875,0.8810185185185185,0.03697916666666667,0.1287037037037037
4,0.39505208333333336,0.9180555555555555,0.03177083333333333,0.10833333333333334
