2,0.9515625,0.8777777777777778,0.021875,0.044444444444444446
2,0.93984375,0.8356481481481481,0.028645833333333332,0.058333333333333334
2,0.9450520833333333,0.836574074074074,0.0171875,0.019444444444444445
10,0.8203125,0.7143518518518519,0.0375,0.06759259259259259
1,0.69765625,0.6657407407407407,0.013020833333333334,0.053703703703703705
10,0.5450520833333333,1.2625,0.03177083333333333,0.1527777777777778
2,0.54453125,1.2444444444444445,0.028645833333333332,0.09444444444444444
1,0.6216145833333333,1.1092592592592592,0.028645833333333332,0.1
10,0.6440104166666667,1.0675925925925926,0.030729166666666665,0.10925925925925926
2,0.6432291666666666,1.0537037037037038,0.023958333333333335,0.09259259259259259
7,0.19036458333333334,1.3263888888888888,0.13697916666666668,0.125
1,0.27317708333333335,1.2032407407407408,0.019270833333333334,0.06388888888888888
2,0.30494791666666665,1.2893518518518519,0.0328125,0.10462962962962963
2,0.29270833333333335,1.3569444444444445,0.036458333333333336,0.06388888888888888
1,0.41796875,0.9310185185185185,0.016145833333333335,0.09722222222222222
1,0.47682291666666665,0.8898148148148148,0.016145833333333335,0.09074074074074075
1,0.5234375,0.8560185185185185,0.015625,0.075
1,0.49557291666666664,0.8375,0.0234375,0.07314814814814814
1,0.5072916666666667,0.8388888888888889,0.008333333333333333,0.04259259259259259
1,0.48072916666666665,0.8171296296296297,0.016666666666666666,0.03796296296296296
1,0.49244791666666665,0.7921296296296296,0.018229166666666668,0.07685185185185185
2,0.44479166666666664,0.7847222222222222,0.015625,0.049074074074074076
1,0.55234375,0.6620370370370371,0.0171875,0.07037037037037037
1,0.5364583333333334,0.6717592592592593,0.01875,0.041666666666666664
1,0.5216145833333333,0.6643518518518519,0.0140625,0.05277777777777778
4,0.4359375,0.6722222222222223,0.10833333333333334,0.09074074074074075
2,0.40911458333333334,0.5074074074074074,0.0140625,0.044444444444444446
1,0.43020833333333336,0.55,0.011458333333333333,0.05925925925925926
4,0.45234375,0.5986111111111111,0.09635416666666667,0.08055555555555556
1,0.459375,0.5375,0.011458333333333333,0.058333333333333334
1,0.4669270833333333,0.5300925925925926,0.008854166666666666,0.058333333333333334
1,0.4588541666666667,0.512962962962963,0.007291666666666667,0.05555555555555555
1,0.4947916666666667,0.5370370370370371,0.007291666666666667,0.03333333333333333
1,0.5013020833333334,0.5268518518518519,0.009895833333333333,0.05740740740740741
3,0.5080729166666667,0.5157407407407407,0.0109375,0.040740740740740744
2,0.5078125,0.5041666666666667,0.011458333333333333,0.032407407407407406
3,0.5356770833333333,0.5092592592592593,0.013020833333333334,0.04259259259259259
2,0.5354166666666667,0.49953703703703706,0.0125,0.041666666666666664
2,0.6510416666666666,0.5462962962962963,0.010416666666666666,0.04259259259259259
2,0.6348958333333333,0.5611111111111111,0.0125,0.053703703703703705
3,0.62265625,0.4986111111111111,0.016145833333333335,0.041666666666666664
2,0.6140625,0.46620370370370373,0.009375,0.032407407407407406
1,0.5796875,0.5203703703703704,0.0125,0.05740740740740741
2,0.5921875,0.5152777777777777,0.013541666666666667,0.03425925925925926
2,0.55859375,0.47638888888888886,0.011979166666666667,0.03611111111111111
2,0.5330729166666667,0.43703703703703706,0.0109375,0.037037037037037035
2,0.5481770833333334,0.4587962962962963,0.008854166666666666,0.03796296296296296
2,0.5427083333333333,0.45185185185185184,0.009375,0.03148148148148148
1,0.43359375,0.44027777777777777,0.0171875,0.049074074074074076
1,0.44869791666666664,0.4361111111111111,0.008854166666666666,0.04814814814814815
1,0.4549479166666667,0.4199074074074074,0.009895833333333333,0.049074074074074076
1,0.45859375,0.4097222222222222,0.009895833333333333,0.05277777777777778
1,0.46510416666666665,0.4,0.009375,0.044444444444444446
1,0.4700520833333333,0.4212962962962963,0.009895833333333333,0.05
10,0.4875,0.4287037037037037,0.015625,0.03518518518518519
1,0.48802083333333335,0.41203703703703703,0.008333333333333333,0.040740740740740744
2,0.48203125,0.41574074074074074,0.005729166666666666,0.03148148148148148
1,0.43463541666666666,0.41388888888888886,0.008854166666666666,0.040740740740740744
3,0.4393229166666667,0.4212962962962963,0.013020833333333334,0.04259259259259259
10,0.4239583333333333,0.39675925925925926,0.015625,0.03425925925925926
2,0.4234375,0.3875,0.009375,0.04351851851851852
1,0.471875,0.37777777777777777,0.007291666666666667,0.04814814814814815
1,0.48671875,0.35185185185185186,0.0067708333333333336,0.03148148148148148
1,0.45208333333333334,0.3425925925925926,0.00625,0.044444444444444446
10,0.47239583333333335,0.36342592592592593,0.021875,0.023148148148148147
2,0.46015625,0.3282407407407407,0.008854166666666666,0.026851851851851852
2,0.46953125,0.32916666666666666,0.0078125,0.032407407407407406
2,0.47604166666666664,0.3337962962962963,0.007291666666666667,0.03425925925925926
1,0.41328125,0.2361111111111111,0.0067708333333333336,0.03333333333333333
1,0.42473958333333334,0.2601851851851852,0.0067708333333333336,0.03333333333333333
10,0.42265625,0.23287037037037037,0.0067708333333333336,0.023148148148148147
2,0.43776041666666665,0.24351851851851852,0.005729166666666666,0.020370370370370372
1,0.42552083333333335,0.30092592592592593,0.008333333333333333,0.03888888888888889
1,0.4328125,0.27870370370370373,0.005208333333333333,0.03333333333333333
1,0.43828125,0.27824074074074073,0.0067708333333333336,0.03425925925925926
1,0.44166666666666665,0.29907407407407405,0.007291666666666667,0.037037037037037035
1,0.4356770833333333,0.30185185185185187,0.005729166666666666,0.040740740740740744
1,0.43463541666666666,0.2953703703703704,0.0046875,0.016666666666666666
1,0.41822916666666665,0.2902777777777778,0.007291666666666667,0.041666666666666664
1,0.4127604166666667,0.2777777777777778,0.005729166666666666,0.02962962962962963
1,0.40625,0.28703703703703703,0.00625,0.022222222222222223
2,0.4114583333333333,0.2898148148148148,0.005208333333333333,0.018518518518518517
1,0.3924479166666667,0.26944444444444443,0.005729166666666666,0.03518518518518519
0,0.7869791666666667,0.21157407407407408,0.065625,0.04537037037037037
5,0.8,0.175,0.029166666666666667,0.03333333333333333
5,0.8744791666666667,0.39490740740740743,0.059375,0.05462962962962963
0,0.6463541666666667,0.24675925925925926,0.06458333333333334,0.049074074074074076
6,0.6286458333333333,0.20462962962962963,0.034375,0.03148148148148148
1,0.6377604166666667,0.2152777777777778,0.0046875,0.026851851851851852
1,0.64453125,0.21574074074074073,0.0046875,0.03148148148148148
3,0.5963541666666666,0.22361111111111112,0.013541666666666667,0.019444444444444445
2,0.5963541666666666,0.21666666666666667,0.00625,0.027777777777777776
0,0.5721354166666667,0.21157407407407408,0.033854166666666664,0.026851851851851852
4,0.4864583333333333,0.1824074074074074,0.023958333333333335,0.024074074074074074
4,0.46979166666666666,0.17037037037037037,0.021875,0.025925925925925925
4,0.4515625,0.16157407407407406,0.021875,0.021296296296296296
4,0.3885416666666667,0.12129629629629629,0.015625,0.024074074074074074
4,0.3984375,0.1300925925925926,0.014583333333333334,0.019444444444444445
5,0.41328125,0.1375,0.015104166666666667,0.021296296296296296
4,0.4244791666666667,0.1425925925925926,0.010416666666666666,0.018518518518518517
5,0.43333333333333335,0.14675925925925926,0.014583333333333334,0.026851851851851852
5,0.5109375,0.18472222222222223,0.01875,0.026851851851851852
6,0.5286458333333334,0.19166666666666668,0.03229166666666667,0.03888888888888889
5,0.7385416666666667,0.32083333333333336,0.0375,0.05092592592592592
5,0.6924479166666667,0.2962962962962963,0.03697916666666667,0.05185185185185185
4,0.9763020833333333,0.4587962962962963,0.0515625,0.062037037037037036
