4,0.5856770833333333,0.7152777777777778,0.016145833333333335,0.026851851851851852
4,0.6302083333333334,0.6439814814814815,0.019791666666666666,0.04351851851851852
4,0.5388020833333333,0.612037037037037,0.0171875,0.03148148148148148
5,0.6645833333333333,0.4962962962962963,0.019791666666666666,0.037037037037037035
4,0.3125,0.600925925925926,0.010416666666666666,0.03518518518518519
4,0.37421875,0.38842592592592595,0.018229166666666668,0.019444444444444445
5,0.39088541666666665,0.3587962962962963,0.018229166666666668,0.021296296296296296
4,0.4544270833333333,0.3287037037037037,0.015104166666666667,0.018518518518518517
4,0.5013020833333334,0.3439814814814815,0.0171875,0.019444444444444445
4,0.5559895833333334,0.2796296296296296,0.016145833333333335,0.018518518518518517
4,0.46770833333333334,0.2564814814814815,0.016666666666666666,0.018518518518518517
4,0.45703125,0.24722222222222223,0.0171875,0.016666666666666666
9,0.48489583333333336,0.2101851851851852,0.040625,0.03888888888888889
1,0.4309895833333333,0.18518518518518517,0.0026041666666666665,0.005555555555555556
1,0.41640625,0.19074074074074074,0.0026041666666666665,0.009259259259259259
6,0.3307291666666667,0.2851851851851852,0.022916666666666665,0.025925925925925925
1,0.32838541666666665,0.27175925925925926,0.0036458333333333334,0.008333333333333333
5,0.25494791666666666,0.4449074074074074,0.0203125,0.021296296296296296
4,0.2596354166666667,0.42592592592592593,0.019270833333333334,0.022222222222222223
4,0.225,0.425462962962963,0.017708333333333333,0.019444444444444445
4,0.196875,0.4074074074074074,0.016666666666666666,0.018518518518518517
6,0.21979166666666666,0.39166666666666666,0.029166666666666667,0.03148148148148148
5,0.22057291666666667,0.3388888888888889,0.0203125,0.020370370370370372
5,0.10963541666666667,0.300462962962963,0.0109375,0.028703703703703703
4,0.3059895833333333,0.02175925925925926,0.0078125,0.021296296296296296
