2,0.77265625,1.3662037037037038,0.03177083333333333,0.04537037037037037
1,0.7302083333333333,1.3560185185185185,0.041666666666666664,0.06574074074074074
1,0.69609375,1.2435185185185185,0.03697916666666667,0.07037037037037037
1,0.7252604166666666,1.1837962962962962,0.044270833333333336,0.06944444444444445
9,0.8075520833333333,1.2,0.15260416666666668,0.37777777777777777
4,0.9393229166666667,1.2064814814814815,0.2046875,0.3611111111111111
2,0.63984375,0.9972222222222222,0.019270833333333334,0.05185185185185185
1,0.6401041666666667,0.9069444444444444,0.027083333333333334,0.062037037037037036
1,0.6106770833333334,0.9046296296296297,0.021354166666666667,0.07777777777777778
2,0.7278645833333334,0.8689814814814815,0.03697916666666667,0.0824074074074074
8,0.7223958333333333,0.8550925925925926,0.05416666666666667,0.20092592592592592
1,0.91015625,0.8226851851851852,0.03697916666666667,0.0712962962962963
10,0.94609375,0.7805555555555556,0.0796875,0.06111111111111111
1,0.8364583333333333,0.7180555555555556,0.042708333333333334,0.08981481481481482
1,0.8651041666666667,0.6226851851851852,0.03229166666666667,0.07685185185185185
1,0.8778645833333333,0.6550925925925926,0.0296875,0.05092592592592592
1,0.8963541666666667,0.6523148148148148,0.03958333333333333,0.0824074074074074
1,0.8989583333333333,0.6837962962962963,0.042708333333333334,0.08981481481481482
1,0.9361979166666666,0.6638888888888889,0.050520833333333334,0.08888888888888889
1,0.9854166666666667,0.6884259259259259,0.026041666666666668,0.04537037037037037
1,0.9934895833333334,0.7032407407407407,0.049479166666666664,0.0787037037037037
1,1.0255208333333334,0.7328703703703704,0.03229166666666667,0.06574074074074074
3,0.8515625,0.6365740740740741,0.027083333333333334,0.08425925925925926
10,0.5614583333333333,0.7212962962962963,0.025,0.11666666666666667
10,0.7651041666666667,0.47962962962962963,0.052083333333333336,0.06851851851851852
10,0.6932291666666667,0.41712962962962963,0.040625,0.06574074074074074
10,0.74296875,0.4217592592592593,0.049479166666666664,0.058333333333333334
1,0.7989583333333333,0.41574074074074074,0.027083333333333334,0.07777777777777778
1,0.546875,0.5078703703703704,0.025,0.08611111111111111
1,0.5119791666666667,0.5189814814814815,0.01875,0.075
1,0.4778645833333333,0.5111111111111111,0.0203125,0.07407407407407407
1,0.47239583333333335,0.4773148148148148,0.015625,0.06018518518518518
1,0.3921875,0.42407407407407405,0.026041666666666668,0.07962962962962963
2,0.69921875,0.4097222222222222,0.024479166666666666,0.075
2,0.7486979166666666,0.40879629629629627,0.027604166666666666,0.06018518518518518
1,0.9921875,0.28379629629629627,0.027083333333333334,0.06574074074074074
1,0.9578125,0.31342592592592594,0.026041666666666668,0.06574074074074074
1,0.95859375,0.28194444444444444,0.0390625,0.06944444444444445
1,0.9317708333333333,0.2638888888888889,0.026041666666666668,0.07592592592592592
3,1.0106770833333334,0.26157407407407407,0.04635416666666667,0.05092592592592592
5,1.0057291666666666,0.044444444444444446,0.07083333333333333,0.08888888888888889
5,0.8864583333333333,0.03194444444444444,0.078125,0.06388888888888888
2,0.8479166666666667,0.26990740740740743,0.028125,0.07685185185185185
1,0.7908854166666667,0.30277777777777776,0.024479166666666666,0.08703703703703704
1,0.8190104166666666,0.2537037037037037,0.025520833333333333,0.07592592592592592
1,0.7997395833333333,0.22453703703703703,0.024479166666666666,0.08611111111111111
1,0.7614583333333333,0.17314814814814813,0.020833333333333332,0.07592592592592592
1,0.7356770833333334,0.1398148148148148,0.019270833333333334,0.06851851851851852
1,0.7260416666666667,0.030555555555555555,0.016666666666666666,0.06111111111111111
4,0.6825520833333333,0.04583333333333333,0.05260416666666667,0.09166666666666666
1,0.70703125,0.36527777777777776,0.0171875,0.06944444444444445
1,0.69609375,0.33425925925925926,0.019270833333333334,0.08703703703703704
4,0.7161458333333334,0.23287037037037037,0.06354166666666666,0.15648148148148147
2,0.6763020833333333,0.2550925925925926,0.0265625,0.07314814814814814
10,0.67578125,0.26342592592592595,0.025520833333333333,0.07685185185185185
1,0.6515625,0.029166666666666667,0.0125,0.058333333333333334
3,0.6348958333333333,0.01990740740740741,0.008333333333333333,0.03981481481481482
1,0.6169270833333333,0.03194444444444444,0.016145833333333335,0.06388888888888888
2,0.62734375,0.1597222222222222,0.0140625,0.06388888888888888
1,0.6197916666666666,0.07592592592592592,0.017708333333333333,0.07407407407407407
1,0.5916666666666667,0.14351851851851852,0.019791666666666666,0.07962962962962963
1,0.5763020833333333,0.18796296296296297,0.008854166666666666,0.07407407407407407
1,0.6315104166666666,0.30648148148148147,0.0171875,0.08333333333333333
4,0.57265625,0.03333333333333333,0.05260416666666667,0.06666666666666667
10,0.53515625,0.350462962962963,0.04114583333333333,0.04537037037037037
2,0.53515625,0.34120370370370373,0.021354166666666667,0.08055555555555556
2,0.540625,0.22268518518518518,0.016666666666666666,0.05277777777777778
1,0.5239583333333333,0.14953703703703702,0.015625,0.06018518518518518
1,0.5182291666666666,0.13240740740740742,0.014583333333333334,0.06296296296296296
1,0.57421875,0.060648148148148145,0.013020833333333334,0.08055555555555556
1,0.56015625,0.04675925925925926,0.013020833333333334,0.075
1,0.5513020833333333,0.0375,0.0067708333333333336,0.03981481481481482
1,0.5481770833333334,0.06620370370370371,0.011979166666666667,0.05277777777777778
1,0.53984375,0.05925925925925926,0.0109375,0.05925925925925926
1,0.53984375,0.038425925925925926,0.009895833333333333,0.04537037037037037
2,0.5255208333333333,0.05,0.00625,0.020370370370370372
1,0.5216145833333333,0.026851851851851852,0.013020833333333334,0.053703703703703705
10,0.3880208333333333,0.09398148148148149,0.014583333333333334,0.05277777777777778
10,0.3846354166666667,0.04490740740740741,0.015104166666666667,0.05277777777777778
10,0.37161458333333336,0.040740740740740744,0.016145833333333335,0.05925925925925926
4,0.35859375,0.10231481481481482,0.04739583333333333,0.0787037037037037
5,0.25338541666666664,0.16712962962962963,0.10364583333333334,0.07685185185185185
5,0.26458333333333334,0.1175925925925926,0.103125,0.08148148148148149
1,0.3059895833333333,0.03425925925925926,0.0171875,0.06296296296296296
1,0.3109375,0.022222222222222223,0.017708333333333333,0.044444444444444446
1,0.2947916666666667,0.03287037037037037,0.019791666666666666,0.06574074074074074
1,0.28463541666666664,0.03009259259259259,0.019270833333333334,0.06018518518518518
1,0.3390625,0.31203703703703706,0.020833333333333332,0.04259259259259259
1,0.29713541666666665,0.3597222222222222,0.0296875,0.07314814814814814
1,0.2546875,0.5333333333333333,0.030208333333333334,0.07222222222222222
1,0.24609375,0.49675925925925923,0.021354166666666667,0.05277777777777778
2,0.22708333333333333,0.5083333333333333,0.01875,0.053703703703703705
1,0.24322916666666666,0.2967592592592593,0.014583333333333334,0.03796296296296296
1,0.013802083333333333,0.33935185185185185,0.027604166666666666,0.05462962962962963
1,0.17473958333333334,0.35324074074074074,0.033854166666666664,0.0712962962962963
1,0.16588541666666667,0.4652777777777778,0.04010416666666667,0.0712962962962963
1,0.16328125,0.5041666666666667,0.04114583333333333,0.07685185185185185
1,0.15885416666666666,0.5310185185185186,0.036458333333333336,0.06944444444444445
1,0.1140625,0.5643518518518519,0.03333333333333333,0.05648148148148148
1,0.04479166666666667,0.500462962962963,0.03958333333333333,0.0712962962962963
1,0.52734375,0.7958333333333333,0.0140625,0.075
2,0.2,0.3972222222222222,0.027083333333333334,0.07777777777777778
2,0.07317708333333334,0.5069444444444444,0.0265625,0.019444444444444445
10,0.20651041666666667,0.4,0.0546875,0.05740740740740741
10,0.0875,0.5583333333333333,0.0625,0.06111111111111111
