5,0.4049479166666667,1.1648148148148147,0.025520833333333333,0.09259259259259259
10,0.384375,1.0611111111111111,0.016666666666666666,0.03148148148148148
3,0.40572916666666664,1.2472222222222222,0.020833333333333332,0.025925925925925925
1,0.3572916666666667,1.2782407407407408,0.008333333333333333,0.028703703703703703
10,0.37734375,1.3046296296296296,0.021354166666666667,0.02962962962962963
10,0.39557291666666666,1.3231481481481482,0.0171875,0.044444444444444446
4,0.4080729166666667,1.3601851851851852,0.0328125,0.05740740740740741
4,0.4903645833333333,0.9185185185185185,0.021354166666666667,0.07407407407407407
1,0.6098958333333333,0.8981481481481481,0.00625,0.022222222222222223
5,0.6466145833333333,0.9717592592592592,0.033854166666666664,0.08796296296296297
4,0.6598958333333333,1.0578703703703705,0.027083333333333334,0.07314814814814814
1,0.37395833333333334,0.9902777777777778,0.007291666666666667,0.025
1,0.3684895833333333,0.9601851851851851,0.0078125,0.02962962962962963
3,0.39010416666666664,0.9773148148148149,0.0125,0.026851851851851852
3,0.38723958333333336,1.025925925925926,0.0171875,0.014814814814814815
10,0.37135416666666665,0.9564814814814815,0.008333333333333333,0.027777777777777776
10,0.35546875,0.8925925925925926,0.0140625,0.03148148148148148
10,0.34348958333333335,0.8814814814814815,0.0171875,0.018518518518518517
1,0.34791666666666665,0.9268518518518518,0.005208333333333333,0.025925925925925925
5,0.340625,0.7953703703703704,0.03958333333333333,0.03888888888888889
4,0.16796875,0.8986111111111111,0.030729166666666665,0.06574074074074074
5,0.2903645833333333,0.8138888888888889,0.04010416666666667,0.04259259259259259
4,0.24088541666666666,0.674537037037037,0.0203125,0.049074074074074076
5,0.23125,0.5916666666666667,0.017708333333333333,0.02962962962962963
4,0.275,0.5884259259259259,0.01875,0.03611111111111111
4,0.2947916666666667,0.5967592592592592,0.020833333333333332,0.04351851851851852
2,0.34375,1.2152777777777777,0.00625,0.026851851851851852
2,0.35130208333333335,1.225,0.0078125,0.020370370370370372
2,0.3455729166666667,1.237962962962963,0.011979166666666667,0.020370370370370372
4,0.8471354166666667,0.7907407407407407,0.04114583333333333,0.03518518518518519
5,0.6236979166666666,0.825462962962963,0.0234375,0.05277777777777778
5,0.6122395833333333,0.7675925925925926,0.021354166666666667,0.04814814814814815
9,0.596875,0.6365740740740741,0.025,0.07314814814814814
5,0.5885416666666666,0.5930555555555556,0.01875,0.03981481481481482
5,0.5184895833333333,0.5921296296296297,0.013020833333333334,0.025
9,0.5765625,0.48842592592592593,0.019791666666666666,0.05648148148148148
4,0.5723958333333333,0.4537037037037037,0.014583333333333334,0.02962962962962963
4,0.57109375,0.42407407407407405,0.013020833333333334,0.027777777777777776
5,0.5692708333333333,0.36527777777777776,0.011458333333333333,0.023148148148148147
5,0.5684895833333333,0.3425925925925926,0.013020833333333334,0.020370370370370372
6,0.53671875,0.2310185185185185,0.009895833333333333,0.026851851851851852
4,0.42083333333333334,0.7069444444444445,0.017708333333333333,0.05092592592592592
4,0.42265625,0.6324074074074074,0.016145833333333335,0.046296296296296294
5,0.42578125,0.5833333333333334,0.016145833333333335,0.040740740740740744
5,0.42864583333333334,0.5032407407407408,0.014583333333333334,0.03611111111111111
4,0.43359375,0.44212962962962965,0.011979166666666667,0.030555555555555555
4,0.4359375,0.41435185185185186,0.0125,0.030555555555555555
1,0.44505208333333335,0.38657407407407407,0.0036458333333333334,0.017592592592592594
1,0.4473958333333333,0.38842592592592595,0.003125,0.017592592592592594
2,0.45416666666666666,0.37222222222222223,0.004166666666666667,0.014814814814814815
10,0.45416666666666666,0.37592592592592594,0.004166666666666667,0.012962962962962963
4,0.45390625,0.3143518518518518,0.011979166666666667,0.026851851851851852
5,0.46067708333333335,0.2740740740740741,0.0109375,0.020370370370370372
9,0.46640625,0.22824074074074074,0.016145833333333335,0.05462962962962963
2,0.48385416666666664,0.23796296296296296,0.003125,0.011111111111111112
10,0.48359375,0.24305555555555555,0.0036458333333333334,0.010185185185185186
1,0.4817708333333333,0.20833333333333334,0.003125,0.014814814814814815
4,0.5046875,0.17592592592592593,0.01875,0.014814814814814815
4,0.48411458333333335,0.13472222222222222,0.0078125,0.013888888888888888
4,0.50546875,0.13657407407407407,0.0067708333333333336,0.013888888888888888
4,0.509375,0.10833333333333334,0.007291666666666667,0.014814814814814815
4,0.51796875,0.11898148148148148,0.0078125,0.013888888888888888
4,0.48411458333333335,0.12268518518518519,0.0067708333333333336,0.012037037037037037
4,0.48541666666666666,0.11435185185185186,0.007291666666666667,0.012037037037037037
4,0.4875,0.10324074074074074,0.007291666666666667,0.013888888888888888
4,0.4895833333333333,0.08796296296296297,0.008333333333333333,0.012962962962962963
5,0.5158854166666667,0.14444444444444443,0.0078125,0.018518518518518517
5,0.51328125,0.07314814814814814,0.0067708333333333336,0.014814814814814815
1,0.4947916666666667,0.0824074074074074,0.0020833333333333333,0.009259259259259259
1,0.4973958333333333,0.08194444444444444,0.0020833333333333333,0.012037037037037037
1,0.49895833333333334,0.06805555555555555,0.0020833333333333333,0.010185185185185186
1,0.49505208333333334,0.056018518518518516,0.0015625,0.008333333333333333
1,0.49609375,0.05740740740740741,0.0015625,0.007407407407407408
5,0.4942708333333333,0.06388888888888888,0.00625,0.012962962962962963
4,0.515625,0.05740740740740741,0.00625,0.011111111111111112
4,0.5197916666666667,0.026851851851851852,0.005208333333333333,0.011111111111111112
4,0.5401041666666667,0.016666666666666666,0.005208333333333333,0.009259259259259259
2,0.5072916666666667,0.053703703703703705,0.0020833333333333333,0.009259259259259259
3,0.5072916666666667,0.056018518518518516,0.0020833333333333333,0.008333333333333333
1,0.5065104166666666,0.03935185185185185,0.0015625,0.010185185185185186
5,0.4986979166666667,0.03796296296296296,0.0067708333333333336,0.011111111111111112
4,0.5,0.02962962962962963,0.00625,0.011111111111111112
4,0.50078125,0.022685185185185187,0.0067708333333333336,0.008333333333333333
4,0.5028645833333333,0.018055555555555554,0.005729166666666666,0.010185185185185186
4,0.5046875,0.003703703703703704,0.005208333333333333,0.007407407407407408
5,0.6984375,0.24583333333333332,0.009375,0.019444444444444445
4,0.6877604166666667,0.24675925925925926,0.0078125,0.01574074074074074
4,0.7229166666666667,0.22777777777777777,0.016666666666666666,0.014814814814814815
4,0.5651041666666666,0.14212962962962963,0.007291666666666667,0.012037037037037037
4,0.56484375,0.10138888888888889,0.0067708333333333336,0.012037037037037037
4,0.565625,0.12962962962962962,0.007291666666666667,0.011111111111111112
1,0.5505208333333333,0.10601851851851851,0.0020833333333333333,0.010185185185185186
2,0.55703125,0.11481481481481481,0.0026041666666666665,0.009259259259259259
3,0.5572916666666666,0.1175925925925926,0.0020833333333333333,0.009259259259259259
1,0.5526041666666667,0.06157407407407407,0.0020833333333333333,0.010185185185185186
1,0.55625,0.06296296296296296,0.0020833333333333333,0.009259259259259259
