4,0.41770833333333335,1.2939814814814814,0.03333333333333333,0.10092592592592593
4,0.5002604166666667,1.111574074074074,0.034895833333333334,0.0712962962962963
4,0.3802083333333333,1.1064814814814814,0.0375,0.08333333333333333
3,0.4041666666666667,1.1171296296296296,0.008333333333333333,0.030555555555555555
2,0.40390625,1.1097222222222223,0.0078125,0.028703703703703703
4,0.35911458333333335,0.9972222222222222,0.028645833333333332,0.06481481481481481
4,0.3419270833333333,0.9319444444444445,0.0234375,0.05462962962962963
5,0.3299479166666667,0.8722222222222222,0.025520833333333333,0.07037037037037037
2,0.3703125,0.8916666666666667,0.007291666666666667,0.020370370370370372
10,0.37057291666666664,0.9,0.0078125,0.024074074074074074
2,0.32395833333333335,0.7490740740740741,0.00625,0.018518518518518517
3,0.32395833333333335,0.7560185185185185,0.00625,0.019444444444444445
9,0.3171875,0.7935185185185185,0.042708333333333334,0.12962962962962962
4,0.29348958333333336,0.7157407407407408,0.018229166666666668,0.03888888888888889
4,0.2890625,0.6828703703703703,0.016666666666666666,0.03611111111111111
4,0.28098958333333335,0.6550925925925926,0.0140625,0.030555555555555555
3,0.31484375,0.6875,0.005729166666666666,0.01574074074074074
2,0.3145833333333333,0.6828703703703703,0.00625,0.017592592592592594
4,0.27578125,0.6268518518518519,0.016145833333333335,0.03148148148148148
4,0.2713541666666667,0.6064814814814815,0.0125,0.024074074074074074
5,0.26510416666666664,0.5810185185185185,0.010416666666666666,0.026851851851851852
1,0.24869791666666666,0.6138888888888889,0.0036458333333333334,0.012962962962962963
1,0.24401041666666667,0.5791666666666667,0.0036458333333333334,0.017592592592592594
4,0.26171875,0.5648148148148148,0.013020833333333334,0.027777777777777776
7,0.2677083333333333,0.5555555555555556,0.007291666666666667,0.016666666666666666
1,0.26979166666666665,0.5393518518518519,0.004166666666666667,0.017592592592592594
1,0.25625,0.549537037037037,0.004166666666666667,0.012037037037037037
4,0.2557291666666667,0.5361111111111111,0.010416666666666666,0.020370370370370372
1,0.25885416666666666,0.5148148148148148,0.004166666666666667,0.016666666666666666
4,0.2513020833333333,0.524074074074074,0.011979166666666667,0.022222222222222223
4,0.21770833333333334,0.36898148148148147,0.009375,0.01574074074074074
4,0.2375,0.29259259259259257,0.00625,0.011111111111111112
4,0.21484375,0.26851851851851855,0.005729166666666666,0.007407407407407408
4,0.21328125,0.2611111111111111,0.0046875,0.007407407407407408
1,0.2125,0.31574074074074077,0.003125,0.011111111111111112
10,0.21822916666666667,0.31851851851851853,0.003125,0.005555555555555556
2,0.21796875,0.31574074074074077,0.0026041666666666665,0.007407407407407408
0,0.1859375,0.1574074074074074,0.015625,0.03518518518518519
4,0.3140625,0.43703703703703706,0.009375,0.014814814814814815
5,0.2203125,0.25787037037037036,0.005208333333333333,0.010185185185185186
4,0.22630208333333332,0.25601851851851853,0.0046875,0.008333333333333333
5,0.21666666666666667,0.25,0.005208333333333333,0.009259259259259259
4,0.20546875,0.2449074074074074,0.0067708333333333336,0.010185185185185186
0,0.203125,0.22037037037037038,0.015625,0.03518518518518519
9,0.21458333333333332,0.22546296296296298,0.00625,0.013888888888888888
4,0.21510416666666668,0.23935185185185184,0.005208333333333333,0.008333333333333333
4,0.21796875,0.23703703703703705,0.0046875,0.007407407407407408
0,0.20416666666666666,0.15833333333333333,0.017708333333333333,0.05
9,0.5502604166666667,1.3208333333333333,0.07864583333333333,0.13425925925925927
4,0.5864583333333333,1.3240740740740742,0.046875,0.10925925925925926
4,0.6434895833333333,1.3365740740740741,0.0546875,0.10462962962962963
4,0.93828125,1.3486111111111112,0.0609375,0.07685185185185185
5,0.8744791666666667,1.2462962962962962,0.06666666666666667,0.1037037037037037
3,0.8924479166666667,1.3583333333333334,0.021354166666666667,0.044444444444444446
2,0.8947916666666667,1.3527777777777779,0.011458333333333333,0.037037037037037035
10,0.8479166666666667,1.2972222222222223,0.017708333333333333,0.040740740740740744
2,0.85,1.2912037037037036,0.011458333333333333,0.028703703703703703
3,0.809375,1.2268518518518519,0.017708333333333333,0.03888888888888889
2,0.8098958333333334,1.2189814814814814,0.011458333333333333,0.028703703703703703
4,0.7692708333333333,1.0671296296296295,0.04583333333333333,0.06944444444444445
3,0.7260416666666667,1.087962962962963,0.014583333333333334,0.03333333333333333
2,0.7270833333333333,1.0814814814814815,0.010416666666666666,0.02962962962962963
4,0.7317708333333334,1.0087962962962962,0.041666666666666664,0.05648148148148148
3,0.6916666666666667,0.9800925925925926,0.011458333333333333,0.026851851851851852
2,0.6916666666666667,0.9712962962962963,0.008333333333333333,0.024074074074074074
4,0.6421875,0.8652777777777778,0.034375,0.04722222222222222
10,0.6263020833333334,0.8379629629629629,0.015104166666666667,0.016666666666666666
10,0.6184895833333334,0.8273148148148148,0.0109375,0.026851851851851852
10,0.6143229166666667,0.8208333333333333,0.013020833333333334,0.021296296296296296
10,0.6098958333333333,0.8134259259259259,0.014583333333333334,0.017592592592592594
3,0.5950520833333334,0.8009259259259259,0.0140625,0.016666666666666666
2,0.5927083333333333,0.7805555555555556,0.00625,0.022222222222222223
10,0.5934895833333333,0.7837962962962963,0.008854166666666666,0.026851851851851852
3,0.5796875,0.775,0.008333333333333333,0.024074074074074074
10,0.5635416666666667,0.7944444444444444,0.008333333333333333,0.020370370370370372
2,0.56328125,0.7916666666666666,0.0067708333333333336,0.020370370370370372
4,0.6947916666666667,1.2189814814814814,0.046875,0.0787037037037037
4,0.5424479166666667,0.9652777777777778,0.0328125,0.05462962962962963
4,0.51875,0.6824074074074075,0.022916666666666665,0.02962962962962963
1,0.5221354166666666,0.6597222222222222,0.0046875,0.019444444444444445
1,0.5333333333333333,0.6569444444444444,0.004166666666666667,0.017592592592592594
4,0.4953125,0.6532407407407408,0.020833333333333332,0.025
4,0.46822916666666664,0.6171296296296296,0.01875,0.023148148148148147
4,0.4596354166666667,0.5935185185185186,0.0171875,0.022222222222222223
4,0.5091145833333334,0.5722222222222222,0.0171875,0.022222222222222223
3,0.5138020833333333,0.6129629629629629,0.0036458333333333334,0.018518518518518517
3,0.5028645833333333,0.6060185185185185,0.0036458333333333334,0.013888888888888888
3,0.49921875,0.5953703703703703,0.009895833333333333,0.011111111111111112
0,0.48359375,0.5828703703703704,0.016145833333333335,0.017592592592592594
4,0.4348958333333333,0.5523148148148148,0.014583333333333334,0.017592592592592594
4,0.42604166666666665,0.5342592592592592,0.015625,0.020370370370370372
10,0.45416666666666666,0.5273148148148148,0.009375,0.012037037037037037
4,0.36328125,0.5171296296296296,0.0140625,0.021296296296296296
4,0.35546875,0.4740740740740741,0.011979166666666667,0.016666666666666666
4,0.38307291666666665,0.4486111111111111,0.0078125,0.01574074074074074
0,0.23151041666666666,0.20092592592592592,0.033854166666666664,0.05740740740740741
0,0.27291666666666664,0.2796296296296296,0.0125,0.03333333333333333
10,0.42291666666666666,0.5564814814814815,0.005208333333333333,0.012962962962962963
2,0.42239583333333336,0.5527777777777778,0.005208333333333333,0.014814814814814815
2,0.409375,0.5375,0.004166666666666667,0.01574074074074074
3,0.40911458333333334,0.5398148148148149,0.0036458333333333334,0.012962962962962963
4,0.4127604166666667,0.5125,0.013020833333333334,0.017592592592592594
4,0.4044270833333333,0.49953703703703706,0.011979166666666667,0.01574074074074074
4,0.39791666666666664,0.48564814814814816,0.0125,0.017592592592592594
4,0.39036458333333335,0.47453703703703703,0.013020833333333334,0.017592592592592594
4,0.42291666666666666,0.5041666666666667,0.0125,0.017592592592592594
4,0.40703125,0.3972222222222222,0.0171875,0.012962962962962963
1,0.3846354166666667,0.48564814814814816,0.0026041666666666665,0.012037037037037037
2,0.3848958333333333,0.49398148148148147,0.004166666666666667,0.013888888888888888
10,0.3854166666666667,0.4976851851851852,0.004166666666666667,0.012037037037037037
2,0.37213541666666666,0.46574074074074073,0.0026041666666666665,0.009259259259259259
10,0.37213541666666666,0.46944444444444444,0.0036458333333333334,0.009259259259259259
4,0.4265625,0.3990740740740741,0.020833333333333332,0.016666666666666666
4,0.3338541666666667,0.4046296296296296,0.005208333333333333,0.012962962962962963
3,0.3763020833333333,0.4041666666666667,0.005729166666666666,0.006481481481481481
2,0.37526041666666665,0.4023148148148148,0.0026041666666666665,0.012037037037037037
2,0.36223958333333334,0.44537037037037036,0.0026041666666666665,0.012962962962962963
3,0.36223958333333334,0.44814814814814813,0.0026041666666666665,0.009259259259259259
4,0.27395833333333336,0.3287037037037037,0.007291666666666667,0.011111111111111112
4,0.26927083333333335,0.31851851851851853,0.00625,0.009259259259259259
4,0.25677083333333334,0.29583333333333334,0.005208333333333333,0.008333333333333333
4,0.25625,0.2884259259259259,0.005208333333333333,0.006481481481481481
4,0.24583333333333332,0.2828703703703704,0.005208333333333333,0.008333333333333333
9,0.2875,0.32407407407407407,0.013541666666666667,0.025925925925925925
4,0.24166666666666667,0.27175925925925926,0.005208333333333333,0.008333333333333333
4,0.23802083333333332,0.2625,0.005208333333333333,0.006481481481481481
4,0.23411458333333332,0.2537037037037037,0.0046875,0.007407407407407408
4,0.22890625,0.24305555555555555,0.0036458333333333334,0.006481481481481481
4,0.23541666666666666,0.2412037037037037,0.004166666666666667,0.006481481481481481
4,0.24557291666666667,0.23657407407407408,0.0078125,0.006481481481481481
4,0.24505208333333334,0.24722222222222223,0.0046875,0.007407407407407408
4,0.24947916666666667,0.25555555555555554,0.005208333333333333,0.007407407407407408
4,0.25234375,0.2773148148148148,0.0046875,0.008333333333333333
4,0.24817708333333333,0.26944444444444443,0.0046875,0.007407407407407408
4,0.24635416666666668,0.2638888888888889,0.005208333333333333,0.007407407407407408
4,0.24296875,0.2574074074074074,0.0046875,0.007407407407407408
4,0.24010416666666667,0.2513888888888889,0.004166666666666667,0.006481481481481481
4,0.23880208333333333,0.2462962962962963,0.0046875,0.007407407407407408
4,0.29661458333333335,0.3138888888888889,0.005729166666666666,0.009259259259259259
4,0.29609375,0.29398148148148145,0.011979166666666667,0.010185185185185186
0,0.28411458333333334,0.28703703703703703,0.009895833333333333,0.024074074074074074
0,0.2947916666666667,0.2722222222222222,0.016666666666666666,0.03148148148148148
0,0.2604166666666667,0.2523148148148148,0.013541666666666667,0.03796296296296296
10,0.3515625,0.43194444444444446,0.004166666666666667,0.010185185185185186
2,0.3515625,0.4287037037037037,0.003125,0.009259259259259259
10,0.34765625,0.412962962962963,0.0036458333333333334,0.009259259259259259
2,0.34739583333333335,0.4097222222222222,0.0020833333333333333,0.008333333333333333
10,0.33932291666666664,0.40185185185185185,0.0026041666666666665,0.007407407407407408
2,0.33880208333333334,0.39861111111111114,0.0026041666666666665,0.008333333333333333
1,0.34453125,0.3800925925925926,0.0026041666666666665,0.010185185185185186
1,0.36614583333333334,0.3921296296296296,0.0020833333333333333,0.010185185185185186
1,0.3770833333333333,0.3763888888888889,0.0020833333333333333,0.010185185185185186
4,0.30911458333333336,0.33425925925925926,0.0067708333333333336,0.009259259259259259
4,0.30625,0.3296296296296296,0.007291666666666667,0.009259259259259259
4,0.30390625,0.32407407407407407,0.005729166666666666,0.007407407407407408
4,0.30885416666666665,0.30648148148148147,0.007291666666666667,0.009259259259259259
4,0.3390625,0.3851851851851852,0.008333333333333333,0.012962962962962963
4,0.33567708333333335,0.37916666666666665,0.008854166666666666,0.012037037037037037
4,0.3307291666666667,0.3736111111111111,0.008333333333333333,0.012037037037037037
4,0.32760416666666664,0.36712962962962964,0.008333333333333333,0.010185185185185186
4,0.32473958333333336,0.36064814814814816,0.008854166666666666,0.012037037037037037
4,0.32083333333333336,0.3560185185185185,0.008333333333333333,0.010185185185185186
4,0.31796875,0.3490740740740741,0.0078125,0.011111111111111112
4,0.31484375,0.34444444444444444,0.0078125,0.011111111111111112
3,0.31197916666666664,0.35324074074074074,0.003125,0.006481481481481481
2,0.31171875,0.3509259259259259,0.0026041666666666665,0.007407407407407408
3,0.3255208333333333,0.3814814814814815,0.0020833333333333333,0.007407407407407408
2,0.32526041666666666,0.3773148148148148,0.0026041666666666665,0.008333333333333333
0,0.07317708333333334,0.575,0.09947916666666666,0.06481481481481481
4,0.04088541666666667,0.6486111111111111,0.034895833333333334,0.028703703703703703
3,0.7908854166666667,1.011111111111111,0.013020833333333334,0.024074074074074074
0,0.9385416666666667,1.1268518518518518,0.07708333333333334,0.05740740740740741
3,1.0015625,1.3120370370370371,0.019791666666666666,0.040740740740740744
1,1.0065104166666667,1.3018518518518518,0.009895833333333333,0.03888888888888889
