6,0.2859375,0.07268518518518519,0.030208333333333334,0.14537037037037037
4,0.4361979166666667,0.04583333333333333,0.0234375,0.075
5,0.45026041666666666,0.2375,0.021354166666666667,0.06574074074074074
10,0.48385416666666664,0.0412037037037037,0.007291666666666667,0.025
1,0.31875,0.40370370370370373,0.008333333333333333,0.014814814814814815
1,0.3111979166666667,0.3976851851851852,0.0067708333333333336,0.01574074074074074
6,0.30104166666666665,0.6342592592592593,0.0375,0.18518518518518517
4,0.48098958333333336,0.812962962962963,0.0265625,0.09444444444444444
1,0.4791666666666667,0.8898148148148148,0.009375,0.024074074074074074
10,0.5104166666666666,0.8282407407407407,0.010416666666666666,0.03611111111111111
4,0.42942708333333335,0.5768518518518518,0.0140625,0.05740740740740741
10,0.5197916666666667,0.5990740740740741,0.013541666666666667,0.02962962962962963
1,0.45234375,0.3560185185185185,0.008854166666666666,0.017592592592592594
0,0.3265625,0.2759259259259259,0.009375,0.03518518518518519
