4,0.24609375,0.032407407407407406,0.0265625,0.06481481481481481
4,0.3567708333333333,0.015277777777777777,0.022916666666666665,0.030555555555555555
5,0.4484375,0.03148148148148148,0.04583333333333333,0.06296296296296296
4,0.46432291666666664,0.07222222222222222,0.0484375,0.09259259259259259
4,0.2421875,0.12638888888888888,0.026041666666666668,0.10277777777777777
4,0.24244791666666668,0.24027777777777778,0.0265625,0.10277777777777777
5,0.3572916666666667,0.09305555555555556,0.020833333333333332,0.09907407407407408
4,0.48776041666666664,0.0912037037037037,0.0453125,0.09166666666666666
5,0.4158854166666667,0.2361111111111111,0.049479166666666664,0.07777777777777778
5,0.36041666666666666,0.2847222222222222,0.035416666666666666,0.11018518518518519
5,0.23307291666666666,0.449537037037037,0.0328125,0.13796296296296295
5,0.22994791666666667,0.6157407407407407,0.024479166666666666,0.09259259259259259
5,0.6783854166666666,0.912962962962963,0.0765625,0.05925925925925926
4,0.6880208333333333,0.8435185185185186,0.06354166666666666,0.05925925925925926
4,0.6192708333333333,0.862037037037037,0.06458333333333334,0.05185185185185185
4,0.7078125,0.7532407407407408,0.042708333333333334,0.05648148148148148
4,0.63984375,0.7675925925925926,0.06302083333333333,0.04814814814814815
4,0.72109375,0.4777777777777778,0.016145833333333335,0.040740740740740744
4,0.6859375,0.4949074074074074,0.059375,0.08055555555555556
4,0.6268229166666667,0.5041666666666667,0.05572916666666667,0.05462962962962963
4,0.6236979166666666,0.6069444444444444,0.0609375,0.05277777777777778
4,0.5630208333333333,0.5166666666666667,0.05416666666666667,0.046296296296296294
4,0.50390625,0.5277777777777778,0.044270833333333336,0.06851851851851852
4,0.4434895833333333,0.5092592592592593,0.06197916666666667,0.06481481481481481
4,0.4549479166666667,0.42314814814814816,0.059895833333333336,0.06111111111111111
4,0.37786458333333334,0.4013888888888889,0.0265625,0.0824074074074074
5,0.43776041666666665,0.2791666666666667,0.05572916666666667,0.0712962962962963
4,0.7059895833333333,0.287962962962963,0.028645833333333332,0.10185185185185185
4,0.6755208333333333,0.28425925925925927,0.027083333333333334,0.10555555555555556
4,0.6455729166666667,0.2898148148148148,0.030729166666666665,0.09074074074074075
4,0.6013020833333333,0.26157407407407407,0.04739583333333333,0.10092592592592593
4,0.5786458333333333,0.2212962962962963,0.046875,0.09074074074074075
1,0.57734375,0.3476851851851852,0.009895833333333333,0.017592592592592594
1,0.6244791666666667,0.3902777777777778,0.014583333333333334,0.01574074074074074
1,0.6315104166666666,0.3699074074074074,0.016145833333333335,0.017592592592592594
1,0.4166666666666667,0.09444444444444444,0.007291666666666667,0.025925925925925925
1,0.4122395833333333,0.1726851851851852,0.005729166666666666,0.025
1,0.4046875,0.1550925925925926,0.004166666666666667,0.019444444444444445
1,0.38515625,0.1787037037037037,0.0078125,0.025925925925925925
4,0.5005208333333333,0.937962962962963,0.057291666666666664,0.06666666666666667
1,0.5080729166666667,0.8629629629629629,0.009895833333333333,0.020370370370370372
4,0.46458333333333335,0.8185185185185185,0.059375,0.07777777777777778
4,0.39921875,0.899537037037037,0.0515625,0.11018518518518519
4,0.23046875,0.7379629629629629,0.028645833333333332,0.1037037037037037
4,0.23203125,0.8791666666666667,0.028645833333333332,0.11018518518518519
