4,0.9927083333333333,0.8189814814814815,0.09791666666666667,0.16018518518518518
4,0.6315104166666666,0.6555555555555556,0.05677083333333333,0.1388888888888889
4,0.44765625,1.35,0.059895833333333336,0.06666666666666667
4,0.4471354166666667,0.6800925925925926,0.04010416666666667,0.1287037037037037
4,0.20520833333333333,0.8592592592592593,0.13125,0.11666666666666667
4,0.8015625,0.46111111111111114,0.07708333333333334,0.06666666666666667
4,0.7924479166666667,0.4134259259259259,0.08072916666666667,0.06018518518518518
5,0.7729166666666667,0.36527777777777776,0.07291666666666667,0.05648148148148148
4,0.7403645833333333,0.32685185185185184,0.0703125,0.05925925925925926
4,0.7223958333333333,0.2861111111111111,0.06875,0.044444444444444446
4,0.6028645833333334,0.37777777777777777,0.0421875,0.07777777777777778
5,0.71015625,0.2523148148148148,0.05677083333333333,0.05648148148148148
4,0.6953125,0.2300925925925926,0.06666666666666667,0.049074074074074076
4,0.6458333333333334,0.21342592592592594,0.057291666666666664,0.04722222222222222
6,0.6127604166666667,0.1375,0.030729166666666665,0.058333333333333334
1,0.6744791666666666,0.14583333333333334,0.008333333333333333,0.049074074074074076
4,0.5356770833333333,0.18425925925925926,0.027604166666666666,0.05185185185185185
4,0.44192708333333336,0.23935185185185184,0.0265625,0.075
4,0.44296875,0.1787037037037037,0.0296875,0.05740740740740741
4,0.4388020833333333,0.12777777777777777,0.022395833333333334,0.05
4,0.43723958333333335,0.0837962962962963,0.021354166666666667,0.04537037037037037
4,0.5479166666666667,0.030555555555555555,0.019791666666666666,0.040740740740740744
4,0.5080729166666667,0.03657407407407407,0.0203125,0.03611111111111111
1,0.39375,0.22175925925925927,0.010416666666666666,0.04351851851851852
1,0.39947916666666666,0.13796296296296295,0.008333333333333333,0.03518518518518519
2,0.4278645833333333,0.020370370370370372,0.008854166666666666,0.022222222222222223
10,0.43020833333333336,0.03148148148148148,0.00625,0.018518518518518517
5,0.4010416666666667,0.027314814814814816,0.01875,0.04537037037037037
5,0.3145833333333333,0.19398148148148148,0.053125,0.04537037037037037
5,0.30963541666666666,0.23842592592592593,0.0546875,0.041666666666666664
5,0.19713541666666667,0.3050925925925926,0.03697916666666667,0.08796296296296297
7,0.178125,1.0916666666666666,0.1375,0.11296296296296296
4,0.3072916666666667,0.2851851851851852,0.08645833333333333,0.06666666666666667
