1,0.340625,1.2606481481481482,0.014583333333333334,0.06574074074074074
5,0.26276041666666666,1.2842592592592592,0.13697916666666668,0.20185185185185187
1,0.49140625,1.0532407407407407,0.009895833333333333,0.04351851851851852
1,0.7755208333333333,0.6662037037037037,0.013541666666666667,0.03796296296296296
9,0.6440104166666667,0.7291666666666666,0.1765625,0.28055555555555556
1,0.8763020833333334,0.4777777777777778,0.011979166666666667,0.03888888888888889
4,0.8427083333333333,0.48842592592592593,0.04895833333333333,0.08055555555555556
4,0.91328125,0.38564814814814813,0.0484375,0.07685185185185185
4,0.95234375,0.3277777777777778,0.0453125,0.06481481481481481
4,0.9934895833333334,0.2601851851851852,0.0359375,0.06481481481481481
1,1.0265625,0.2412037037037037,0.008333333333333333,0.030555555555555555
1,1.0317708333333333,0.2462962962962963,0.011458333333333333,0.03333333333333333
4,1.01875,0.2222222222222222,0.034375,0.05555555555555555
