4,0.059895833333333336,0.031018518518518518,0.03958333333333333,0.062037037037037036
1,0.11223958333333334,0.28055555555555556,0.0078125,0.025925925925925925
1,0.10677083333333333,0.27824074074074073,0.008333333333333333,0.028703703703703703
1,0.10182291666666667,0.5740740740740741,0.0140625,0.02962962962962963
1,0.1046875,0.5611111111111111,0.013541666666666667,0.027777777777777776
1,0.26223958333333336,0.5226851851851851,0.009895833333333333,0.026851851851851852
1,0.25729166666666664,0.5185185185185185,0.007291666666666667,0.024074074074074074
1,0.36276041666666664,0.44675925925925924,0.0078125,0.028703703703703703
1,0.35442708333333334,0.4981481481481482,0.024479166666666666,0.044444444444444446
1,0.28854166666666664,0.46805555555555556,0.007291666666666667,0.032407407407407406
1,0.18880208333333334,0.04583333333333333,0.0067708333333333336,0.025
1,0.184375,0.04351851851851852,0.00625,0.024074074074074074
1,0.33541666666666664,0.1912037037037037,0.004166666666666667,0.01574074074074074
1,0.36328125,0.20833333333333334,0.005729166666666666,0.03148148148148148
1,0.3653645833333333,0.19490740740740742,0.005729166666666666,0.023148148148148147
1,0.3450520833333333,0.0712962962962963,0.0067708333333333336,0.027777777777777776
1,0.33984375,0.07175925925925926,0.0046875,0.026851851851851852
1,0.35182291666666665,0.3523148148148148,0.0067708333333333336,0.028703703703703703
1,0.3528645833333333,0.34074074074074073,0.005729166666666666,0.024074074074074074
1,0.35260416666666666,0.33101851851851855,0.005208333333333333,0.023148148148148147
1,0.36328125,0.3763888888888889,0.0067708333333333336,0.032407407407407406
1,0.36354166666666665,0.362962962962963,0.00625,0.024074074074074074
1,0.3640625,0.3527777777777778,0.007291666666666667,0.025925925925925925
1,0.36354166666666665,0.3416666666666667,0.00625,0.025925925925925925
1,0.36328125,0.33240740740740743,0.0067708333333333336,0.02962962962962963
2,0.29765625,0.11203703703703703,0.005729166666666666,0.016666666666666666
2,0.30833333333333335,0.11388888888888889,0.00625,0.016666666666666666
2,0.30130208333333336,0.12129629629629629,0.005729166666666666,0.016666666666666666
1,0.2794270833333333,0.47685185185185186,0.008854166666666666,0.024074074074074074
1,0.27760416666666665,0.4564814814814815,0.00625,0.027777777777777776
