9,0.40182291666666664,0.8601851851851852,0.07760416666666667,0.08703703703703704
4,0.740625,0.8476851851851852,0.065625,0.06018518518518518
5,0.74375,0.7731481481481481,0.051041666666666666,0.06111111111111111
4,0.6395833333333333,0.763425925925926,0.046875,0.04351851851851852
4,0.66640625,0.6958333333333333,0.028645833333333332,0.058333333333333334
10,0.015104166666666667,0.5407407407407407,0.008333333333333333,0.024074074074074074
2,0.06770833333333333,0.5699074074074074,0.008333333333333333,0.01574074074074074
2,0.06822916666666666,0.5671296296296297,0.007291666666666667,0.012037037037037037
10,0.0328125,0.5509259259259259,0.013541666666666667,0.022222222222222223
7,0.035416666666666666,0.5444444444444444,0.01875,0.018518518518518517
10,0.06015625,0.5657407407407408,0.011979166666666667,0.022222222222222223
10,0.084375,0.5564814814814815,0.007291666666666667,0.018518518518518517
8,0.1078125,0.5518518518518518,0.020833333333333332,0.03148148148148148
8,0.16979166666666667,0.5263888888888889,0.019791666666666666,0.03796296296296296
8,0.17421875,0.5425925925925926,0.0171875,0.037037037037037035
8,0.18619791666666666,0.5444444444444444,0.018229166666666668,0.03518518518518519
8,0.20026041666666666,0.5453703703703704,0.019270833333333334,0.03888888888888889
4,0.215625,0.42453703703703705,0.01875,0.028703703703703703
6,0.23151041666666666,0.4009259259259259,0.025520833333333333,0.037037037037037035
8,0.23489583333333333,0.512962962962963,0.011458333333333333,0.037037037037037035
8,0.22526041666666666,0.5115740740740741,0.011979166666666667,0.03611111111111111
8,0.20859375,0.5097222222222222,0.016145833333333335,0.04351851851851852
7,0.23619791666666667,0.5513888888888889,0.0171875,0.032407407407407406
7,0.22682291666666668,0.5513888888888889,0.011979166666666667,0.025
10,0.20833333333333334,0.5518518518518518,0.011458333333333333,0.024074074074074074
10,0.21536458333333333,0.5555555555555556,0.009895833333333333,0.024074074074074074
10,0.15416666666666667,0.5657407407407408,0.010416666666666666,0.022222222222222223
10,0.16119791666666666,0.5680555555555555,0.0109375,0.021296296296296296
10,0.16536458333333334,0.5689814814814815,0.0109375,0.023148148148148147
10,0.1703125,0.5703703703703704,0.010416666666666666,0.020370370370370372
10,0.17526041666666667,0.5694444444444444,0.011979166666666667,0.020370370370370372
10,0.17994791666666668,0.5712962962962963,0.011979166666666667,0.018518518518518517
10,0.19114583333333332,0.5717592592592593,0.010416666666666666,0.021296296296296296
10,0.19791666666666666,0.5717592592592593,0.010416666666666666,0.021296296296296296
10,0.20234375,0.5717592592592593,0.013020833333333334,0.023148148148148147
10,0.21536458333333333,0.5722222222222222,0.0109375,0.024074074074074074
10,0.22161458333333334,0.5712962962962963,0.008854166666666666,0.024074074074074074
3,0.15416666666666667,0.6356481481481482,0.007291666666666667,0.019444444444444445
10,0.16197916666666667,0.6328703703703704,0.011458333333333333,0.026851851851851852
7,0.17161458333333332,0.6333333333333333,0.0171875,0.03518518518518519
10,0.1828125,0.6296296296296297,0.0125,0.025925925925925925
2,0.14479166666666668,0.6962962962962963,0.007291666666666667,0.024074074074074074
2,0.14947916666666666,0.7023148148148148,0.008333333333333333,0.013888888888888888
2,0.153125,0.6958333333333333,0.00625,0.012037037037037037
7,0.15026041666666667,0.7018518518518518,0.019270833333333334,0.024074074074074074
6,0.17291666666666666,0.6736111111111112,0.07708333333333334,0.06018518518518518
10,0.25416666666666665,0.537962962962963,0.009375,0.014814814814814815
4,0.3380208333333333,0.5898148148148148,0.040625,0.03148148148148148
5,0.38619791666666664,0.6134259259259259,0.03697916666666667,0.032407407407407406
8,0.38776041666666666,0.5962962962962963,0.025520833333333333,0.027777777777777776
8,0.3268229166666667,0.5509259259259259,0.022395833333333334,0.037037037037037035
0,0.34140625,0.5347222222222222,0.0359375,0.04351851851851852
8,0.42161458333333335,0.6703703703703704,0.022395833333333334,0.05185185185185185
4,0.47630208333333335,0.6509259259259259,0.0453125,0.037037037037037035
10,0.5908854166666667,0.6708333333333333,0.005729166666666666,0.019444444444444445
7,0.59765625,0.6712962962962963,0.0109375,0.03148148148148148
10,0.7885416666666667,0.6675925925925926,0.010416666666666666,0.024074074074074074
7,0.7984375,0.6935185185185185,0.030208333333333334,0.02962962962962963
3,0.8458333333333333,0.6583333333333333,0.016666666666666666,0.016666666666666666
7,0.8705729166666667,0.7138888888888889,0.0328125,0.03148148148148148
2,0.9072916666666667,0.6726851851851852,0.009375,0.01574074074074074
10,0.9458333333333333,0.6773148148148148,0.017708333333333333,0.026851851851851852
7,0.97578125,0.736574074074074,0.033854166666666664,0.030555555555555555
