1,0.32057291666666665,0.4203703703703704,0.011979166666666667,0.046296296296296294
1,0.40338541666666666,0.39444444444444443,0.009895833333333333,0.03888888888888889
1,0.48489583333333336,0.3486111111111111,0.010416666666666666,0.041666666666666664
1,0.45026041666666666,0.2962962962962963,0.009895833333333333,0.037037037037037035
1,0.42135416666666664,0.225,0.009375,0.040740740740740744
1,0.45807291666666666,0.21064814814814814,0.0078125,0.03611111111111111
1,0.21223958333333334,0.33425925925925926,0.0140625,0.037037037037037035
1,0.17161458333333332,0.33611111111111114,0.009895833333333333,0.022222222222222223
1,0.14088541666666668,0.3675925925925926,0.0078125,0.024074074074074074
1,0.07083333333333333,0.4861111111111111,0.014583333333333334,0.03148148148148148
1,0.050520833333333334,0.48564814814814816,0.0125,0.026851851851851852
1,0.021875,0.5453703703703704,0.019791666666666666,0.044444444444444446
1,0.01875,0.5125,0.014583333333333334,0.026851851851851852
1,0.10651041666666666,0.37916666666666665,0.013020833333333334,0.026851851851851852
1,0.06354166666666666,0.40046296296296297,0.015625,0.03981481481481482
1,0.059895833333333336,0.3638888888888889,0.014583333333333334,0.03888888888888889
1,0.13255208333333332,0.4060185185185185,0.0109375,0.028703703703703703
1,0.17395833333333333,0.3837962962962963,0.008333333333333333,0.025
1,0.2328125,0.2388888888888889,0.0125,0.03888888888888889
1,0.10234375,0.300462962962963,0.015104166666666667,0.03796296296296296
1,0.09192708333333334,0.30324074074074076,0.015104166666666667,0.03796296296296296
1,0.08359375,0.3138888888888889,0.015104166666666667,0.04814814814814815
1,0.04791666666666667,0.36342592592592593,0.017708333333333333,0.049074074074074076
1,0.16223958333333333,0.22175925925925927,0.011979166666666667,0.03611111111111111
1,0.15052083333333333,0.24027777777777778,0.009375,0.03981481481481482
1,0.13333333333333333,0.2550925925925926,0.014583333333333334,0.04351851851851852
1,0.22604166666666667,0.22685185185185186,0.00625,0.022222222222222223
1,0.20494791666666667,0.26157407407407407,0.008854166666666666,0.023148148148148147
1,0.203125,0.300462962962963,0.008333333333333333,0.028703703703703703
1,0.21692708333333333,0.3101851851851852,0.013020833333333334,0.04259259259259259
1,0.1796875,0.2759259259259259,0.017708333333333333,0.027777777777777776
1,0.19765625,0.25462962962962965,0.009895833333333333,0.022222222222222223
