4,0.37447916666666664,0.6939814814814815,0.009375,0.03425925925925926
4,0.3731770833333333,0.6041666666666666,0.0078125,0.028703703703703703
4,0.39479166666666665,0.5791666666666667,0.008333333333333333,0.028703703703703703
5,0.3497395833333333,0.6092592592592593,0.0078125,0.02962962962962963
6,0.33046875,0.6865740740740741,0.0140625,0.07314814814814814
4,0.3372395833333333,0.5652777777777778,0.0078125,0.028703703703703703
6,0.33880208333333334,0.4962962962962963,0.011979166666666667,0.053703703703703705
4,0.35078125,0.5037037037037037,0.0078125,0.025925925925925925
4,0.38385416666666666,0.4976851851851852,0.007291666666666667,0.025
5,0.38307291666666665,0.4361111111111111,0.0067708333333333336,0.025925925925925925
4,0.39479166666666665,0.425,0.00625,0.024074074074074074
4,0.35052083333333334,0.41712962962962963,0.007291666666666667,0.021296296296296296
4,0.3932291666666667,0.38564814814814813,0.00625,0.019444444444444445
5,0.34609375,0.33055555555555555,0.0067708333333333336,0.020370370370370372
4,0.3546875,0.3300925925925926,0.00625,0.017592592592592594
5,0.37578125,0.3125,0.005729166666666666,0.021296296296296296
6,0.39348958333333334,0.28703703703703703,0.0078125,0.044444444444444446
4,0.3567708333333333,0.2800925925925926,0.005208333333333333,0.013888888888888888
4,0.35911458333333335,0.22407407407407406,0.005729166666666666,0.012962962962962963
4,0.3528645833333333,0.19166666666666668,0.005729166666666666,0.012962962962962963
5,0.3609375,0.1574074074074074,0.005208333333333333,0.016666666666666666
9,0.39088541666666665,0.18703703703703703,0.0078125,0.03888888888888889
4,0.3606770833333333,0.12453703703703704,0.005729166666666666,0.013888888888888888
9,0.3919270833333333,0.1125,0.0078125,0.03425925925925926
4,0.3572916666666667,0.09814814814814815,0.005208333333333333,0.012962962962962963
4,0.36328125,0.05324074074074074,0.0046875,0.010185185185185186
4,0.36875,0.009722222222222222,0.005208333333333333,0.010185185185185186
4,0.35989583333333336,0.01898148148148148,0.005208333333333333,0.010185185185185186
4,0.3541666666666667,0.006481481481481481,0.005208333333333333,0.011111111111111112
1,0.3546875,0.1375,0.003125,0.008333333333333333
1,0.3333333333333333,0.1986111111111111,0.0020833333333333333,0.006481481481481481
1,0.346875,0.13657407407407407,0.0020833333333333333,0.008333333333333333
1,0.34375,0.1337962962962963,0.003125,0.008333333333333333
1,0.33229166666666665,0.25046296296296294,0.003125,0.008333333333333333
1,0.3296875,0.27037037037037037,0.0020833333333333333,0.009259259259259259
1,0.33203125,0.29259259259259257,0.0026041666666666665,0.007407407407407408
1,0.32526041666666666,0.3111111111111111,0.0015625,0.007407407407407408
1,0.3111979166666667,0.5199074074074074,0.0026041666666666665,0.010185185185185186
1,0.31666666666666665,0.5236111111111111,0.003125,0.010185185185185186
1,0.31302083333333336,0.6078703703703704,0.003125,0.010185185185185186
1,0.3046875,0.5819444444444445,0.003125,0.008333333333333333
1,0.30494791666666665,0.5740740740740741,0.0026041666666666665,0.007407407407407408
1,0.3026041666666667,0.7111111111111111,0.003125,0.011111111111111112
4,0.5979166666666667,0.038425925925925926,0.010416666666666666,0.008333333333333333
4,0.596875,0.034722222222222224,0.010416666666666666,0.008333333333333333
4,0.5953125,0.03148148148148148,0.009375,0.007407407407407408
4,0.5942708333333333,0.026851851851851852,0.009375,0.007407407407407408
4,0.5921875,0.023148148148148147,0.009375,0.007407407407407408
4,0.59140625,0.01990740740740741,0.009895833333333333,0.006481481481481481
