5,0.04140625,0.8305555555555556,0.08177083333333333,0.19814814814814816
4,0.13958333333333334,0.6995370370370371,0.08854166666666667,0.1398148148148148
5,0.08515625,0.5888888888888889,0.0734375,0.10740740740740741
5,0.05755208333333333,0.4842592592592593,0.05677083333333333,0.08888888888888889
4,0.040625,0.4134259259259259,0.05625,0.06574074074074074
5,0.016145833333333335,0.3648148148148148,0.030208333333333334,0.06111111111111111
4,0.21458333333333332,0.6541666666666667,0.0875,0.125
5,0.38723958333333336,0.7537037037037037,0.11614583333333334,0.19444444444444445
4,0.42213541666666665,0.6875,0.10364583333333334,0.1398148148148148
4,0.44921875,0.6337962962962963,0.1046875,0.1287037037037037
4,0.48515625,0.5962962962962963,0.09010416666666667,0.1111111111111111
4,0.5078125,0.5435185185185185,0.09166666666666666,0.11296296296296296
4,0.5333333333333333,0.5138888888888888,0.08020833333333334,0.08703703703703704
4,0.5453125,0.48055555555555557,0.07708333333333334,0.07592592592592592
4,0.5627604166666667,0.45740740740740743,0.0765625,0.07777777777777778
5,0.56796875,0.42453703703703705,0.0703125,0.08055555555555556
4,0.5809895833333333,0.40370370370370373,0.06510416666666667,0.07037037037037037
4,0.5973958333333333,0.3875,0.06145833333333333,0.062037037037037036
4,0.6065104166666667,0.37546296296296294,0.06197916666666667,0.05648148148148148
4,0.6088541666666667,0.3578703703703704,0.059375,0.05462962962962963
5,0.6190104166666667,0.3365740740740741,0.05572916666666667,0.06018518518518518
5,0.6333333333333333,0.3074074074074074,0.052083333333333336,0.05
4,0.18854166666666666,0.41574074074074074,0.053125,0.06481481481481481
4,0.2796875,0.4773148148148148,0.0375,0.09722222222222222
5,0.3234375,0.4810185185185185,0.03854166666666667,0.09537037037037037
4,0.371875,0.48564814814814816,0.034375,0.08611111111111111
1,0.21536458333333333,0.5120370370370371,0.011979166666666667,0.05740740740740741
1,0.29583333333333334,0.799074074074074,0.015625,0.06666666666666667
1,0.321875,0.7870370370370371,0.019791666666666666,0.07222222222222222
1,0.2989583333333333,0.6949074074074074,0.014583333333333334,0.06388888888888888
1,0.17760416666666667,0.5069444444444444,0.0125,0.049074074074074076
1,0.09479166666666666,0.4203703703703704,0.017708333333333333,0.05925925925925926
1,0.021875,0.2763888888888889,0.009375,0.03796296296296296
1,0.015104166666666667,0.2763888888888889,0.008333333333333333,0.03425925925925926
1,0.008072916666666667,0.2791666666666667,0.008854166666666666,0.032407407407407406
5,0.11380208333333333,0.30648148148148147,0.0453125,0.05555555555555555
3,0.253125,0.5097222222222222,0.016666666666666666,0.04351851851851852
10,0.24453125,0.4777777777777778,0.016145833333333335,0.044444444444444446
10,0.24192708333333332,0.462037037037037,0.015104166666666667,0.046296296296296294
10,0.39166666666666666,0.4444444444444444,0.013541666666666667,0.046296296296296294
3,0.41458333333333336,0.47962962962962963,0.009375,0.04814814814814815
3,0.49114583333333334,0.44074074074074077,0.0125,0.037037037037037035
1,0.4825520833333333,0.46296296296296297,0.0109375,0.053703703703703705
1,0.49661458333333336,0.4615740740740741,0.009895833333333333,0.05277777777777778
1,0.5182291666666666,0.43472222222222223,0.008333333333333333,0.023148148148148147
1,0.44765625,0.44027777777777777,0.011979166666666667,0.04537037037037037
1,0.45,0.4203703703703704,0.007291666666666667,0.037037037037037035
1,0.44375,0.4097222222222222,0.007291666666666667,0.04537037037037037
1,0.2859375,0.3888888888888889,0.009375,0.044444444444444446
1,0.27239583333333334,0.3731481481481482,0.009375,0.044444444444444446
1,0.28802083333333334,0.3541666666666667,0.007291666666666667,0.025
1,0.3625,0.35555555555555557,0.008333333333333333,0.037037037037037035
1,0.35390625,0.3537037037037037,0.0078125,0.02962962962962963
1,0.41484375,0.2638888888888889,0.0046875,0.05
1,0.4234375,0.26851851851851855,0.007291666666666667,0.040740740740740744
1,0.4276041666666667,0.2611111111111111,0.005208333333333333,0.037037037037037035
1,0.4747395833333333,0.25787037037037036,0.009895833333333333,0.03981481481481482
4,0.6065104166666667,0.9208333333333333,0.07760416666666667,0.10277777777777777
5,0.7033854166666667,0.9055555555555556,0.050520833333333334,0.13333333333333333
4,0.7059895833333333,0.8083333333333333,0.04635416666666667,0.07962962962962963
1,0.68359375,0.6430555555555556,0.019270833333333334,0.05277777777777778
5,0.7145833333333333,0.6083333333333333,0.029166666666666667,0.06481481481481481
5,0.70703125,0.5518518518518518,0.044270833333333336,0.05185185185185185
5,0.7145833333333333,0.5120370370370371,0.029166666666666667,0.03333333333333333
1,0.696875,0.43796296296296294,0.014583333333333334,0.046296296296296294
5,0.6432291666666666,0.29259259259259257,0.04583333333333333,0.046296296296296294
5,0.653125,0.28055555555555556,0.052083333333333336,0.044444444444444446
5,0.6640625,0.2513888888888889,0.04895833333333333,0.05462962962962963
5,0.6958333333333333,0.21296296296296297,0.028125,0.03148148148148148
4,0.6825520833333333,0.2490740740740741,0.03802083333333333,0.03333333333333333
4,0.68515625,0.24166666666666667,0.033854166666666664,0.02962962962962963
4,0.6911458333333333,0.22268518518518518,0.0375,0.025
4,0.6901041666666666,0.22916666666666666,0.03333333333333333,0.026851851851851852
0,0.7096354166666666,0.1814814814814815,0.0390625,0.05925925925925926
1,0.3502604166666667,0.5185185185185185,0.0109375,0.053703703703703705
1,0.45234375,0.5351851851851852,0.011979166666666667,0.05185185185185185
2,0.21067708333333332,0.2462962962962963,0.009895833333333333,0.03148148148148148
2,0.22135416666666666,0.25462962962962965,0.009375,0.02962962962962963
2,0.21015625,0.35324074074074074,0.008854166666666666,0.026851851851851852
2,0.21744791666666666,0.36157407407407405,0.009895833333333333,0.028703703703703703
2,0.22395833333333334,0.3611111111111111,0.007291666666666667,0.02962962962962963
1,0.22161458333333334,0.35138888888888886,0.0067708333333333336,0.03611111111111111
2,0.29401041666666666,0.4009259259259259,0.0078125,0.03148148148148148
2,0.30364583333333334,0.2796296296296296,0.010416666666666666,0.03518518518518519
2,0.30520833333333336,0.27175925925925926,0.008333333333333333,0.03425925925925926
2,0.3223958333333333,0.2773148148148148,0.008333333333333333,0.03796296296296296
2,0.3385416666666667,0.2759259259259259,0.010416666666666666,0.04259259259259259
2,0.35520833333333335,0.2763888888888889,0.014583333333333334,0.041666666666666664
2,0.3736979166666667,0.27824074074074073,0.0109375,0.03981481481481482
2,0.45989583333333334,0.27870370370370373,0.011458333333333333,0.02962962962962963
2,0.44114583333333335,0.2791666666666667,0.010416666666666666,0.030555555555555555
2,0.440625,0.27870370370370373,0.009375,0.03888888888888889
2,0.45729166666666665,0.27546296296296297,0.0125,0.032407407407407406
2,0.46510416666666665,0.3976851851851852,0.009375,0.026851851851851852
2,0.37421875,0.3976851851851852,0.008854166666666666,0.032407407407407406
2,0.3768229166666667,0.40555555555555556,0.0078125,0.027777777777777776
2,0.35833333333333334,0.4027777777777778,0.010416666666666666,0.02962962962962963
2,0.34088541666666666,0.4023148148148148,0.009895833333333333,0.03425925925925926
2,0.3268229166666667,0.4050925925925926,0.009895833333333333,0.03981481481481482
2,0.29583333333333334,0.3574074074074074,0.007291666666666667,0.02962962962962963
2,0.30885416666666665,0.3509259259259259,0.007291666666666667,0.025925925925925925
2,0.30755208333333334,0.37037037037037035,0.0078125,0.024074074074074074
2,0.3109375,0.37407407407407406,0.008333333333333333,0.024074074074074074
2,0.3234375,0.37453703703703706,0.007291666666666667,0.026851851851851852
2,0.3299479166666667,0.3736111111111111,0.0078125,0.026851851851851852
2,0.33098958333333334,0.37175925925925923,0.009895833333333333,0.032407407407407406
