4,0.6809895833333334,0.24768518518518517,0.0140625,0.023148148148148147
1,0.03359375,0.6504629629629629,0.011979166666666667,0.026851851851851852
1,0.03828125,0.6425925925925926,0.011979166666666667,0.024074074074074074
10,0.04348958333333333,0.6615740740740741,0.013020833333333334,0.028703703703703703
4,0.06822916666666666,0.6597222222222222,0.040625,0.06018518518518518
4,0.06458333333333334,0.7375,0.058333333333333334,0.04537037037037037
10,0.14817708333333332,0.5851851851851851,0.0109375,0.018518518518518517
1,0.18151041666666667,0.5712962962962963,0.0067708333333333336,0.027777777777777776
2,0.25364583333333335,0.5944444444444444,0.007291666666666667,0.020370370370370372
2,0.15625,0.6916666666666667,0.007291666666666667,0.027777777777777776
2,0.16302083333333334,0.6819444444444445,0.010416666666666666,0.026851851851851852
1,0.16588541666666667,0.6689814814814815,0.009895833333333333,0.028703703703703703
10,0.3145833333333333,0.5888888888888889,0.013541666666666667,0.020370370370370372
10,0.5044270833333333,0.5981481481481481,0.008854166666666666,0.027777777777777776
10,0.5213541666666667,0.6023148148148149,0.010416666666666666,0.028703703703703703
10,0.63671875,0.6231481481481481,0.0067708333333333336,0.027777777777777776
8,0.6473958333333333,0.6125,0.020833333333333332,0.04722222222222222
8,0.6625,0.6087962962962963,0.019791666666666666,0.05462962962962963
10,0.6713541666666667,0.6046296296296296,0.009375,0.03148148148148148
1,0.6963541666666667,0.6259259259259259,0.008333333333333333,0.027777777777777776
10,0.7489583333333333,0.6597222222222222,0.017708333333333333,0.026851851851851852
8,0.6651041666666667,0.6875,0.029166666666666667,0.04351851851851852
2,0.6572916666666667,0.6953703703703704,0.010416666666666666,0.018518518518518517
10,0.8604166666666667,0.6083333333333333,0.01875,0.025925925925925925
10,0.89921875,0.6106481481481482,0.015104166666666667,0.025
10,0.9005208333333333,0.6046296296296296,0.014583333333333334,0.02962962962962963
5,0.8802083333333334,0.6851851851851852,0.04583333333333333,0.06481481481481481
5,0.85859375,0.6287037037037037,0.0359375,0.06296296296296296
5,0.8359375,0.637962962962963,0.036458333333333336,0.06481481481481481
4,0.86015625,0.7074074074074074,0.0453125,0.06481481481481481
4,0.8848958333333333,0.9148148148148149,0.07291666666666667,0.07037037037037037
5,0.7111979166666667,0.8981481481481481,0.0640625,0.06851851851851852
4,0.7151041666666667,0.6523148148148148,0.028125,0.06759259259259259
4,0.6940104166666666,0.6995370370370371,0.0390625,0.0787037037037037
5,0.6393229166666666,0.6907407407407408,0.0265625,0.08518518518518518
5,0.6182291666666667,0.6875,0.020833333333333332,0.0824074074074074
5,0.5994791666666667,0.6944444444444444,0.027083333333333334,0.08333333333333333
4,0.56796875,0.6976851851851852,0.025520833333333333,0.0787037037037037
4,0.4791666666666667,0.6875,0.027083333333333334,0.0712962962962963
4,0.3177083333333333,0.6518518518518519,0.041666666666666664,0.05185185185185185
4,0.24635416666666668,0.6555555555555556,0.03229166666666667,0.06296296296296296
4,0.28489583333333335,0.6162037037037037,0.029166666666666667,0.075
4,0.20520833333333333,0.6180555555555556,0.034375,0.06388888888888888
4,0.13723958333333333,0.6819444444444445,0.06197916666666667,0.058333333333333334
4,0.12317708333333334,0.6203703703703703,0.03802083333333333,0.06851851851851852
4,0.28932291666666665,0.6958333333333333,0.033854166666666664,0.062037037037037036
4,0.3971354166666667,0.8902777777777777,0.06510416666666667,0.06759259259259259
4,0.46041666666666664,0.8972222222222223,0.053125,0.07037037037037037
5,0.42630208333333336,0.6513888888888889,0.028645833333333332,0.06388888888888888
5,0.46171875,0.6125,0.030729166666666665,0.06388888888888888
5,0.22682291666666668,0.624537037037037,0.028645833333333332,0.05648148148148148
6,0.07890625,0.8898148148148148,0.06302083333333333,0.07222222222222222
10,0.7736979166666667,0.12083333333333333,0.0026041666666666665,0.008333333333333333
10,0.7651041666666667,0.12083333333333333,0.004166666666666667,0.012037037037037037
10,0.78203125,0.12037037037037036,0.0046875,0.012962962962962963
10,0.7776041666666667,0.12268518518518519,0.004166666666666667,0.012037037037037037
8,0.7893229166666667,0.11990740740740741,0.008854166666666666,0.017592592592592594
1,0.7296875,0.11435185185185186,0.004166666666666667,0.013888888888888888
1,0.70859375,0.25462962962962965,0.0036458333333333334,0.014814814814814815
2,0.7130208333333333,0.25601851851851853,0.005208333333333333,0.012037037037037037
2,0.70625,0.25462962962962965,0.004166666666666667,0.012962962962962963
4,0.5682291666666667,0.6296296296296297,0.022916666666666665,0.05555555555555555
