1,0.020572916666666666,0.1865740740740741,0.005729166666666666,0.006481481481481481
1,0.021614583333333333,0.1935185185185185,0.0046875,0.009259259259259259
1,0.03229166666666667,0.18564814814814815,0.005208333333333333,0.008333333333333333
1,0.015364583333333333,0.22083333333333333,0.005729166666666666,0.006481481481481481
1,0.024739583333333332,0.23703703703703705,0.0036458333333333334,0.007407407407407408
1,0.021354166666666667,0.23148148148148148,0.005208333333333333,0.007407407407407408
1,0.023697916666666666,0.22777777777777777,0.0046875,0.007407407407407408
1,0.01953125,0.225,0.0046875,0.005555555555555556
1,0.01875,0.2689814814814815,0.008333333333333333,0.006481481481481481
1,0.01875,0.275,0.008333333333333333,0.005555555555555556
1,0.01953125,0.2814814814814815,0.0078125,0.005555555555555556
1,0.01875,0.2912037037037037,0.009375,0.006481481481481481
1,0.019270833333333334,0.29953703703703705,0.007291666666666667,0.008333333333333333
1,0.030208333333333334,0.3143518518518518,0.004166666666666667,0.008333333333333333
1,0.03463541666666667,0.35833333333333334,0.0067708333333333336,0.003703703703703704
1,0.03697916666666667,0.36342592592592593,0.00625,0.006481481481481481
1,0.03802083333333333,0.37037037037037035,0.00625,0.007407407407407408
1,0.03307291666666667,0.36944444444444446,0.005729166666666666,0.007407407407407408
1,0.03307291666666667,0.4013888888888889,0.0109375,0.008333333333333333
1,0.0484375,0.4847222222222222,0.00625,0.008333333333333333
1,0.059895833333333336,0.5055555555555555,0.007291666666666667,0.005555555555555556
1,0.05520833333333333,0.5050925925925925,0.007291666666666667,0.006481481481481481
1,0.048177083333333336,0.6041666666666666,0.008854166666666666,0.004629629629629629
1,0.046614583333333334,0.6078703703703704,0.0078125,0.004629629629629629
1,0.04453125,0.6273148148148148,0.0067708333333333336,0.008333333333333333
1,0.050520833333333334,0.6481481481481481,0.007291666666666667,0.009259259259259259
1,0.04765625,0.6675925925925926,0.0078125,0.003703703703703704
1,0.041666666666666664,0.6976851851851852,0.009375,0.008333333333333333
1,0.05390625,0.6949074074074074,0.0067708333333333336,0.006481481481481481
1,0.05130208333333333,0.7111111111111111,0.0067708333333333336,0.007407407407407408
1,0.059895833333333336,0.7101851851851851,0.007291666666666667,0.007407407407407408
1,0.049479166666666664,0.674537037037037,0.007291666666666667,0.004629629629629629
1,0.06666666666666667,0.7375,0.007291666666666667,0.006481481481481481
1,0.06536458333333334,0.8444444444444444,0.009895833333333333,0.012962962962962963
1,0.06770833333333333,0.8574074074074074,0.008333333333333333,0.009259259259259259
1,0.04765625,0.9625,0.0078125,0.012037037037037037
1,0.05651041666666667,0.9523148148148148,0.005729166666666666,0.008333333333333333
1,0.06510416666666667,0.9384259259259259,0.008333333333333333,0.008333333333333333
1,0.06276041666666667,0.9462962962962963,0.0067708333333333336,0.005555555555555556
3,0.20130208333333333,0.7856481481481481,0.0046875,0.01574074074074074
10,0.209375,0.763425925925926,0.00625,0.017592592592592594
4,0.40208333333333335,0.021296296296296296,0.011458333333333333,0.03518518518518519
4,0.45390625,0.09953703703703703,0.021354166666666667,0.021296296296296296
6,0.5791666666666667,0.5055555555555555,0.013541666666666667,0.04814814814814815
6,0.6192708333333333,0.4222222222222222,0.013541666666666667,0.03148148148148148
10,0.5984375,0.3925925925925926,0.004166666666666667,0.014814814814814815
10,0.703125,0.6240740740740741,0.00625,0.009259259259259259
4,0.7106770833333333,0.5847222222222223,0.018229166666666668,0.03796296296296296
6,0.675,0.47314814814814815,0.036458333333333336,0.03148148148148148
4,0.40703125,0.5263888888888889,0.0109375,0.03796296296296296
4,0.42161458333333335,0.40694444444444444,0.009895833333333333,0.03611111111111111
6,0.39296875,0.3296296296296296,0.0109375,0.037037037037037035
