1,0.4791666666666667,1.3064814814814816,0.016666666666666666,0.04814814814814815
10,0.57109375,1.1935185185185184,0.0171875,0.07592592592592592
2,0.5713541666666667,1.2060185185185186,0.014583333333333334,0.030555555555555555
2,0.5708333333333333,1.1800925925925927,0.017708333333333333,0.03611111111111111
6,0.64921875,1.0643518518518518,0.0953125,0.15092592592592594
5,0.5979166666666667,0.950925925925926,0.04479166666666667,0.12407407407407407
1,0.49375,1.1245370370370371,0.013541666666666667,0.05648148148148148
6,0.44427083333333334,1.2708333333333333,0.06041666666666667,0.2361111111111111
6,0.45651041666666664,1.0430555555555556,0.044270833333333336,0.1824074074074074
10,0.5575520833333333,0.8796296296296297,0.0109375,0.046296296296296294
2,0.55859375,0.8694444444444445,0.011979166666666667,0.027777777777777776
1,0.48932291666666666,0.8712962962962963,0.0109375,0.046296296296296294
1,0.4786458333333333,0.8726851851851852,0.011458333333333333,0.05092592592592592
10,0.44557291666666665,0.8611111111111112,0.0171875,0.04814814814814815
2,0.44921875,0.8175925925925925,0.0109375,0.02962962962962963
4,0.515625,0.7412037037037037,0.03125,0.0824074074074074
2,0.5677083333333334,0.7319444444444444,0.013541666666666667,0.03981481481481482
6,0.55546875,0.6851851851851852,0.033854166666666664,0.08888888888888889
2,0.47369791666666666,0.7074074074074074,0.0109375,0.037037037037037035
10,0.47291666666666665,0.7143518518518519,0.0125,0.03611111111111111
5,0.4205729166666667,0.7092592592592593,0.07239583333333334,0.07037037037037037
1,0.48125,0.6625,0.007291666666666667,0.03611111111111111
2,0.49505208333333334,0.6574074074074074,0.009895833333333333,0.027777777777777776
10,0.49453125,0.6685185185185185,0.009895833333333333,0.03333333333333333
4,0.4640625,0.6398148148148148,0.028125,0.06851851851851852
10,0.478125,0.600462962962963,0.009375,0.028703703703703703
2,0.4783854166666667,0.5949074074074074,0.009895833333333333,0.030555555555555555
1,0.45677083333333335,0.5833333333333334,0.00625,0.03518518518518519
2,0.44817708333333334,0.5884259259259259,0.008854166666666666,0.028703703703703703
6,0.44140625,0.5736111111111111,0.05572916666666667,0.04722222222222222
10,0.5265625,0.6,0.008333333333333333,0.03148148148148148
2,0.52734375,0.6,0.0067708333333333336,0.020370370370370372
2,0.5265625,0.5916666666666667,0.008333333333333333,0.022222222222222223
4,0.41875,0.5185185185185185,0.023958333333333335,0.05
10,0.4817708333333333,0.5226851851851851,0.007291666666666667,0.026851851851851852
2,0.4825520833333333,0.5175925925925926,0.0078125,0.027777777777777776
3,0.5135416666666667,0.5180555555555556,0.00625,0.025
2,0.5140625,0.512962962962963,0.007291666666666667,0.027777777777777776
1,0.53359375,0.549537037037037,0.005729166666666666,0.03611111111111111
1,0.53359375,0.5449074074074074,0.0067708333333333336,0.03425925925925926
6,0.53828125,0.4976851851851852,0.021354166666666667,0.05277777777777778
2,0.4505208333333333,0.5074074074074074,0.008333333333333333,0.020370370370370372
1,0.45364583333333336,0.48935185185185187,0.005208333333333333,0.023148148148148147
4,0.4635416666666667,0.4537037037037037,0.01875,0.040740740740740744
1,0.475,0.43287037037037035,0.004166666666666667,0.019444444444444445
1,0.478125,0.42916666666666664,0.005208333333333333,0.026851851851851852
7,0.4934895833333333,0.42685185185185187,0.009895833333333333,0.024074074074074074
2,0.49270833333333336,0.41805555555555557,0.005208333333333333,0.013888888888888888
10,0.5044270833333333,0.4199074074074074,0.0067708333333333336,0.021296296296296296
2,0.5049479166666667,0.41574074074074074,0.0067708333333333336,0.020370370370370372
4,0.5169270833333334,0.4115740740740741,0.016145833333333335,0.028703703703703703
4,0.46432291666666664,0.4222222222222222,0.0171875,0.03518518518518519
1,0.5065104166666666,0.38796296296296295,0.005729166666666666,0.025925925925925925
1,0.5036458333333333,0.37037037037037035,0.005208333333333333,0.020370370370370372
1,0.5239583333333333,0.3875,0.007291666666666667,0.028703703703703703
3,0.41302083333333334,0.4962962962962963,0.014583333333333334,0.024074074074074074
1,0.4161458333333333,0.4393518518518518,0.00625,0.026851851851851852
1,0.41901041666666666,0.4361111111111111,0.0067708333333333336,0.025925925925925925
1,0.4244791666666667,0.4356481481481482,0.008333333333333333,0.028703703703703703
4,0.48854166666666665,0.3675925925925926,0.014583333333333334,0.02962962962962963
10,0.4666666666666667,0.3699074074074074,0.005208333333333333,0.019444444444444445
2,0.4669270833333333,0.36712962962962964,0.0067708333333333336,0.019444444444444445
1,0.51328125,0.3375,0.0046875,0.021296296296296296
1,0.5028645833333333,0.3125,0.005729166666666666,0.021296296296296296
4,0.46875,0.2388888888888889,0.009375,0.016666666666666666
5,0.4354166666666667,0.35,0.013541666666666667,0.03333333333333333
5,0.4361979166666667,0.31805555555555554,0.013020833333333334,0.030555555555555555
5,0.44375,0.29305555555555557,0.011458333333333333,0.026851851851851852
5,0.43463541666666666,0.28055555555555556,0.022395833333333334,0.025925925925925925
5,0.4278645833333333,0.26944444444444443,0.0203125,0.022222222222222223
4,0.4140625,0.2587962962962963,0.022916666666666665,0.017592592592592594
4,0.3932291666666667,0.27314814814814814,0.020833333333333332,0.016666666666666666
4,0.3859375,0.26342592592592595,0.021875,0.017592592592592594
9,0.4973958333333333,0.23703703703703705,0.013541666666666667,0.022222222222222223
4,0.5338541666666666,0.2537037037037037,0.023958333333333335,0.016666666666666666
4,0.5638020833333334,0.2587962962962963,0.0140625,0.017592592592592594
5,0.5338541666666666,0.34074074074074073,0.0125,0.02962962962962963
5,0.5234375,0.30694444444444446,0.01875,0.025
4,0.4744791666666667,0.21388888888888888,0.009375,0.016666666666666666
4,0.49505208333333334,0.2064814814814815,0.008854166666666666,0.012962962962962963
0,0.4817708333333333,0.12268518518518519,0.035416666666666666,0.15462962962962962
0,0.3190104166666667,0.19722222222222222,0.0984375,0.12407407407407407
0,0.06901041666666667,0.2833333333333333,0.06927083333333334,0.05
