4,0.04244791666666667,0.7027777777777777,0.0328125,0.05740740740740741
4,0.0140625,0.5564814814814815,0.028125,0.022222222222222223
6,0.01640625,0.6449074074074074,0.0328125,0.06574074074074074
9,0.21328125,0.8819444444444444,0.04010416666666667,0.1287037037037037
10,0.23828125,0.8805555555555555,0.0067708333333333336,0.03518518518518519
2,0.23932291666666666,0.8763888888888889,0.005729166666666666,0.01574074074074074
4,0.07552083333333333,0.47962962962962963,0.015625,0.03888888888888889
1,0.08802083333333334,0.5111111111111111,0.007291666666666667,0.020370370370370372
1,0.1203125,0.5092592592592593,0.007291666666666667,0.018518518518518517
1,0.61640625,0.4287037037037037,0.0046875,0.016666666666666666
1,0.5911458333333334,0.43703703703703706,0.004166666666666667,0.014814814814814815
1,0.5901041666666667,0.43333333333333335,0.004166666666666667,0.014814814814814815
1,0.5888020833333333,0.42916666666666664,0.0046875,0.010185185185185186
1,0.015885416666666666,0.3143518518518518,0.0036458333333333334,0.012037037037037037
1,0.007552083333333333,0.31574074074074077,0.0046875,0.011111111111111112
1,0.03984375,0.3300925925925926,0.0046875,0.008333333333333333
1,0.0033854166666666668,0.31712962962962965,0.0036458333333333334,0.010185185185185186
4,0.0046875,0.3337962962962963,0.009375,0.01574074074074074
0,0.05677083333333333,0.2902777777777778,0.027083333333333334,0.023148148148148147
5,0.2859375,0.2671296296296296,0.005208333333333333,0.012037037037037037
10,0.24635416666666668,0.3365740740740741,0.004166666666666667,0.013888888888888888
10,0.24895833333333334,0.33101851851851855,0.004166666666666667,0.010185185185185186
10,0.2638020833333333,0.2953703703703704,0.0046875,0.012962962962962963
10,0.27447916666666666,0.27361111111111114,0.004166666666666667,0.010185185185185186
10,0.2671875,0.26944444444444443,0.003125,0.009259259259259259
10,0.29973958333333334,0.16620370370370371,0.0026041666666666665,0.010185185185185186
2,0.2747395833333333,0.2726851851851852,0.0036458333333333334,0.006481481481481481
2,0.2674479166666667,0.26851851851851855,0.0026041666666666665,0.005555555555555556
