0,0.022135416666666668,0.3907407407407407,0.044270833333333336,0.012962962962962963
1,0.08151041666666667,0.4981481481481482,0.0046875,0.020370370370370372
1,0.10104166666666667,0.48842592592592593,0.005208333333333333,0.023148148148148147
1,0.11744791666666667,0.48935185185185187,0.0067708333333333336,0.023148148148148147
1,0.07473958333333333,0.6476851851851851,0.011979166666666667,0.049074074074074076
1,0.25442708333333336,0.5930555555555556,0.0140625,0.04351851851851852
1,0.43515625,0.5847222222222223,0.009895833333333333,0.03425925925925926
1,0.6153645833333333,0.6013888888888889,0.005729166666666666,0.03611111111111111
1,0.6205729166666667,0.5967592592592592,0.008854166666666666,0.03425925925925926
1,0.5578125,0.6736111111111112,0.0125,0.06388888888888888
1,0.5489583333333333,0.6694444444444444,0.009375,0.06111111111111111
1,0.56640625,0.6652777777777777,0.009895833333333333,0.058333333333333334
1,0.5783854166666667,0.6703703703703704,0.009895833333333333,0.05
2,0.5846354166666666,0.6601851851851852,0.008854166666666666,0.03888888888888889
1,0.5877604166666667,0.6736111111111112,0.0109375,0.062037037037037036
1,0.8033854166666666,0.6361111111111111,0.009895833333333333,0.03518518518518519
1,0.7049479166666667,0.5851851851851851,0.0067708333333333336,0.03888888888888889
1,0.6697916666666667,0.6055555555555555,0.008333333333333333,0.04259259259259259
1,0.7760416666666666,0.5064814814814815,0.009375,0.022222222222222223
1,0.7658854166666667,0.47824074074074074,0.0046875,0.01574074074074074
1,0.7744791666666667,0.4736111111111111,0.005208333333333333,0.017592592592592594
1,0.7716145833333333,0.4671296296296296,0.0026041666666666665,0.013888888888888888
1,0.7763020833333333,0.4638888888888889,0.0026041666666666665,0.009259259259259259
2,0.78046875,0.4601851851851852,0.0036458333333333334,0.014814814814814815
10,0.7802083333333333,0.4625,0.004166666666666667,0.012037037037037037
