6,0.21328125,0.5375,0.0703125,0.0787037037037037
6,0.30546875,0.5152777777777777,0.06927083333333334,0.0712962962962963
6,0.42630208333333336,0.5064814814814815,0.11614583333333334,0.06851851851851852
5,0.5153645833333333,0.4930555555555556,0.0546875,0.05277777777777778
6,0.48723958333333334,0.37222222222222223,0.0828125,0.07592592592592592
4,0.5270833333333333,0.3263888888888889,0.023958333333333335,0.05648148148148148
4,0.48463541666666665,0.18287037037037038,0.025520833333333333,0.05462962962962963
4,0.5096354166666667,0.09953703703703703,0.019270833333333334,0.03425925925925926
9,0.6778645833333333,0.48518518518518516,0.03697916666666667,0.12037037037037036
1,0.7130208333333333,0.5120370370370371,0.013541666666666667,0.024074074074074074
4,0.21822916666666667,0.39444444444444443,0.05520833333333333,0.05
1,0.315625,0.21481481481481482,0.010416666666666666,0.03148148148148148
2,0.43385416666666665,0.22175925925925927,0.008333333333333333,0.026851851851851852
1,0.07265625,0.24583333333333332,0.0109375,0.026851851851851852
