5,0.025,0.8361111111111111,0.04791666666666667,0.05740740740740741
4,0.06197916666666667,0.7902777777777777,0.052083333333333336,0.11018518518518519
4,0.16197916666666667,0.9097222222222222,0.06354166666666666,0.0712962962962963
4,0.14140625,0.7731481481481481,0.0515625,0.09814814814814815
4,0.16979166666666667,0.7375,0.04895833333333333,0.10277777777777777
4,0.19869791666666667,0.6916666666666667,0.0453125,0.10740740740740741
4,0.23541666666666666,0.8462962962962963,0.05625,0.1
4,0.40130208333333334,0.9097222222222222,0.024479166666666666,0.11574074074074074
5,0.40234375,0.7430555555555556,0.03177083333333333,0.11944444444444445
4,0.41380208333333335,0.6175925925925926,0.0296875,0.1
4,0.39895833333333336,0.48564814814814816,0.034375,0.09722222222222222
4,0.42578125,0.39490740740740743,0.027604166666666666,0.10462962962962963
4,0.22239583333333332,0.6435185185185185,0.046875,0.09259259259259259
4,0.3098958333333333,0.5106481481481482,0.027083333333333334,0.10092592592592593
5,0.3203125,0.36203703703703705,0.030208333333333334,0.1037037037037037
4,0.4317708333333333,0.2722222222222222,0.023958333333333335,0.1
4,0.44375,0.1425925925925926,0.028125,0.09259259259259259
5,0.44947916666666665,0.0375,0.025,0.075
5,0.3484375,0.04722222222222222,0.026041666666666668,0.09444444444444444
5,0.28151041666666665,0.05648148148148148,0.025520833333333333,0.08518518518518518
4,0.33125,0.2523148148148148,0.029166666666666667,0.10833333333333334
4,0.27578125,0.2523148148148148,0.028645833333333332,0.08981481481481482
4,0.2671875,0.4439814814814815,0.05625,0.049074074074074076
5,0.22578125,0.5226851851851851,0.0546875,0.07314814814814814
1,0.2635416666666667,0.13333333333333333,0.007291666666666667,0.018518518518518517
1,0.23854166666666668,0.2125,0.008333333333333333,0.021296296296296296
1,0.23229166666666667,0.20925925925925926,0.007291666666666667,0.025925925925925925
1,0.18359375,0.2337962962962963,0.011979166666666667,0.023148148148148147
10,0.21302083333333333,0.23148148148148148,0.011458333333333333,0.040740740740740744
10,0.14765625,0.4648148148148148,0.0203125,0.014814814814814815
4,0.11171875,0.5361111111111111,0.0421875,0.0962962962962963
4,0.07552083333333333,0.5856481481481481,0.03958333333333333,0.10648148148148148
4,0.045572916666666664,0.6351851851851852,0.04114583333333333,0.11666666666666667
