4,0.3294270833333333,0.6453703703703704,0.018229166666666668,0.07222222222222222
4,0.325,0.5597222222222222,0.017708333333333333,0.0712962962962963
4,0.3184895833333333,0.4828703703703704,0.018229166666666668,0.06944444444444445
4,0.40208333333333335,0.6157407407407407,0.016666666666666666,0.06666666666666667
4,0.39817708333333335,0.5398148148148149,0.018229166666666668,0.06666666666666667
4,0.39895833333333336,0.46944444444444444,0.016666666666666666,0.06666666666666667
4,0.3859375,0.26481481481481484,0.016666666666666666,0.06481481481481481
5,0.4122395833333333,0.8138888888888889,0.0203125,0.07962962962962963
5,0.4080729166666667,0.7125,0.018229166666666668,0.075
5,0.3841145833333333,0.18009259259259258,0.0171875,0.06388888888888888
5,0.37916666666666665,0.09305555555555556,0.015625,0.06388888888888888
5,0.11119791666666666,0.399537037037037,0.0390625,0.030555555555555555
5,0.17786458333333333,0.337037037037037,0.04114583333333333,0.03148148148148148
4,0.11979166666666667,0.4444444444444444,0.0375,0.03148148148148148
4,0.18177083333333333,0.43333333333333335,0.035416666666666666,0.03148148148148148
4,0.22473958333333333,0.3638888888888889,0.0390625,0.03148148148148148
4,0.16979166666666667,0.39537037037037037,0.041666666666666664,0.03148148148148148
4,0.04114583333333333,0.3587962962962963,0.041666666666666664,0.032407407407407406
6,0.2640625,0.4185185185185185,0.041666666666666664,0.02962962962962963
6,0.39375,0.36064814814814816,0.01875,0.0787037037037037
6,0.06145833333333333,0.42314814814814816,0.05,0.03148148148148148
7,0.3065104166666667,0.26064814814814813,0.013020833333333334,0.05092592592592592
7,0.22057291666666667,0.4287037037037037,0.025520833333333333,0.022222222222222223
10,0.30130208333333336,0.058333333333333334,0.005729166666666666,0.03888888888888889
10,0.3372395833333333,0.044444444444444446,0.005729166666666666,0.03518518518518519
10,0.2986979166666667,0.09305555555555556,0.016145833333333335,0.023148148148148147
10,0.30442708333333335,0.19212962962962962,0.011979166666666667,0.013888888888888888
10,0.3263020833333333,0.12222222222222222,0.005729166666666666,0.03148148148148148
10,0.3302083333333333,0.19583333333333333,0.005208333333333333,0.032407407407407406
10,0.3046875,0.1726851851851852,0.013541666666666667,0.021296296296296296
10,0.3033854166666667,0.1449074074074074,0.011979166666666667,0.021296296296296296
10,0.30130208333333336,0.11898148148148148,0.011979166666666667,0.01574074074074074
10,0.27760416666666665,0.34814814814814815,0.015625,0.022222222222222223
10,0.2598958333333333,0.37222222222222223,0.014583333333333334,0.016666666666666666
10,0.253125,0.39444444444444443,0.015625,0.014814814814814815
10,0.240625,0.38287037037037036,0.014583333333333334,0.013888888888888888
10,0.21223958333333334,0.38796296296296295,0.0171875,0.014814814814814815
10,0.24817708333333333,0.32731481481481484,0.0078125,0.026851851851851852
10,0.2359375,0.3277777777777778,0.007291666666666667,0.024074074074074074
10,0.175,0.3680555555555556,0.015625,0.017592592592592594
10,0.19088541666666667,0.3712962962962963,0.013020833333333334,0.018518518518518517
10,0.14713541666666666,0.4412037037037037,0.009895833333333333,0.021296296296296296
10,0.21536458333333333,0.33055555555555555,0.0078125,0.025925925925925925
10,0.12526041666666668,0.4236111111111111,0.018229166666666668,0.010185185185185186
10,0.14583333333333334,0.4217592592592593,0.020833333333333332,0.012037037037037037
10,0.030729166666666665,0.45925925925925926,0.009375,0.025925925925925925
10,0.055989583333333336,0.45694444444444443,0.009895833333333333,0.025
10,0.06640625,0.45416666666666666,0.011979166666666667,0.026851851851851852
10,0.08776041666666666,0.4527777777777778,0.008854166666666666,0.025925925925925925
10,0.018489583333333334,0.4587962962962963,0.0109375,0.025
10,0.05755208333333333,0.39490740740740743,0.019270833333333334,0.013888888888888888
10,0.0033854166666666668,0.46064814814814814,0.0067708333333333336,0.028703703703703703
10,0.0765625,0.45231481481481484,0.008333333333333333,0.026851851851851852
10,0.10078125,0.37777777777777777,0.015104166666666667,0.014814814814814815
3,0.31979166666666664,0.30925925925925923,0.008333333333333333,0.02962962962962963
3,0.29791666666666666,0.34074074074074073,0.008333333333333333,0.020370370370370372
3,0.34739583333333335,0.48148148148148145,0.00625,0.02962962962962963
3,0.23151041666666666,0.3958333333333333,0.0140625,0.012037037037037037
3,0.11953125,0.37546296296296294,0.015104166666666667,0.012037037037037037
3,0.13958333333333334,0.3787037037037037,0.014583333333333334,0.009259259259259259
3,0.15651041666666668,0.36898148148148147,0.0140625,0.010185185185185186
3,0.13802083333333334,0.36527777777777776,0.014583333333333334,0.010185185185185186
3,0.04010416666666667,0.3902777777777778,0.015625,0.012037037037037037
10,0.14114583333333333,0.4101851851851852,0.015625,0.014814814814814815
3,0.20755208333333333,0.33287037037037037,0.0046875,0.023148148148148147
10,0.2015625,0.3337962962962963,0.00625,0.026851851851851852
10,0.22395833333333334,0.32916666666666666,0.008333333333333333,0.023148148148148147
1,0.25625,0.4671296296296296,0.005208333333333333,0.010185185185185186
1,0.29192708333333334,0.4861111111111111,0.0046875,0.009259259259259259
1,0.18411458333333333,0.46435185185185185,0.0067708333333333336,0.010185185185185186
1,0.1359375,0.4810185185185185,0.008333333333333333,0.006481481481481481
1,0.16953125,0.29305555555555557,0.0067708333333333336,0.013888888888888888
1,0.059375,0.30972222222222223,0.010416666666666666,0.010185185185185186
1,0.28802083333333334,0.22314814814814815,0.005208333333333333,0.012962962962962963
1,0.29375,0.21944444444444444,0.005208333333333333,0.014814814814814815
1,0.28463541666666664,0.1412037037037037,0.005729166666666666,0.019444444444444445
1,0.2794270833333333,0.2722222222222222,0.005729166666666666,0.018518518518518517
1,0.2838541666666667,0.29074074074074074,0.00625,0.012962962962962963
1,0.271875,0.29444444444444445,0.005208333333333333,0.011111111111111112
1,0.22213541666666667,0.2935185185185185,0.0078125,0.012962962962962963
1,0.22421875,0.2902777777777778,0.0036458333333333334,0.006481481481481481
1,0.140625,0.3,0.009375,0.009259259259259259
1,0.12682291666666667,0.30694444444444446,0.0109375,0.013888888888888888
1,0.13932291666666666,0.3111111111111111,0.009895833333333333,0.011111111111111112
1,0.28619791666666666,0.08425925925925926,0.0046875,0.014814814814814815
1,0.28098958333333335,0.03888888888888889,0.0046875,0.022222222222222223
1,0.2721354166666667,0.027314814814814816,0.005729166666666666,0.01574074074074074
0,0.11171875,0.34444444444444444,0.0890625,0.025925925925925925
1,0.04244791666666667,0.3175925925925926,0.009895833333333333,0.011111111111111112
1,0.053385416666666664,0.30648148148148147,0.0067708333333333336,0.011111111111111112
2,0.12317708333333334,0.4236111111111111,0.008854166666666666,0.008333333333333333
2,0.09791666666666667,0.37777777777777777,0.00625,0.011111111111111112
2,0.11744791666666667,0.37453703703703706,0.0078125,0.010185185185185186
2,0.2109375,0.3875,0.009375,0.012037037037037037
2,0.18932291666666667,0.37175925925925923,0.0067708333333333336,0.013888888888888888
2,0.13489583333333333,0.3648148148148148,0.008333333333333333,0.009259259259259259
2,0.27682291666666664,0.34675925925925927,0.0078125,0.013888888888888888
2,0.25859375,0.37222222222222223,0.005729166666666666,0.012962962962962963
2,0.2518229166666667,0.3939814814814815,0.0067708333333333336,0.012037037037037037
2,0.2296875,0.39537037037037037,0.007291666666666667,0.012962962962962963
2,0.23958333333333334,0.3819444444444444,0.00625,0.012037037037037037
2,0.2981770833333333,0.3398148148148148,0.005729166666666666,0.014814814814814815
2,0.31979166666666664,0.3055555555555556,0.007291666666666667,0.016666666666666666
2,0.3302083333333333,0.1912037037037037,0.004166666666666667,0.013888888888888888
2,0.3375,0.040740740740740744,0.004166666666666667,0.014814814814814815
2,0.30364583333333334,0.14583333333333334,0.00625,0.019444444444444445
2,0.34765625,0.4842592592592593,0.0046875,0.011111111111111112
2,0.13489583333333333,0.3638888888888889,0.00625,0.009259259259259259
2,0.13645833333333332,0.37824074074074077,0.00625,0.008333333333333333
2,0.15625,0.37222222222222223,0.00625,0.011111111111111112
