4,0.0578125,0.8893518518518518,0.09375,0.16574074074074074
4,0.1109375,0.5851851851851851,0.059375,0.1574074074074074
4,0.2747395833333333,0.6027777777777777,0.0953125,0.10925925925925926
4,0.3609375,0.8981481481481481,0.05,0.14814814814814814
4,0.6856770833333333,0.9115740740740741,0.08385416666666666,0.12129629629629629
1,0.47369791666666666,0.7435185185185185,0.015104166666666667,0.046296296296296294
4,0.5854166666666667,0.6583333333333333,0.06770833333333333,0.18333333333333332
1,0.6377604166666667,0.4134259259259259,0.019270833333333334,0.05092592592592592
1,0.6513020833333333,0.4310185185185185,0.018229166666666668,0.049074074074074076
4,0.60078125,0.425462962962963,0.06510416666666667,0.1398148148148148
5,0.5611979166666666,0.4425925925925926,0.06614583333333333,0.13333333333333333
10,0.7072916666666667,0.587037037037037,0.022916666666666665,0.06666666666666667
11,0.6856770833333333,0.49074074074074076,0.024479166666666666,0.03148148148148148
10,0.6963541666666667,0.42916666666666664,0.023958333333333335,0.05648148148148148
1,0.6953125,0.34074074074074073,0.021875,0.037037037037037035
4,0.5020833333333333,0.6986111111111111,0.10833333333333334,0.1398148148148148
4,0.4895833333333333,0.5976851851851852,0.096875,0.1287037037037037
4,0.4783854166666667,0.5097222222222222,0.08489583333333334,0.11388888888888889
4,0.40130208333333334,0.46296296296296297,0.0390625,0.11851851851851852
4,0.46848958333333335,0.3680555555555556,0.0640625,0.10833333333333334
4,0.4440104166666667,0.19305555555555556,0.034895833333333334,0.06944444444444445
4,0.42526041666666664,0.06759259259259259,0.027604166666666666,0.046296296296296294
4,0.42213541666666665,0.024537037037037038,0.024479166666666666,0.04722222222222222
4,0.45,0.01898148148148148,0.026041666666666668,0.03611111111111111
4,0.28359375,0.5032407407407408,0.0890625,0.09907407407407408
4,0.28828125,0.35324074074074074,0.07760416666666667,0.10092592592592593
4,0.29296875,0.2967592592592593,0.0671875,0.08055555555555556
5,0.30052083333333335,0.1449074074074074,0.053125,0.06944444444444445
5,0.28541666666666665,0.11527777777777778,0.030208333333333334,0.03796296296296296
4,0.17630208333333333,0.3087962962962963,0.0421875,0.0824074074074074
4,0.19973958333333333,0.20324074074074075,0.03697916666666667,0.07314814814814814
5,0.17213541666666668,0.17777777777777778,0.0390625,0.07592592592592592
0,0.48984375,0.20462962962962963,0.0578125,0.08518518518518518
