9,0.3541666666666667,0.6972222222222222,0.01875,0.06296296296296296
4,0.21875,0.6527777777777778,0.028125,0.04259259259259259
4,0.26067708333333334,0.5810185185185185,0.022395833333333334,0.03981481481481482
4,0.34088541666666666,0.5680555555555555,0.011979166666666667,0.041666666666666664
9,0.30442708333333335,0.40925925925925927,0.025520833333333333,0.08888888888888889
3,0.19739583333333333,0.5638888888888889,0.007291666666666667,0.014814814814814815
2,0.19583333333333333,0.5606481481481481,0.005208333333333333,0.013888888888888888
10,0.3653645833333333,0.47129629629629627,0.005729166666666666,0.024074074074074074
2,0.365625,0.46805555555555556,0.005208333333333333,0.01574074074074074
5,0.4046875,0.4615740740740741,0.010416666666666666,0.03796296296296296
6,0.403125,0.42916666666666664,0.013541666666666667,0.041666666666666664
4,0.38333333333333336,0.41064814814814815,0.010416666666666666,0.03425925925925926
4,0.40286458333333336,0.39351851851851855,0.008854166666666666,0.02962962962962963
4,0.36692708333333335,0.37222222222222223,0.008854166666666666,0.024074074074074074
4,0.3875,0.3458333333333333,0.009375,0.025
5,0.3997395833333333,0.2388888888888889,0.008854166666666666,0.025925925925925925
4,0.36692708333333335,0.20185185185185187,0.0078125,0.016666666666666666
4,0.38697916666666665,0.1962962962962963,0.008333333333333333,0.018518518518518517
9,0.35625,0.17175925925925925,0.011458333333333333,0.028703703703703703
6,0.4010416666666667,0.13703703703703704,0.010416666666666666,0.03148148148148148
4,0.42083333333333334,0.12361111111111112,0.007291666666666667,0.019444444444444445
1,0.4552083333333333,0.1597222222222222,0.003125,0.010185185185185186
0,0.44557291666666665,0.23564814814814813,0.0296875,0.058333333333333334
4,0.6924479166666667,0.3398148148148148,0.021354166666666667,0.018518518518518517
4,0.6510416666666666,0.31203703703703706,0.022916666666666665,0.018518518518518517
4,0.67578125,0.31574074074074077,0.024479166666666666,0.022222222222222223
4,0.7,0.3212962962962963,0.020833333333333332,0.016666666666666666
4,0.72265625,0.32546296296296295,0.013020833333333334,0.01574074074074074
1,0.7005208333333334,0.2375,0.004166666666666667,0.012037037037037037
0,0.7203125,0.11157407407407408,0.017708333333333333,0.03981481481481482
1,0.49453125,0.36712962962962964,0.0036458333333333334,0.013888888888888888
1,0.5010416666666667,0.324537037037037,0.004166666666666667,0.013888888888888888
0,0.4901041666666667,0.262037037037037,0.03958333333333333,0.046296296296296294
4,0.38046875,0.11851851851851852,0.0078125,0.016666666666666666
4,0.3875,0.09027777777777778,0.007291666666666667,0.013888888888888888
4,0.39401041666666664,0.06944444444444445,0.0067708333333333336,0.012962962962962963
4,0.3859375,0.06527777777777778,0.00625,0.012037037037037037
4,0.39869791666666665,0.05277777777777778,0.0067708333333333336,0.011111111111111112
4,0.3919270833333333,0.046296296296296294,0.0067708333333333336,0.011111111111111112
4,0.3963541666666667,0.031018518518518518,0.00625,0.012037037037037037
4,0.40338541666666666,0.03194444444444444,0.0067708333333333336,0.012037037037037037
5,0.40677083333333336,0.017592592592592594,0.00625,0.012962962962962963
4,0.39947916666666666,0.013888888888888888,0.00625,0.011111111111111112
5,0.4166666666666667,0.005092592592592593,0.00625,0.010185185185185186
1,0.23229166666666667,0.23333333333333334,0.003125,0.012962962962962963
