11,0.0859375,0.8435185185185186,0.09166666666666666,0.23148148148148148
1,0.12890625,0.9106481481481481,0.044270833333333336,0.12314814814814815
1,0.07578125,0.5569444444444445,0.0265625,0.08796296296296297
1,0.28489583333333335,0.5291666666666667,0.021875,0.0824074074074074
3,0.39479166666666665,0.5555555555555556,0.023958333333333335,0.0962962962962963
1,0.28984375,0.4722222222222222,0.016145833333333335,0.06296296296296296
7,0.31640625,0.45694444444444443,0.015104166666666667,0.06944444444444445
1,0.31640625,0.45,0.013020833333333334,0.05185185185185185
1,0.3380208333333333,0.4537037037037037,0.017708333333333333,0.07037037037037037
1,0.2598958333333333,0.40555555555555556,0.015625,0.05925925925925926
1,0.18255208333333334,0.4361111111111111,0.015104166666666667,0.06666666666666667
1,0.33880208333333334,0.36435185185185187,0.009895833333333333,0.04722222222222222
1,0.66328125,0.6898148148148148,0.033854166666666664,0.12962962962962962
1,0.7075520833333333,0.7157407407407408,0.028645833333333332,0.11851851851851852
1,0.6763020833333333,0.6462962962962963,0.016145833333333335,0.12407407407407407
11,0.6505208333333333,0.5421296296296296,0.08854166666666667,0.17314814814814813
4,0.6828125,0.49907407407407406,0.09270833333333334,0.11296296296296296
4,0.6666666666666666,0.37175925925925923,0.059375,0.04722222222222222
4,0.3768229166666667,0.47175925925925927,0.044270833333333336,0.07685185185185185
4,0.36875,0.41712962962962963,0.0375,0.05648148148148148
3,0.21901041666666668,0.4398148148148148,0.030729166666666665,0.03518518518518519
10,0.22552083333333334,0.42685185185185187,0.03125,0.046296296296296294
10,0.28541666666666665,0.40879629629629627,0.015625,0.03796296296296296
10,0.2908854166666667,0.38333333333333336,0.011979166666666667,0.03148148148148148
1,0.309375,0.3685185185185185,0.010416666666666666,0.04259259259259259
1,0.3182291666666667,0.33935185185185185,0.007291666666666667,0.03425925925925926
1,0.30833333333333335,0.3490740740740741,0.008333333333333333,0.03148148148148148
1,0.2953125,0.35185185185185186,0.008333333333333333,0.03888888888888889
1,0.2825520833333333,0.3662037037037037,0.009895833333333333,0.03611111111111111
0,0.28203125,0.3365740740740741,0.021354166666666667,0.06388888888888888
4,0.58359375,0.4675925925925926,0.05260416666666667,0.08703703703703704
5,0.04609375,0.6842592592592592,0.0921875,0.15185185185185185
5,0.024479166666666666,0.7962962962962963,0.04791666666666667,0.2
1,0.19427083333333334,0.3763888888888889,0.011458333333333333,0.05462962962962963
1,0.07734375,0.47824074074074074,0.015104166666666667,0.06388888888888888
1,0.30234375,0.3300925925925926,0.0078125,0.03425925925925926
1,0.721875,0.6893518518518519,0.014583333333333334,0.125
0,0.3528645833333333,0.32222222222222224,0.0203125,0.03148148148148148
1,0.14166666666666666,0.4236111111111111,0.011458333333333333,0.07314814814814814
2,0.39453125,0.55,0.021354166666666667,0.07962962962962963
