0,0.3625,0.04398148148148148,0.00625,0.017592592592592594
0,0.3106770833333333,0.09907407407407408,0.009895833333333333,0.04814814814814815
0,0.365625,0.08472222222222223,0.011458333333333333,0.041666666666666664
0,0.3763020833333333,0.18425925925925926,0.0046875,0.009259259259259259
0,0.37005208333333334,0.1175925925925926,0.0067708333333333336,0.012962962962962963
0,0.3104166666666667,0.225,0.00625,0.02962962962962963
0,0.30885416666666665,0.2759259259259259,0.003125,0.012962962962962963
0,0.2989583333333333,0.2972222222222222,0.009375,0.009259259259259259
11,0.6125,0.36574074074074076,0.028125,0.040740740740740744
4,0.12109375,0.9439814814814815,0.028645833333333332,0.05648148148148148
4,0.10390625,0.9291666666666667,0.033854166666666664,0.0824074074074074
6,0.24817708333333333,0.7231481481481481,0.05260416666666667,0.2037037037037037
6,0.20338541666666668,0.649074074074074,0.04010416666666667,0.03518518518518519
6,0.32057291666666665,0.26851851851851855,0.0067708333333333336,0.020370370370370372
6,0.32447916666666665,0.19212962962962962,0.00625,0.026851851851851852
11,0.42083333333333334,0.14583333333333334,0.017708333333333333,0.013888888888888888
11,0.4205729166666667,0.14166666666666666,0.016145833333333335,0.012962962962962963
4,0.403125,0.14074074074074075,0.003125,0.005555555555555556
3,0.23828125,0.6638888888888889,0.0036458333333333334,0.020370370370370372
8,0.26640625,0.5689814814814815,0.0067708333333333336,0.025
1,0.3653645833333333,0.5138888888888888,0.0026041666666666665,0.022222222222222223
1,0.37005208333333334,0.5120370370370371,0.0036458333333333334,0.024074074074074074
0,0.26953125,0.10648148148148148,0.0140625,0.014814814814814815
9,0.14322916666666666,0.22962962962962963,0.022916666666666665,0.018518518518518517
6,0.30234375,0.11388888888888889,0.0036458333333333334,0.011111111111111112
4,0.31640625,0.1699074074074074,0.0036458333333333334,0.008333333333333333
4,0.3963541666666667,0.1425925925925926,0.007291666666666667,0.005555555555555556
0,0.33255208333333336,0.10972222222222222,0.0109375,0.06388888888888888
