10,0.3671875,0.837037037037037,0.027083333333333334,0.03148148148148148
3,0.3893229166666667,0.8180555555555555,0.0203125,0.03796296296296296
10,0.4315104166666667,0.7949074074074074,0.022395833333333334,0.04537037037037037
3,0.4395833333333333,0.7851851851851852,0.016666666666666666,0.03333333333333333
3,0.4484375,0.7787037037037037,0.017708333333333333,0.02962962962962963
3,0.47682291666666665,0.7578703703703704,0.018229166666666668,0.030555555555555555
3,0.49140625,0.7453703703703703,0.019270833333333334,0.037037037037037035
4,0.9971354166666667,0.8902777777777777,0.0890625,0.08425925925925926
4,0.8854166666666666,0.8208333333333333,0.08645833333333333,0.07685185185185185
4,0.8174479166666667,0.9013888888888889,0.09010416666666667,0.08425925925925926
4,0.7817708333333333,0.7615740740740741,0.07395833333333333,0.06388888888888888
1,0.71484375,0.799074074074074,0.005729166666666666,0.046296296296296294
1,0.7447916666666666,0.7824074074074074,0.00625,0.046296296296296294
1,0.73671875,0.8166666666666667,0.005729166666666666,0.04259259259259259
1,0.7408854166666666,0.7930555555555555,0.0046875,0.04722222222222222
1,0.7385416666666667,0.8050925925925926,0.007291666666666667,0.04537037037037037
5,0.7309895833333333,0.8328703703703704,0.06822916666666666,0.09537037037037037
4,0.653125,0.7902777777777777,0.06875,0.062037037037037036
10,0.6567708333333333,0.7222222222222222,0.020833333333333332,0.03148148148148148
2,0.6565104166666667,0.7143518518518519,0.011979166666666667,0.028703703703703703
4,0.7125,0.6055555555555555,0.04375,0.03888888888888889
4,0.7307291666666667,0.5930555555555556,0.041666666666666664,0.03425925925925926
1,0.740625,0.5365740740740741,0.003125,0.023148148148148147
4,0.7393229166666667,0.6722222222222223,0.04114583333333333,0.044444444444444446
4,0.7765625,0.6027777777777777,0.03125,0.03888888888888889
4,0.8143229166666667,0.6106481481481482,0.033854166666666664,0.03611111111111111
4,0.8411458333333334,0.6444444444444445,0.059375,0.040740740740740744
10,0.9213541666666667,0.6472222222222223,0.008333333333333333,0.03148148148148148
10,0.9372395833333333,0.6541666666666667,0.011979166666666667,0.032407407407407406
10,0.7973958333333333,0.5439814814814815,0.010416666666666666,0.019444444444444445
4,0.82890625,0.538425925925926,0.04010416666666667,0.03425925925925926
4,0.8513020833333333,0.5291666666666667,0.0421875,0.030555555555555555
4,0.8630208333333333,0.5217592592592593,0.034375,0.030555555555555555
4,0.8760416666666667,0.5180555555555556,0.029166666666666667,0.030555555555555555
4,0.8893229166666666,0.5148148148148148,0.03177083333333333,0.025925925925925925
4,0.90390625,0.513425925925926,0.0359375,0.026851851851851852
1,0.91328125,0.4393518518518518,0.0046875,0.017592592592592594
4,0.96171875,0.4962962962962963,0.03697916666666667,0.024074074074074074
6,0.8981770833333333,0.5421296296296296,0.04635416666666667,0.05648148148148148
7,0.9114583333333334,0.5689814814814815,0.017708333333333333,0.023148148148148147
7,0.9205729166666666,0.5805555555555556,0.015104166666666667,0.027777777777777776
4,0.5861979166666667,0.6564814814814814,0.04635416666666667,0.040740740740740744
4,0.5380208333333333,0.7111111111111111,0.051041666666666666,0.04814814814814815
4,0.5411458333333333,0.6319444444444444,0.042708333333333334,0.03796296296296296
4,0.49296875,0.6050925925925926,0.03697916666666667,0.03611111111111111
4,0.45859375,0.5861111111111111,0.033854166666666664,0.03148148148148148
4,0.4283854166666667,0.6337962962962963,0.04114583333333333,0.03981481481481482
10,0.4119791666666667,0.562962962962963,0.008333333333333333,0.018518518518518517
4,0.39453125,0.6087962962962963,0.03697916666666667,0.03611111111111111
5,0.36484375,0.5851851851851851,0.024479166666666666,0.046296296296296294
4,0.33125,0.5689814814814815,0.03333333333333333,0.030555555555555555
1,0.3536458333333333,0.5375,0.005208333333333333,0.021296296296296296
1,0.32890625,0.5217592592592593,0.005729166666666666,0.021296296296296296
1,0.37734375,0.5509259259259259,0.0067708333333333336,0.024074074074074074
4,0.3921875,0.5518518518518518,0.028125,0.025925925925925925
4,0.371875,0.5388888888888889,0.027083333333333334,0.025925925925925925
4,0.37734375,0.5064814814814815,0.030729166666666665,0.022222222222222223
6,0.33515625,0.5050925925925925,0.0265625,0.030555555555555555
6,0.3653645833333333,0.45694444444444443,0.033854166666666664,0.032407407407407406
4,0.40260416666666665,0.46296296296296297,0.017708333333333333,0.016666666666666666
4,0.41692708333333334,0.4615740740740741,0.019270833333333334,0.017592592592592594
4,0.43072916666666666,0.43842592592592594,0.016666666666666666,0.017592592592592594
4,0.46640625,0.45046296296296295,0.016145833333333335,0.019444444444444445
1,0.41484375,0.41898148148148145,0.0026041666666666665,0.013888888888888888
1,0.42083333333333334,0.3912037037037037,0.0020833333333333333,0.012037037037037037
5,0.4125,0.38287037037037036,0.011458333333333333,0.013888888888888888
5,0.42916666666666664,0.37083333333333335,0.017708333333333333,0.013888888888888888
4,0.4479166666666667,0.3731481481481482,0.014583333333333334,0.011111111111111112
4,0.46328125,0.3851851851851852,0.0109375,0.009259259259259259
5,0.46171875,0.3763888888888889,0.005729166666666666,0.012037037037037037
4,0.41119791666666666,0.3925925925925926,0.013020833333333334,0.011111111111111112
4,0.40911458333333334,0.37222222222222223,0.008854166666666666,0.011111111111111112
4,0.69453125,0.39675925925925926,0.0140625,0.012037037037037037
4,0.7033854166666667,0.3962962962962963,0.015104166666666667,0.009259259259259259
4,0.69609375,0.4078703703703704,0.016145833333333335,0.012037037037037037
4,0.70625,0.40694444444444444,0.015625,0.012037037037037037
4,0.7104166666666667,0.4041666666666667,0.015625,0.012037037037037037
1,0.7515625,0.4773148148148148,0.004166666666666667,0.019444444444444445
1,0.72734375,0.47685185185185186,0.0036458333333333334,0.020370370370370372
1,0.7346354166666667,0.4787037037037037,0.0036458333333333334,0.018518518518518517
4,0.9966145833333333,0.8893518518518518,0.0890625,0.08425925925925926
