4,0.36614583333333334,0.8032407407407407,0.025,0.10277777777777777
10,0.43307291666666664,0.8375,0.011979166666666667,0.04537037037037037
10,0.3997395833333333,0.5736111111111111,0.008854166666666666,0.03981481481481482
2,0.39947916666666666,0.5833333333333334,0.00625,0.024074074074074074
2,0.39947916666666666,0.5731481481481482,0.00625,0.024074074074074074
1,0.41744791666666664,0.5824074074074074,0.0078125,0.016666666666666666
5,0.2760416666666667,0.5291666666666667,0.05625,0.041666666666666664
1,0.24322916666666666,0.6231481481481481,0.010416666666666666,0.020370370370370372
1,0.23359375,0.5981481481481481,0.0109375,0.014814814814814815
1,0.42473958333333334,0.6444444444444445,0.0078125,0.016666666666666666
1,0.41119791666666666,0.4847222222222222,0.0078125,0.023148148148148147
1,0.41692708333333334,0.47685185185185186,0.0078125,0.018518518518518517
10,0.3692708333333333,0.5092592592592593,0.021875,0.022222222222222223
2,0.37057291666666664,0.5097222222222222,0.011979166666666667,0.017592592592592594
10,0.34765625,0.512962962962963,0.0203125,0.018518518518518517
1,0.34296875,0.4810185185185185,0.0109375,0.017592592592592594
1,0.35598958333333336,0.4652777777777778,0.013020833333333334,0.017592592592592594
1,0.37890625,0.4638888888888889,0.0078125,0.020370370370370372
1,0.3768229166666667,0.43703703703703706,0.0078125,0.022222222222222223
2,0.3893229166666667,0.4689814814814815,0.0109375,0.021296296296296296
3,0.3893229166666667,0.47129629629629627,0.0067708333333333336,0.03333333333333333
1,0.6174479166666667,0.4638888888888889,0.013020833333333334,0.016666666666666666
4,0.57265625,0.45092592592592595,0.0578125,0.05
4,0.5106770833333333,0.45185185185185184,0.0609375,0.053703703703703705
1,0.39557291666666666,0.2833333333333333,0.0078125,0.018518518518518517
1,0.39479166666666665,0.25324074074074077,0.00625,0.028703703703703703
10,0.4010416666666667,0.22083333333333333,0.008333333333333333,0.03611111111111111
1,0.38984375,0.1439814814814815,0.0067708333333333336,0.028703703703703703
1,0.3885416666666667,0.11342592592592593,0.00625,0.026851851851851852
1,0.39088541666666665,0.022222222222222223,0.0078125,0.024074074074074074
2,0.3299479166666667,0.4337962962962963,0.009895833333333333,0.013888888888888888
2,0.34036458333333336,0.42592592592592593,0.008854166666666666,0.016666666666666666
1,0.27630208333333334,0.4726851851851852,0.009895833333333333,0.019444444444444445
10,0.39869791666666665,0.9435185185185185,0.0140625,0.05185185185185185
2,0.39791666666666664,0.9453703703703704,0.011458333333333333,0.025925925925925925
