4,0.3880208333333333,0.9273148148148148,0.019791666666666666,0.0787037037037037
4,0.2830729166666667,0.9564814814814815,0.0421875,0.03148148148148148
4,0.28151041666666665,0.9203703703703704,0.0453125,0.03888888888888889
4,0.2796875,0.8759259259259259,0.03854166666666667,0.03333333333333333
4,0.28177083333333336,0.7717592592592593,0.04375,0.05277777777777778
5,0.2390625,0.7606481481481482,0.017708333333333333,0.06759259259259259
10,0.22109375,0.7523148148148148,0.0140625,0.010185185185185186
10,0.2203125,0.7402777777777778,0.015625,0.010185185185185186
4,0.2791666666666667,0.5837962962962963,0.04583333333333333,0.03611111111111111
4,0.2825520833333333,0.5412037037037037,0.04635416666666667,0.03611111111111111
4,0.28229166666666666,0.5,0.04479166666666667,0.037037037037037035
5,0.2869791666666667,0.45740740740740743,0.04895833333333333,0.037037037037037035
10,0.37864583333333335,0.36898148148148147,0.00625,0.030555555555555555
10,0.39505208333333336,0.37083333333333335,0.005729166666666666,0.028703703703703703
8,0.4200520833333333,0.23333333333333334,0.013020833333333334,0.04814814814814815
10,0.44244791666666666,0.17731481481481481,0.0078125,0.028703703703703703
2,0.4421875,0.17222222222222222,0.00625,0.012962962962962963
5,0.28359375,0.2689814814814815,0.034895833333333334,0.03425925925925926
5,0.275,0.2101851851851852,0.040625,0.03888888888888889
4,0.2828125,0.15787037037037038,0.03958333333333333,0.03425925925925926
1,0.24947916666666667,0.15601851851851853,0.00625,0.01574074074074074
4,0.2828125,0.11157407407407408,0.040625,0.03611111111111111
4,0.28151041666666665,0.075,0.04114583333333333,0.03333333333333333
1,0.23854166666666668,0.0824074074074074,0.007291666666666667,0.018518518518518517
1,0.246875,0.08148148148148149,0.007291666666666667,0.016666666666666666
4,0.28177083333333336,0.011111111111111112,0.03958333333333333,0.022222222222222223
10,0.44869791666666664,0.7217592592592592,0.0078125,0.05092592592592592
3,0.5348958333333333,0.8324074074074074,0.014583333333333334,0.020370370370370372
1,0.5450520833333333,0.7384259259259259,0.0078125,0.017592592592592594
7,0.5328125,0.5925925925925926,0.028125,0.024074074074074074
1,0.56015625,0.37407407407407406,0.0078125,0.012962962962962963
4,0.6065104166666667,0.40046296296296297,0.022395833333333334,0.075
4,0.6138020833333333,0.32222222222222224,0.044270833333333336,0.03148148148148148
1,0.5559895833333334,0.3106481481481482,0.0078125,0.01574074074074074
5,0.6247395833333333,0.15416666666666667,0.04010416666666667,0.03796296296296296
4,0.6083333333333333,0.06481481481481481,0.03854166666666667,0.04259259259259259
4,0.6018229166666667,0.0125,0.033854166666666664,0.025
