4,0.4015625,0.9740740740740741,0.028125,0.046296296296296294
4,0.01796875,0.3282407407407407,0.0234375,0.023148148148148147
4,0.4984375,0.5222222222222223,0.036458333333333336,0.027777777777777776
4,0.5015625,0.7069444444444445,0.04479166666666667,0.03611111111111111
4,0.5015625,0.6768518518518518,0.046875,0.03333333333333333
4,0.49270833333333336,0.7620370370370371,0.058333333333333334,0.044444444444444446
4,0.428125,0.49398148148148147,0.021875,0.04537037037037037
4,0.5020833333333333,0.4740740740740741,0.035416666666666666,0.027777777777777776
4,0.5010416666666667,0.45601851851851855,0.034375,0.025
4,0.503125,0.412962962962963,0.030208333333333334,0.03148148148148148
4,0.5221354166666666,0.36018518518518516,0.030729166666666665,0.024074074074074074
1,0.45546875,0.44583333333333336,0.0046875,0.019444444444444445
1,0.46979166666666666,0.43148148148148147,0.003125,0.012962962962962963
10,0.43645833333333334,0.43842592592592594,0.007291666666666667,0.021296296296296296
10,0.43072916666666666,0.4388888888888889,0.005208333333333333,0.024074074074074074
4,0.43828125,0.3199074074074074,0.024479166666666666,0.017592592592592594
4,0.44375,0.2611111111111111,0.020833333333333332,0.016666666666666666
4,0.4484375,0.24166666666666667,0.022916666666666665,0.014814814814814815
4,0.45260416666666664,0.2222222222222222,0.023958333333333335,0.014814814814814815
4,0.7776041666666667,0.4083333333333333,0.03125,0.02962962962962963
1,0.7424479166666667,0.38333333333333336,0.0046875,0.020370370370370372
2,0.7515625,0.37407407407407406,0.003125,0.014814814814814815
2,0.7528645833333333,0.37407407407407406,0.005729166666666666,0.011111111111111112
10,0.75078125,0.3787037037037037,0.013020833333333334,0.014814814814814815
10,0.80234375,0.3611111111111111,0.0109375,0.011111111111111112
10,0.8161458333333333,0.3625,0.008333333333333333,0.013888888888888888
1,0.5723958333333333,0.8444444444444444,0.00625,0.03148148148148148
4,0.3890625,0.887962962962963,0.053125,0.040740740740740744
4,0.5651041666666666,0.11203703703703703,0.016666666666666666,0.012962962962962963
0,0.56796875,0.13703703703703704,0.013020833333333334,0.022222222222222223
4,0.721875,0.038425925925925926,0.008333333333333333,0.012037037037037037
9,0.7216145833333333,0.020370370370370372,0.015104166666666667,0.024074074074074074
9,0.71171875,0.012962962962962963,0.016145833333333335,0.024074074074074074
5,0.7104166666666667,0.11666666666666667,0.015625,0.016666666666666666
5,0.7018229166666666,0.10462962962962963,0.0171875,0.012962962962962963
5,0.6986979166666667,0.09907407407407408,0.015104166666666667,0.012962962962962963
5,0.6963541666666667,0.08935185185185185,0.014583333333333334,0.012037037037037037
4,0.7033854166666667,0.11018518518518519,0.016145833333333335,0.011111111111111112
4,0.69140625,0.08703703703703704,0.015104166666666667,0.011111111111111112
