5,0.3033854166666667,0.5666666666666667,0.04010416666666667,0.07962962962962963
5,0.35,0.4532407407407407,0.027083333333333334,0.05648148148148148
5,0.3390625,0.3648148148148148,0.0125,0.03148148148148148
5,0.3572916666666667,0.4166666666666667,0.017708333333333333,0.03888888888888889
4,0.3463541666666667,0.40046296296296297,0.03125,0.030555555555555555
6,0.32890625,0.3388888888888889,0.015104166666666667,0.03518518518518519
6,0.32317708333333334,0.324537037037037,0.019270833333333334,0.030555555555555555
1,0.07135416666666666,0.46296296296296297,0.009375,0.03148148148148148
1,0.08697916666666666,0.4393518518518518,0.008333333333333333,0.030555555555555555
1,0.16901041666666666,0.3314814814814815,0.0026041666666666665,0.011111111111111112
1,0.165625,0.3300925925925926,0.004166666666666667,0.017592592592592594
1,0.16979166666666667,0.31712962962962965,0.004166666666666667,0.01574074074074074
1,0.17838541666666666,0.3148148148148148,0.0036458333333333334,0.014814814814814815
1,0.20338541666666668,0.27037037037037037,0.0026041666666666665,0.009259259259259259
1,0.16119791666666666,0.3300925925925926,0.0036458333333333334,0.012037037037037037
1,0.15625,0.33101851851851855,0.004166666666666667,0.017592592592592594
1,0.15833333333333333,0.3282407407407407,0.003125,0.01574074074074074
1,0.21171875,0.25462962962962965,0.0026041666666666665,0.007407407407407408
1,0.2109375,0.25416666666666665,0.0020833333333333333,0.008333333333333333
4,0.24166666666666667,0.25277777777777777,0.00625,0.007407407407407408
1,0.24557291666666667,0.25277777777777777,0.0015625,0.009259259259259259
1,0.20598958333333334,0.25462962962962965,0.0015625,0.005555555555555556
1,0.19557291666666668,0.2574074074074074,0.0015625,0.005555555555555556
1,0.0984375,0.37175925925925923,0.004166666666666667,0.017592592592592594
