10,0.007552083333333333,0.06481481481481481,0.015104166666666667,0.044444444444444446
1,0.007291666666666667,0.04398148148148148,0.014583333333333334,0.03796296296296296
1,0.014583333333333334,0.033796296296296297,0.015625,0.03425925925925926
1,0.023177083333333334,0.020833333333333332,0.013020833333333334,0.030555555555555555
1,0.019010416666666665,0.027314814814814816,0.019270833333333334,0.03981481481481482
10,0.024479166666666666,0.300462962962963,0.020833333333333332,0.049074074074074076
2,0.021614583333333333,0.2791666666666667,0.0203125,0.021296296296296296
2,0.020572916666666666,0.2898148148148148,0.019270833333333334,0.016666666666666666
10,0.06276041666666667,0.5504629629629629,0.025520833333333333,0.05462962962962963
2,0.061197916666666664,0.5365740740740741,0.0203125,0.03425925925925926
4,0.2598958333333333,0.6449074074074074,0.08125,0.21203703703703702
1,0.24479166666666666,0.5708333333333333,0.013541666666666667,0.025
4,0.27786458333333336,0.45555555555555555,0.06822916666666666,0.14074074074074075
4,0.33567708333333335,0.6134259259259259,0.08489583333333334,0.18425925925925926
5,0.37838541666666664,0.525,0.0953125,0.2
4,0.4348958333333333,0.5,0.08541666666666667,0.15925925925925927
4,0.48359375,0.45787037037037037,0.07552083333333333,0.125
4,0.42135416666666664,0.35462962962962963,0.07291666666666667,0.11296296296296296
3,0.38828125,0.4300925925925926,0.03697916666666667,0.030555555555555555
1,0.33098958333333334,0.35138888888888886,0.015104166666666667,0.05648148148148148
1,0.3567708333333333,0.35694444444444445,0.0125,0.05648148148148148
1,0.42682291666666666,0.2671296296296296,0.013020833333333334,0.05462962962962963
3,0.19088541666666667,0.35185185185185186,0.0296875,0.03518518518518519
3,0.15755208333333334,0.3416666666666667,0.0359375,0.04259259259259259
3,0.20520833333333333,0.31527777777777777,0.03333333333333333,0.04351851851851852
3,0.27057291666666666,0.2662037037037037,0.027604166666666666,0.032407407407407406
3,0.33567708333333335,0.22592592592592592,0.025520833333333333,0.03888888888888889
3,0.25234375,0.2949074074074074,0.0328125,0.03796296296296296
3,0.39479166666666665,0.2125,0.026041666666666668,0.03796296296296296
3,0.3893229166666667,0.19583333333333333,0.0171875,0.023148148148148147
4,0.5705729166666667,0.3277777777777778,0.0890625,0.10555555555555556
4,0.5270833333333333,0.40694444444444444,0.08541666666666667,0.1361111111111111
4,0.5348958333333333,0.2865740740740741,0.07604166666666666,0.09166666666666666
4,0.5044270833333333,0.23935185185185184,0.0765625,0.08055555555555556
5,0.428125,0.10833333333333334,0.05,0.09444444444444444
5,0.46328125,0.08333333333333333,0.0609375,0.10555555555555556
5,0.38619791666666664,0.04953703703703704,0.049479166666666664,0.0787037037037037
5,0.5950520833333334,0.09212962962962963,0.08072916666666667,0.09351851851851851
5,0.5302083333333333,0.037037037037037035,0.0625,0.07222222222222222
1,0.615625,0.5125,0.027083333333333334,0.06388888888888888
1,0.5950520833333334,0.49212962962962964,0.021354166666666667,0.06388888888888888
4,0.69453125,0.711574074074074,0.0671875,0.175
5,0.6453125,0.8666666666666667,0.165625,0.20925925925925926
