1,0.05364583333333333,0.7143518518518519,0.016666666666666666,0.021296296296296296
1,0.05416666666666667,0.7027777777777777,0.019791666666666666,0.02962962962962963
1,0.08958333333333333,0.6268518518518519,0.013541666666666667,0.03148148148148148
1,0.11770833333333333,0.6194444444444445,0.0125,0.02962962962962963
2,0.34088541666666666,0.6939814814814815,0.011979166666666667,0.026851851851851852
1,0.34661458333333334,0.674537037037037,0.011979166666666667,0.023148148148148147
1,0.3828125,0.4652777777777778,0.008333333333333333,0.032407407407407406
2,0.09713541666666667,0.5087962962962963,0.015104166666666667,0.023148148148148147
1,0.16197916666666667,0.3138888888888889,0.009375,0.027777777777777776
1,0.16953125,0.30648148148148147,0.009895833333333333,0.02962962962962963
1,0.3151041666666667,0.19768518518518519,0.00625,0.028703703703703703
1,0.30807291666666664,0.18703703703703703,0.0067708333333333336,0.027777777777777776
1,0.3268229166666667,0.175,0.005729166666666666,0.024074074074074074
1,0.33541666666666664,0.19027777777777777,0.005208333333333333,0.025
1,0.3658854166666667,0.12222222222222222,0.0046875,0.027777777777777776
1,0.340625,0.12268518518518519,0.00625,0.025
1,0.3697916666666667,0.12453703703703704,0.00625,0.025
1,0.3846354166666667,0.08842592592592592,0.005729166666666666,0.019444444444444445
2,0.38723958333333336,0.21481481481481482,0.0078125,0.016666666666666666
2,0.3893229166666667,0.18611111111111112,0.0067708333333333336,0.012962962962962963
1,0.3796875,0.1259259259259259,0.004166666666666667,0.012962962962962963
1,0.21458333333333332,0.08888888888888889,0.00625,0.022222222222222223
1,0.240625,0.03611111111111111,0.00625,0.022222222222222223
1,0.2760416666666667,0.07777777777777778,0.005208333333333333,0.020370370370370372
1,0.28098958333333335,0.0787037037037037,0.005729166666666666,0.018518518518518517
1,0.24765625,0.14583333333333334,0.005729166666666666,0.023148148148148147
2,0.2752604166666667,0.07268518518518519,0.0036458333333333334,0.010185185185185186
1,0.28489583333333335,0.04212962962962963,0.004166666666666667,0.019444444444444445
1,0.2921875,0.037037037037037035,0.004166666666666667,0.018518518518518517
1,0.29010416666666666,0.05462962962962963,0.004166666666666667,0.020370370370370372
1,0.296875,0.03611111111111111,0.003125,0.009259259259259259
1,0.3067708333333333,0.04351851851851852,0.005208333333333333,0.022222222222222223
1,0.3536458333333333,0.058333333333333334,0.004166666666666667,0.020370370370370372
2,0.35104166666666664,0.07546296296296297,0.00625,0.017592592592592594
2,0.35234375,0.07222222222222222,0.0067708333333333336,0.018518518518518517
1,0.3684895833333333,0.027314814814814816,0.0036458333333333334,0.01574074074074074
1,0.36380208333333336,0.010648148148148148,0.0046875,0.021296296296296296
1,0.3028645833333333,0.025925925925925925,0.0046875,0.020370370370370372
1,0.2955729166666667,0.025,0.0046875,0.020370370370370372
1,0.28177083333333336,0.03425925925925926,0.004166666666666667,0.020370370370370372
4,0.059895833333333336,0.21435185185185185,0.041666666666666664,0.0787037037037037
1,0.2942708333333333,0.05648148148148148,0.005208333333333333,0.018518518518518517
1,0.2994791666666667,0.02638888888888889,0.004166666666666667,0.017592592592592594
