4,0.21796875,0.8064814814814815,0.10989583333333333,0.3314814814814815
4,0.39765625,0.8342592592592593,0.1046875,0.2759259259259259
4,0.6473958333333333,0.649074074074074,0.121875,0.20555555555555555
4,0.56875,0.4356481481481482,0.08229166666666667,0.12685185185185185
4,0.5197916666666667,0.3212962962962963,0.05625,0.08518518518518518
5,0.28098958333333335,0.21898148148148147,0.0515625,0.0712962962962963
4,0.2872395833333333,0.1925925925925926,0.0578125,0.053703703703703705
4,0.30911458333333336,0.14953703703703702,0.025520833333333333,0.049074074074074076
4,0.3104166666666667,0.10925925925925926,0.022916666666666665,0.044444444444444446
2,0.3578125,0.1824074074074074,0.013541666666666667,0.040740740740740744
10,0.3575520833333333,0.18981481481481483,0.011979166666666667,0.044444444444444446
10,0.08697916666666666,0.24259259259259258,0.034375,0.046296296296296294
10,0.06979166666666667,0.26296296296296295,0.03958333333333333,0.05185185185185185
10,0.15598958333333332,0.09675925925925925,0.022395833333333334,0.021296296296296296
1,0.24270833333333333,0.03425925925925926,0.007291666666666667,0.02962962962962963
1,0.2513020833333333,0.03194444444444444,0.005729166666666666,0.030555555555555555
1,0.3028645833333333,0.04722222222222222,0.005729166666666666,0.03148148148148148
4,0.3734375,0.04398148148148148,0.01875,0.028703703703703703
4,0.33932291666666664,0.014351851851851852,0.0171875,0.028703703703703703
4,0.36614583333333334,0.011111111111111112,0.014583333333333334,0.020370370370370372
4,0.3932291666666667,0.01990740740740741,0.013541666666666667,0.030555555555555555
1,0.3932291666666667,0.02824074074074074,0.003125,0.021296296296296296
3,0.5458333333333333,0.2800925925925926,0.028125,0.041666666666666664
5,0.4940104166666667,0.2449074074074074,0.04739583333333333,0.08055555555555556
4,0.47109375,0.19444444444444445,0.03802083333333333,0.053703703703703705
4,0.4549479166666667,0.15231481481481482,0.03177083333333333,0.05092592592592592
4,0.4421875,0.11851851851851852,0.027083333333333334,0.03888888888888889
3,0.43203125,0.08796296296296297,0.016145833333333335,0.018518518518518517
1,0.421875,0.08055555555555556,0.00625,0.03518518518518519
4,0.42682291666666666,0.07268518518518519,0.021354166666666667,0.030555555555555555
4,0.4192708333333333,0.053703703703703705,0.01875,0.02962962962962963
4,0.4122395833333333,0.03518518518518519,0.0171875,0.027777777777777776
4,0.40729166666666666,0.023148148148148147,0.013541666666666667,0.022222222222222223
4,0.40078125,0.011111111111111112,0.015104166666666667,0.022222222222222223
1,0.5783854166666667,0.11388888888888889,0.008854166666666666,0.03888888888888889
1,0.590625,0.11342592592592593,0.009375,0.03981481481481482
4,0.59765625,0.2550925925925926,0.0609375,0.0787037037037037
1,0.5221354166666666,0.05925925925925926,0.0046875,0.024074074074074074
1,0.5328125,0.060648148148148145,0.005208333333333333,0.032407407407407406
6,0.56875,0.16898148148148148,0.053125,0.08981481481481482
3,0.5604166666666667,0.11481481481481481,0.0125,0.022222222222222223
10,0.6471354166666666,0.22268518518518518,0.011979166666666667,0.04351851851851852
10,0.6677083333333333,0.24074074074074073,0.016666666666666666,0.037037037037037035
10,0.6838541666666667,0.25833333333333336,0.01875,0.040740740740740744
4,0.6434895833333333,0.3162037037037037,0.0453125,0.075
5,0.6690104166666667,0.42777777777777776,0.1203125,0.1648148148148148
10,0.048177083333333336,0.2967592592592593,0.0296875,0.025
