1,0.1546875,0.1300925925925926,0.009375,0.032407407407407406
1,0.15026041666666667,0.13240740740740742,0.0109375,0.03148148148148148
1,0.13541666666666666,0.12962962962962962,0.007291666666666667,0.025925925925925925
1,0.13645833333333332,0.12777777777777777,0.010416666666666666,0.02962962962962963
1,0.12135416666666667,0.15833333333333333,0.010416666666666666,0.03333333333333333
1,0.10338541666666666,0.15555555555555556,0.009895833333333333,0.02962962962962963
1,0.07890625,0.15324074074074073,0.009895833333333333,0.030555555555555555
1,0.06197916666666667,0.15231481481481482,0.009375,0.030555555555555555
1,0.06666666666666667,0.15046296296296297,0.010416666666666666,0.032407407407407406
1,0.08489583333333334,0.15092592592592594,0.010416666666666666,0.02962962962962963
1,0.04505208333333333,0.15138888888888888,0.0109375,0.030555555555555555
1,0.05,0.14722222222222223,0.010416666666666666,0.02962962962962963
1,0.027604166666666666,0.15046296296296297,0.009375,0.028703703703703703
1,0.009635416666666667,0.15,0.0109375,0.03148148148148148
1,0.015885416666666666,0.14537037037037037,0.0109375,0.03148148148148148
1,0.024479166666666666,0.12268518518518519,0.008333333333333333,0.025
1,0.0265625,0.11898148148148148,0.011458333333333333,0.030555555555555555
1,0.03229166666666667,0.1476851851851852,0.011458333333333333,0.028703703703703703
1,0.10651041666666666,0.15462962962962962,0.009895833333333333,0.03148148148148148
1,0.12421875,0.15462962962962962,0.009895833333333333,0.03148148148148148
1,0.10989583333333333,0.13657407407407407,0.0125,0.03796296296296296
1,0.11432291666666666,0.125,0.008854166666666666,0.02962962962962963
1,0.10963541666666667,0.12731481481481483,0.009895833333333333,0.026851851851851852
1,0.09270833333333334,0.12731481481481483,0.008333333333333333,0.032407407407407406
1,0.07395833333333333,0.12546296296296297,0.008333333333333333,0.028703703703703703
1,0.06145833333333333,0.12314814814814815,0.009375,0.02962962962962963
1,0.06588541666666667,0.11898148148148148,0.0078125,0.030555555555555555
1,0.044270833333333336,0.12268518518518519,0.010416666666666666,0.028703703703703703
1,0.05026041666666667,0.11898148148148148,0.008854166666666666,0.030555555555555555
2,0.08020833333333334,0.12268518518518519,0.009375,0.025
1,0.09557291666666666,0.12268518518518519,0.0078125,0.028703703703703703
1,0.0036458333333333334,0.1175925925925926,0.007291666666666667,0.02962962962962963
1,0.0036458333333333334,0.14722222222222223,0.007291666666666667,0.025925925925925925
8,0.21614583333333334,0.8953703703703704,0.08645833333333333,0.11296296296296296
2,0.23177083333333334,0.8555555555555555,0.027083333333333334,0.05740740740740741
2,0.3411458333333333,0.8925925925925926,0.022916666666666665,0.06666666666666667
2,0.3455729166666667,0.8787037037037037,0.018229166666666668,0.05925925925925926
10,0.23541666666666666,0.862037037037037,0.05416666666666667,0.06111111111111111
10,0.3411458333333333,0.9074074074074074,0.01875,0.0962962962962963
8,0.27760416666666665,0.7324074074074074,0.075,0.10185185185185185
10,0.29401041666666666,0.6851851851851852,0.0359375,0.046296296296296294
10,0.29765625,0.6527777777777778,0.0390625,0.040740740740740744
2,0.2833333333333333,0.6407407407407407,0.016666666666666666,0.044444444444444446
7,0.32473958333333336,0.5606481481481481,0.06197916666666667,0.07685185185185185
8,0.3390625,0.5203703703703704,0.05416666666666667,0.07222222222222222
8,0.35260416666666666,0.4925925925925926,0.05,0.06851851851851852
8,0.365625,0.44675925925925924,0.04583333333333333,0.058333333333333334
8,0.37395833333333334,0.40324074074074073,0.05416666666666667,0.06388888888888888
8,0.38229166666666664,0.3837962962962963,0.04791666666666667,0.06388888888888888
8,0.3893229166666667,0.3662037037037037,0.04010416666666667,0.05462962962962963
7,0.39609375,0.3439814814814815,0.043229166666666666,0.058333333333333334
7,0.3984375,0.32916666666666666,0.03854166666666667,0.05648148148148148
8,0.41328125,0.3143518518518518,0.0484375,0.058333333333333334
8,0.43020833333333336,0.37175925925925923,0.028125,0.07314814814814814
1,0.4192708333333333,0.3398148148148148,0.009375,0.044444444444444446
2,0.40260416666666665,0.3458333333333333,0.013541666666666667,0.03425925925925926
2,0.3731770833333333,0.32175925925925924,0.0067708333333333336,0.021296296296296296
1,0.37135416666666665,0.325,0.010416666666666666,0.03888888888888889
1,0.37604166666666666,0.31851851851851853,0.009375,0.03888888888888889
1,0.38125,0.30833333333333335,0.007291666666666667,0.040740740740740744
1,0.39088541666666665,0.2800925925925926,0.009895833333333333,0.04722222222222222
1,0.38255208333333335,0.274537037037037,0.008854166666666666,0.04537037037037037
1,0.39401041666666664,0.2689814814814815,0.009895833333333333,0.04351851851851852
8,0.42109375,0.2810185185185185,0.043229166666666666,0.058333333333333334
8,0.428125,0.2611111111111111,0.035416666666666666,0.046296296296296294
7,0.43203125,0.24537037037037038,0.03802083333333333,0.04814814814814815
7,0.43385416666666665,0.23703703703703705,0.034375,0.044444444444444446
7,0.43802083333333336,0.22361111111111112,0.03854166666666667,0.04351851851851852
7,0.4393229166666667,0.20925925925925926,0.0390625,0.04259259259259259
8,0.4518229166666667,0.19675925925925927,0.027604166666666666,0.04537037037037037
8,0.47708333333333336,0.2310185185185185,0.023958333333333335,0.06574074074074074
8,0.4513020833333333,0.1763888888888889,0.0328125,0.041666666666666664
8,0.45703125,0.1638888888888889,0.03177083333333333,0.044444444444444446
8,0.46875,0.14814814814814814,0.027083333333333334,0.03888888888888889
7,0.46432291666666664,0.13287037037037036,0.027604166666666666,0.03611111111111111
7,0.46536458333333336,0.12314814814814815,0.0265625,0.03518518518518519
7,0.47369791666666666,0.11296296296296296,0.019270833333333334,0.027777777777777776
7,0.47317708333333336,0.10833333333333334,0.027604166666666666,0.037037037037037035
7,0.4825520833333333,0.10138888888888889,0.025520833333333333,0.032407407407407406
7,0.47734375,0.09490740740740741,0.025520833333333333,0.03611111111111111
8,0.48411458333333335,0.08703703703703704,0.024479166666666666,0.03333333333333333
7,0.48515625,0.08055555555555556,0.021354166666666667,0.03333333333333333
7,0.4825520833333333,0.07314814814814814,0.0265625,0.03333333333333333
8,0.4861979166666667,0.06944444444444445,0.028645833333333332,0.03518518518518519
8,0.4895833333333333,0.06435185185185185,0.028125,0.03981481481481482
8,0.490625,0.056018518518518516,0.025,0.032407407407407406
8,0.49192708333333335,0.05324074074074074,0.0234375,0.032407407407407406
8,0.51171875,0.0587962962962963,0.011979166666666667,0.030555555555555555
8,0.5333333333333333,0.0787037037037037,0.0125,0.037037037037037035
8,0.49192708333333335,0.041666666666666664,0.0234375,0.025925925925925925
7,0.5033854166666667,0.038425925925925926,0.0203125,0.025
2,0.5078125,0.03888888888888889,0.00625,0.016666666666666666
7,0.496875,0.03425925925925926,0.023958333333333335,0.025925925925925925
7,0.49895833333333334,0.022222222222222223,0.021875,0.03148148148148148
8,0.5041666666666667,0.011111111111111112,0.019791666666666666,0.022222222222222223
1,0.51953125,0.010648148148148148,0.0046875,0.017592592592592594
7,0.5177083333333333,0.024537037037037038,0.008333333333333333,0.017592592592592594
4,0.5317708333333333,0.017592592592592594,0.016666666666666666,0.02962962962962963
8,0.5427083333333333,0.026851851851851852,0.011458333333333333,0.03518518518518519
8,0.5541666666666667,0.03518518518518519,0.010416666666666666,0.03148148148148148
8,0.565625,0.03796296296296296,0.011458333333333333,0.02962962962962963
1,0.5661458333333333,0.022685185185185187,0.004166666666666667,0.01574074074074074
1,0.5700520833333333,0.027314814814814816,0.0046875,0.021296296296296296
1,0.56796875,0.016203703703703703,0.0036458333333333334,0.021296296296296296
1,0.5669270833333333,0.013425925925925926,0.005729166666666666,0.023148148148148147
1,0.5013020833333334,0.08657407407407407,0.005729166666666666,0.032407407407407406
1,0.4981770833333333,0.08101851851851852,0.0046875,0.030555555555555555
2,0.5184895833333333,0.07962962962962963,0.005729166666666666,0.025925925925925925
10,0.51875,0.08518518518518518,0.008333333333333333,0.025925925925925925
10,0.5471354166666667,0.07731481481481481,0.0067708333333333336,0.023148148148148147
10,0.5578125,0.09675925925925925,0.00625,0.023148148148148147
10,0.5565104166666667,0.07685185185185185,0.0078125,0.022222222222222223
2,0.5471354166666667,0.07407407407407407,0.005729166666666666,0.024074074074074074
2,0.5557291666666667,0.07222222222222222,0.00625,0.024074074074074074
2,0.5572916666666666,0.09166666666666666,0.005208333333333333,0.024074074074074074
2,0.4984375,0.13055555555555556,0.007291666666666667,0.025925925925925925
2,0.5450520833333333,0.1837962962962963,0.0078125,0.03611111111111111
2,0.50625,0.20277777777777778,0.009375,0.02962962962962963
2,0.5380208333333333,0.2689814814814815,0.010416666666666666,0.03425925925925926
10,0.4981770833333333,0.13703703703703704,0.008854166666666666,0.024074074074074074
10,0.5453125,0.18888888888888888,0.013541666666666667,0.027777777777777776
10,0.5059895833333333,0.21296296296296297,0.008854166666666666,0.02962962962962963
10,0.5390625,0.27546296296296297,0.013541666666666667,0.03611111111111111
1,0.4515625,0.13564814814814816,0.004166666666666667,0.030555555555555555
1,0.4479166666666667,0.14814814814814814,0.00625,0.03148148148148148
1,0.44296875,0.14444444444444443,0.005729166666666666,0.02962962962962963
1,0.4427083333333333,0.13935185185185187,0.00625,0.028703703703703703
1,0.43723958333333335,0.1388888888888889,0.0067708333333333336,0.03333333333333333
1,0.43385416666666665,0.17685185185185184,0.009375,0.03518518518518519
1,0.42994791666666665,0.175,0.0078125,0.03333333333333333
1,0.4328125,0.1648148148148148,0.007291666666666667,0.02962962962962963
1,0.43020833333333336,0.15787037037037038,0.00625,0.026851851851851852
0,0.42682291666666666,0.14074074074074075,0.009895833333333333,0.027777777777777776
0,0.4197916666666667,0.17731481481481481,0.010416666666666666,0.026851851851851852
2,0.4041666666666667,0.5087962962962963,0.010416666666666666,0.03796296296296296
2,0.4046875,0.5041666666666667,0.015625,0.04351851851851852
2,0.409375,0.49953703703703706,0.0125,0.032407407407407406
2,0.4356770833333333,0.5898148148148148,0.0203125,0.05185185185185185
2,0.46953125,0.4708333333333333,0.0109375,0.041666666666666664
2,0.4986979166666667,0.4685185185185185,0.015104166666666667,0.037037037037037035
10,0.40598958333333335,0.513425925925926,0.019270833333333334,0.058333333333333334
10,0.4700520833333333,0.4787037037037037,0.015104166666666667,0.04814814814814815
10,0.4984375,0.47685185185185186,0.015625,0.05185185185185185
10,0.43776041666666665,0.6013888888888889,0.018229166666666668,0.05648148148148148
2,0.45859375,0.7703703703703704,0.0171875,0.05740740740740741
10,0.45989583333333334,0.7782407407407408,0.017708333333333333,0.07314814814814814
8,0.5635416666666667,0.7870370370370371,0.08645833333333333,0.1111111111111111
10,0.6911458333333333,0.9587962962962963,0.020833333333333332,0.07685185185185185
8,0.5533854166666666,0.9666666666666667,0.0859375,0.06111111111111111
10,0.9708333333333333,0.8143518518518519,0.04375,0.09351851851851851
10,0.9208333333333333,0.7537037037037037,0.052083333333333336,0.05925925925925926
10,0.9645833333333333,0.7532407407407408,0.03333333333333333,0.09351851851851851
10,0.9140625,0.6925925925925925,0.04479166666666667,0.04814814814814815
10,0.9049479166666666,0.6356481481481482,0.0328125,0.05277777777777778
10,0.8486979166666667,0.5097222222222222,0.033854166666666664,0.041666666666666664
10,0.8341145833333333,0.42916666666666664,0.03697916666666667,0.04351851851851852
3,0.678125,0.6138888888888889,0.027083333333333334,0.06296296296296296
1,0.7328125,0.6175925925925926,0.013541666666666667,0.06666666666666667
1,0.71640625,0.5944444444444444,0.0140625,0.06296296296296296
1,0.64453125,0.6152777777777778,0.013020833333333334,0.04351851851851852
1,0.6171875,0.4726851851851852,0.013541666666666667,0.058333333333333334
1,0.6515625,0.4462962962962963,0.0125,0.05740740740740741
1,0.6994791666666667,0.4476851851851852,0.017708333333333333,0.04722222222222222
1,0.6286458333333333,0.4925925925925926,0.010416666666666666,0.040740740740740744
1,0.6442708333333333,0.5009259259259259,0.013541666666666667,0.06111111111111111
1,0.6158854166666666,0.5509259259259259,0.016145833333333335,0.06111111111111111
1,0.6098958333333333,0.6018518518518519,0.020833333333333332,0.05925925925925926
1,0.65703125,0.5736111111111111,0.011979166666666667,0.06759259259259259
1,0.6489583333333333,0.5564814814814815,0.0125,0.06296296296296296
2,0.6598958333333333,0.5300925925925926,0.008333333333333333,0.028703703703703703
1,0.6635416666666667,0.5435185185185185,0.011458333333333333,0.053703703703703705
1,0.65859375,0.5231481481481481,0.013020833333333334,0.05925925925925926
1,0.6588541666666666,0.5060185185185185,0.0125,0.06018518518518518
1,0.66640625,0.5314814814814814,0.011979166666666667,0.05925925925925926
1,0.6692708333333334,0.5203703703703704,0.0125,0.06296296296296296
1,0.6692708333333334,0.5152777777777777,0.013541666666666667,0.0712962962962963
1,0.6833333333333333,0.5337962962962963,0.014583333333333334,0.06018518518518518
1,0.6828125,0.5,0.014583333333333334,0.05925925925925926
1,0.69609375,0.512962962962963,0.015104166666666667,0.053703703703703705
2,0.6908854166666667,0.5472222222222223,0.0203125,0.053703703703703705
2,0.6903645833333333,0.5537037037037037,0.009895833333333333,0.03333333333333333
10,0.6895833333333333,0.5592592592592592,0.020833333333333332,0.05740740740740741
3,0.67890625,0.6143518518518518,0.0265625,0.06388888888888888
2,0.6723958333333333,0.3435185185185185,0.013541666666666667,0.03518518518518519
1,0.67421875,0.3055555555555556,0.011979166666666667,0.044444444444444446
1,0.64921875,0.300462962962963,0.0109375,0.04351851851851852
7,0.65625,0.28935185185185186,0.042708333333333334,0.05092592592592592
10,0.64375,0.2337962962962963,0.022916666666666665,0.021296296296296296
4,0.5565104166666667,0.6069444444444444,0.11197916666666667,0.10833333333333334
8,0.5690104166666666,0.5203703703703704,0.0515625,0.07592592592592592
8,0.5671875,0.4666666666666667,0.052083333333333336,0.06481481481481481
8,0.5690104166666666,0.41759259259259257,0.0515625,0.06296296296296296
10,0.56328125,0.3962962962962963,0.03177083333333333,0.02962962962962963
7,0.56953125,0.3819444444444444,0.03697916666666667,0.03796296296296296
7,0.5674479166666667,0.3638888888888889,0.04114583333333333,0.037037037037037035
8,0.5729166666666666,0.3375,0.04583333333333333,0.05277777777777778
7,0.5770833333333333,0.2986111111111111,0.04895833333333333,0.05277777777777778
8,0.571875,0.26342592592592595,0.040625,0.04722222222222222
8,0.5802083333333333,0.22870370370370371,0.034375,0.046296296296296294
1,0.5885416666666666,0.26666666666666666,0.007291666666666667,0.03518518518518519
7,0.5815104166666667,0.19814814814814816,0.03697916666666667,0.044444444444444446
8,0.5807291666666666,0.1787037037037037,0.028125,0.040740740740740744
8,0.5848958333333333,0.15601851851851853,0.03125,0.03425925925925926
8,0.5861979166666667,0.1337962962962963,0.0359375,0.026851851851851852
8,0.5861979166666667,0.12962962962962962,0.030729166666666665,0.03518518518518519
8,0.5880208333333333,0.11898148148148148,0.030208333333333334,0.032407407407407406
8,0.5875,0.11018518518518519,0.03125,0.02962962962962963
8,0.584375,0.10462962962962963,0.028125,0.03148148148148148
1,0.5697916666666667,0.09398148148148149,0.00625,0.028703703703703703
1,0.578125,0.0824074074074074,0.005208333333333333,0.027777777777777776
8,0.5838541666666667,0.07546296296296297,0.022916666666666665,0.028703703703703703
1,0.5921875,0.08472222222222223,0.00625,0.021296296296296296
1,0.5869791666666667,0.08703703703703704,0.005208333333333333,0.018518518518518517
2,0.58203125,0.09027777777777778,0.005729166666666666,0.017592592592592594
8,0.5875,0.08935185185185185,0.022916666666666665,0.023148148148148147
1,0.5747395833333333,0.040740740740740744,0.0067708333333333336,0.027777777777777776
0,0.5830729166666667,0.03425925925925926,0.0234375,0.06481481481481481
