4,0.27708333333333335,0.6268518518518519,0.020833333333333332,0.06111111111111111
4,0.29583333333333334,0.5657407407407408,0.029166666666666667,0.05185185185185185
4,0.46588541666666666,0.5328703703703703,0.034895833333333334,0.032407407407407406
4,0.21328125,0.25555555555555554,0.013020833333333334,0.03518518518518519
4,0.14635416666666667,0.14814814814814814,0.010416666666666666,0.024074074074074074
4,0.15442708333333333,0.08009259259259259,0.008854166666666666,0.023148148148148147
4,0.12057291666666667,0.04675925925925926,0.0078125,0.023148148148148147
4,0.14973958333333334,0.03611111111111111,0.009895833333333333,0.022222222222222223
4,0.15234375,0.059722222222222225,0.0078125,0.021296296296296296
4,0.3765625,0.5782407407407407,0.036458333333333336,0.03425925925925926
4,0.6088541666666667,0.42083333333333334,0.03125,0.030555555555555555
4,0.6473958333333333,0.3976851851851852,0.03125,0.026851851851851852
4,0.5533854166666666,0.48194444444444445,0.03177083333333333,0.028703703703703703
4,0.5057291666666667,0.5439814814814815,0.03125,0.030555555555555555
4,0.46979166666666666,0.5648148148148148,0.03333333333333333,0.03333333333333333
4,0.7161458333333334,0.4134259259259259,0.026041666666666668,0.032407407407407406
4,0.17916666666666667,0.008796296296296297,0.0125,0.017592592592592594
5,0.19609375,0.2074074074074074,0.013020833333333334,0.03888888888888889
5,0.2265625,0.21435185185185185,0.0125,0.03425925925925926
5,0.18359375,0.13935185185185187,0.011979166666666667,0.030555555555555555
5,0.12317708333333334,0.07314814814814814,0.008854166666666666,0.024074074074074074
5,0.67734375,0.3787037037037037,0.030729166666666665,0.03148148148148148
5,0.6291666666666667,0.4361111111111111,0.03229166666666667,0.03518518518518519
5,0.5671875,0.4476851851851852,0.03125,0.032407407407407406
5,0.54453125,0.5212962962962963,0.03697916666666667,0.03518518518518519
5,0.6135416666666667,0.47824074074074074,0.029166666666666667,0.030555555555555555
5,0.7213541666666666,0.3476851851851852,0.015625,0.028703703703703703
5,0.14270833333333333,0.11296296296296296,0.009375,0.024074074074074074
5,0.12838541666666667,0.15324074074074073,0.008854166666666666,0.019444444444444445
4,0.1390625,0.08101851851851852,0.008333333333333333,0.021296296296296296
11,0.13489583333333333,0.04351851851851852,0.014583333333333334,0.03518518518518519
4,0.26536458333333335,0.4537037037037037,0.0171875,0.046296296296296294
4,0.2484375,0.3384259259259259,0.014583333333333334,0.03796296296296296
1,0.62109375,0.6726851851851852,0.0078125,0.025
1,0.5864583333333333,0.6268518518518519,0.004166666666666667,0.016666666666666666
