4,0.07057291666666667,0.8935185185185185,0.14114583333333333,0.1259259259259259
4,0.0734375,0.7675925925925926,0.14479166666666668,0.10925925925925926
4,0.5127604166666667,0.9254629629629629,0.15885416666666666,0.08055555555555556
4,0.48984375,0.825925925925926,0.13697916666666668,0.11481481481481481
3,0.53515625,0.7476851851851852,0.025520833333333333,0.0712962962962963
1,0.665625,0.7134259259259259,0.01875,0.06388888888888888
1,0.5828125,0.5634259259259259,0.020833333333333332,0.058333333333333334
1,0.5604166666666667,0.5694444444444444,0.013541666666666667,0.06296296296296296
1,0.5153645833333333,0.48703703703703705,0.0140625,0.05555555555555555
1,0.5078125,0.38842592592592595,0.015625,0.04351851851851852
1,0.29609375,0.6444444444444445,0.0171875,0.06666666666666667
1,0.2760416666666667,0.6018518518518519,0.01875,0.05740740740740741
1,0.26666666666666666,0.5328703703703703,0.014583333333333334,0.05462962962962963
1,0.3390625,0.3925925925925926,0.008333333333333333,0.044444444444444446
1,0.315625,0.5981481481481481,0.010416666666666666,0.05740740740740741
1,0.340625,0.6337962962962963,0.017708333333333333,0.058333333333333334
5,0.47630208333333335,0.6375,0.1046875,0.09537037037037037
4,0.44479166666666664,0.5652777777777778,0.09583333333333334,0.09351851851851851
4,0.18229166666666666,0.5601851851851852,0.05416666666666667,0.12037037037037036
4,0.128125,0.5518518518518518,0.07604166666666666,0.12777777777777777
4,0.08671875,0.5462962962962963,0.07447916666666667,0.11481481481481481
4,0.019270833333333334,0.5185185185185185,0.03854166666666667,0.08518518518518518
4,0.10390625,0.34074074074074073,0.058854166666666666,0.03888888888888889
4,0.24713541666666666,0.34444444444444444,0.0640625,0.04259259259259259
4,0.62109375,0.2708333333333333,0.04635416666666667,0.03611111111111111
4,0.5901041666666667,0.3,0.053125,0.03888888888888889
4,0.39869791666666665,0.2953703703703704,0.05572916666666667,0.044444444444444446
4,0.36744791666666665,0.3398148148148148,0.06197916666666667,0.04814814814814815
1,0.2828125,0.3921296296296296,0.008333333333333333,0.03796296296296296
3,0.24348958333333334,0.40879629629629627,0.0203125,0.03611111111111111
1,0.16614583333333333,0.4083333333333333,0.010416666666666666,0.040740740740740744
1,0.023697916666666666,0.4134259259259259,0.022395833333333334,0.04537037037037037
1,0.12994791666666666,0.41203703703703703,0.0140625,0.044444444444444446
3,0.14401041666666667,0.40879629629629627,0.0234375,0.028703703703703703
1,0.19739583333333333,0.39537037037037037,0.009375,0.04259259259259259
1,0.27057291666666666,0.2851851851851852,0.008854166666666666,0.02962962962962963
3,0.06171875,0.40370370370370373,0.0234375,0.03333333333333333
3,0.05807291666666667,0.44166666666666665,0.0296875,0.022222222222222223
3,0.05416666666666667,0.4,0.027083333333333334,0.025925925925925925
10,0.11640625,0.4064814814814815,0.013020833333333334,0.03518518518518519
3,0.2125,0.4050925925925926,0.026041666666666668,0.026851851851851852
3,0.21536458333333333,0.37962962962962965,0.0171875,0.018518518518518517
1,0.21302083333333333,0.37175925925925923,0.010416666666666666,0.028703703703703703
1,0.20911458333333333,0.387037037037037,0.0078125,0.03888888888888889
10,0.22005208333333334,0.44583333333333336,0.025520833333333333,0.019444444444444445
10,0.21614583333333334,0.4263888888888889,0.026041666666666668,0.01574074074074074
2,0.21901041666666668,0.4351851851851852,0.008854166666666666,0.025925925925925925
1,0.28671875,0.37407407407407406,0.011979166666666667,0.040740740740740744
1,0.30885416666666665,0.36527777777777776,0.009375,0.03611111111111111
1,0.34322916666666664,0.31296296296296294,0.009375,0.03518518518518519
1,0.39479166666666665,0.21435185185185185,0.008333333333333333,0.030555555555555555
1,0.4010416666666667,0.21666666666666667,0.007291666666666667,0.027777777777777776
4,0.31744791666666666,0.25972222222222224,0.03177083333333333,0.028703703703703703
4,0.27890625,0.1884259259259259,0.028645833333333332,0.025
4,0.26666666666666666,0.17083333333333334,0.016666666666666666,0.03611111111111111
4,0.11458333333333333,0.21342592592592594,0.04479166666666667,0.025
5,0.21302083333333333,0.20092592592592592,0.042708333333333334,0.03888888888888889
4,0.32317708333333334,0.19212962962962962,0.024479166666666666,0.026851851851851852
4,0.33619791666666665,0.17083333333333334,0.019270833333333334,0.025
4,0.35260416666666666,0.16527777777777777,0.015625,0.025
4,0.39010416666666664,0.19814814814814816,0.03125,0.025925925925925925
1,0.3625,0.17962962962962964,0.003125,0.022222222222222223
1,0.37604166666666666,0.19074074074074074,0.00625,0.022222222222222223
1,0.4122395833333333,0.1388888888888889,0.0036458333333333334,0.018518518518518517
1,0.40677083333333336,0.14305555555555555,0.003125,0.019444444444444445
1,0.4114583333333333,0.1550925925925926,0.004166666666666667,0.021296296296296296
1,0.40651041666666665,0.12361111111111112,0.0036458333333333334,0.008333333333333333
4,0.3888020833333333,0.17222222222222222,0.0265625,0.025925925925925925
4,0.39088541666666665,0.14814814814814814,0.024479166666666666,0.018518518518518517
4,0.3763020833333333,0.16574074074074074,0.0203125,0.020370370370370372
4,0.38515625,0.15833333333333333,0.0203125,0.018518518518518517
4,0.4359375,0.16342592592592592,0.0125,0.023148148148148147
4,0.4388020833333333,0.14907407407407408,0.016145833333333335,0.020370370370370372
4,0.3932291666666667,0.1439814814814815,0.026041666666666668,0.021296296296296296
4,0.39010416666666664,0.1337962962962963,0.026041666666666668,0.019444444444444445
4,0.3927083333333333,0.12546296296296297,0.023958333333333335,0.01574074074074074
4,0.39348958333333334,0.12222222222222222,0.0234375,0.020370370370370372
4,0.3921875,0.11388888888888889,0.022916666666666665,0.016666666666666666
4,0.4122395833333333,0.10092592592592593,0.021354166666666667,0.016666666666666666
4,0.41328125,0.09074074074074075,0.021354166666666667,0.014814814814814815
4,0.41302083333333334,0.08518518518518518,0.01875,0.014814814814814815
4,0.4122395833333333,0.08194444444444444,0.0203125,0.019444444444444445
4,0.4080729166666667,0.07037037037037037,0.016145833333333335,0.014814814814814815
4,0.40572916666666664,0.05462962962962963,0.007291666666666667,0.012962962962962963
4,0.43203125,0.11805555555555555,0.0140625,0.019444444444444445
4,0.4765625,0.14629629629629629,0.013541666666666667,0.018518518518518517
4,0.43515625,0.18703703703703703,0.03177083333333333,0.022222222222222223
6,0.5830729166666667,0.2439814814814815,0.049479166666666664,0.04351851851851852
5,0.5705729166666667,0.21342592592592594,0.028645833333333332,0.03425925925925926
5,0.6041666666666666,0.21064814814814814,0.025,0.030555555555555555
5,0.49296875,0.16898148148148148,0.022395833333333334,0.05277777777777778
0,0.42213541666666665,0.13935185185185187,0.0067708333333333336,0.025
1,0.4231770833333333,0.12129629629629629,0.0046875,0.016666666666666666
1,0.41796875,0.13055555555555556,0.0036458333333333334,0.014814814814814815
1,0.4161458333333333,0.12962962962962962,0.004166666666666667,0.014814814814814815
1,0.5869791666666667,0.1986111111111111,0.00625,0.023148148148148147
1,0.6184895833333334,0.19768518518518519,0.005729166666666666,0.01574074074074074
9,0.5677083333333334,0.1175925925925926,0.03854166666666667,0.046296296296296294
9,0.48854166666666665,0.05416666666666667,0.01875,0.013888888888888888
10,0.5596354166666667,0.1824074074074074,0.005729166666666666,0.014814814814814815
2,0.56015625,0.17546296296296296,0.005729166666666666,0.010185185185185186
0,0.6934895833333333,0.17685185185185184,0.021354166666666667,0.024074074074074074
