0,0.69140625,0.3819444444444444,0.008854166666666666,0.010185185185185186
0,0.68359375,0.3925925925925926,0.008854166666666666,0.012962962962962963
0,0.6763020833333333,0.4023148148148148,0.0171875,0.008333333333333333
4,0.6729166666666667,0.41574074074074074,0.004166666666666667,0.005555555555555556
4,0.6674479166666667,0.45046296296296295,0.005729166666666666,0.008333333333333333
4,0.6643229166666667,0.462037037037037,0.005729166666666666,0.009259259259259259
4,0.6333333333333333,0.4564814814814815,0.00625,0.009259259259259259
4,0.6005208333333333,0.4847222222222222,0.008333333333333333,0.010185185185185186
4,0.63046875,0.47175925925925927,0.0067708333333333336,0.010185185185185186
4,0.64921875,0.4791666666666667,0.0067708333333333336,0.008333333333333333
4,0.6583333333333333,0.4898148148148148,0.007291666666666667,0.009259259259259259
5,0.7013020833333333,0.5046296296296297,0.0109375,0.014814814814814815
4,0.6971354166666667,0.4847222222222222,0.0067708333333333336,0.012037037037037037
4,0.5802083333333333,0.5310185185185186,0.013541666666666667,0.012037037037037037
5,0.45807291666666666,0.6583333333333333,0.0203125,0.03518518518518519
4,0.41848958333333336,0.6532407407407408,0.022395833333333334,0.028703703703703703
1,0.4315104166666667,0.6259259259259259,0.0046875,0.018518518518518517
1,0.4348958333333333,0.624537037037037,0.003125,0.017592592592592594
2,0.4375,0.6268518518518519,0.003125,0.009259259259259259
4,0.37083333333333335,0.7587962962962963,0.03229166666666667,0.03981481481481482
10,0.27421875,0.8138888888888889,0.013020833333333334,0.024074074074074074
2,0.27395833333333336,0.8060185185185185,0.009375,0.026851851851851852
4,0.096875,1.0819444444444444,0.08125,0.10648148148148148
8,0.67421875,0.6342592592592593,0.0171875,0.022222222222222223
1,0.6768229166666667,0.6138888888888889,0.0036458333333333334,0.020370370370370372
4,0.7505208333333333,0.5439814814814815,0.022916666666666665,0.017592592592592594
4,0.8096354166666667,0.55,0.0265625,0.014814814814814815
4,0.8466145833333333,0.5532407407407407,0.024479166666666666,0.01574074074074074
4,0.87890625,0.5555555555555556,0.0265625,0.014814814814814815
4,0.9145833333333333,0.5574074074074075,0.029166666666666667,0.016666666666666666
4,0.9971354166666667,0.5819444444444445,0.019270833333333334,0.01574074074074074
6,1.00859375,0.5416666666666666,0.028645833333333332,0.027777777777777776
1,0.7677083333333333,0.6180555555555556,0.004166666666666667,0.021296296296296296
1,0.8234375,0.6087962962962963,0.004166666666666667,0.01574074074074074
1,0.8653645833333333,0.5837962962962963,0.0026041666666666665,0.017592592592592594
1,0.8419270833333333,0.6782407407407407,0.0036458333333333334,0.01574074074074074
2,0.8494791666666667,0.6189814814814815,0.008333333333333333,0.010185185185185186
2,0.8296875,0.6111111111111112,0.004166666666666667,0.012962962962962963
2,0.8322916666666667,0.6134259259259259,0.005208333333333333,0.012037037037037037
2,0.8338541666666667,0.6143518518518518,0.005208333333333333,0.013888888888888888
2,0.85078125,0.600462962962963,0.0026041666666666665,0.012037037037037037
2,0.8260416666666667,0.6296296296296297,0.004166666666666667,0.011111111111111112
2,0.8927083333333333,0.913425925925926,0.008333333333333333,0.019444444444444445
1,0.8786458333333333,0.888425925925926,0.010416666666666666,0.03611111111111111
2,0.8544270833333333,0.7388888888888889,0.0078125,0.016666666666666666
4,1.01796875,0.8083333333333333,0.04739583333333333,0.03518518518518519
4,0.9403645833333333,0.9398148148148148,0.0546875,0.05925925925925926
4,0.84921875,0.875462962962963,0.0578125,0.04537037037037037
4,0.8440104166666667,0.8263888888888888,0.050520833333333334,0.05277777777777778
6,0.5515625,0.49907407407407406,0.01875,0.014814814814814815
4,0.5666666666666667,0.4912037037037037,0.011458333333333333,0.010185185185185186
4,0.5731770833333333,0.4837962962962963,0.008854166666666666,0.008333333333333333
4,0.6375,0.4375,0.00625,0.012037037037037037
4,0.6109375,0.4615740740740741,0.007291666666666667,0.012037037037037037
4,0.6440104166666667,0.42916666666666664,0.0067708333333333336,0.006481481481481481
4,0.6458333333333334,0.42453703703703705,0.005208333333333333,0.006481481481481481
4,0.64921875,0.4212962962962963,0.0036458333333333334,0.009259259259259259
4,0.6533854166666667,0.41759259259259257,0.0036458333333333334,0.007407407407407408
0,0.6606770833333333,0.4097222222222222,0.009895833333333333,0.01574074074074074
0,0.6244791666666667,0.4486111111111111,0.008333333333333333,0.012037037037037037
