1,0.5958333333333333,1.339351851851852,0.010416666666666666,0.025
4,0.6903645833333333,1.3166666666666667,0.07864583333333333,0.08703703703703704
5,0.6520833333333333,1.238888888888889,0.06770833333333333,0.07592592592592592
3,0.6729166666666667,1.1166666666666667,0.023958333333333335,0.025925925925925925
10,0.6700520833333333,1.0958333333333334,0.024479166666666666,0.025
4,0.609375,1.0675925925925926,0.059375,0.07407407407407407
4,0.59375,1.0023148148148149,0.057291666666666664,0.06574074074074074
4,0.5505208333333333,0.8546296296296296,0.05625,0.05925925925925926
4,0.5786458333333333,0.7555555555555555,0.051041666666666666,0.053703703703703705
1,0.47109375,1.1375,0.0109375,0.028703703703703703
1,0.46041666666666664,1.1254629629629629,0.008333333333333333,0.032407407407407406
4,0.10546875,1.1245370370370371,0.06197916666666667,0.0787037037037037
4,0.28671875,0.8777777777777778,0.05364583333333333,0.06111111111111111
4,0.029947916666666668,0.8671296296296296,0.059895833333333336,0.08055555555555556
6,0.029166666666666667,0.7611111111111111,0.058333333333333334,0.12037037037037036
4,0.16848958333333333,0.7407407407407407,0.05364583333333333,0.06851851851851852
2,0.07526041666666666,0.6597222222222222,0.0109375,0.021296296296296296
1,0.09791666666666667,0.6560185185185186,0.009375,0.026851851851851852
1,0.10729166666666666,0.6412037037037037,0.011458333333333333,0.025
2,0.08828125,0.65,0.0109375,0.027777777777777776
4,0.134375,0.637962962962963,0.046875,0.05555555555555555
4,0.23177083333333334,0.5949074074074074,0.041666666666666664,0.049074074074074076
2,0.25859375,0.42962962962962964,0.0067708333333333336,0.018518518518518517
4,0.2953125,0.4462962962962963,0.030208333333333334,0.040740740740740744
1,0.1484375,0.4439814814814815,0.00625,0.025
1,0.16614583333333333,0.2847222222222222,0.004166666666666667,0.017592592592592594
1,0.17838541666666666,0.2824074074074074,0.0046875,0.018518518518518517
1,0.20260416666666667,0.2824074074074074,0.00625,0.016666666666666666
11,0.1875,0.2875,0.025,0.062037037037037036
11,0.2638020833333333,0.31203703703703706,0.04114583333333333,0.05925925925925926
6,0.2833333333333333,0.2652777777777778,0.016666666666666666,0.03796296296296296
11,0.30234375,0.2518518518518518,0.04739583333333333,0.09259259259259259
4,0.44088541666666664,0.7620370370370371,0.049479166666666664,0.05555555555555555
4,0.4705729166666667,0.7041666666666667,0.04739583333333333,0.049074074074074076
4,0.5036458333333333,0.6263888888888889,0.042708333333333334,0.03981481481481482
4,0.5119791666666667,0.5935185185185186,0.042708333333333334,0.04259259259259259
4,0.5528645833333333,0.5162037037037037,0.04114583333333333,0.03796296296296296
4,0.56953125,0.47638888888888886,0.03697916666666667,0.03981481481481482
4,0.58515625,0.42916666666666664,0.0359375,0.032407407407407406
4,0.6080729166666666,0.37453703703703706,0.03177083333333333,0.028703703703703703
4,0.6239583333333333,0.3398148148148148,0.03125,0.02962962962962963
11,0.4375,0.1087962962962963,0.019791666666666666,0.03981481481481482
4,0.36666666666666664,0.4888888888888889,0.028125,0.037037037037037035
5,0.4283854166666667,0.38287037037037036,0.0453125,0.06944444444444445
6,0.48385416666666664,0.3175925925925926,0.030208333333333334,0.040740740740740744
6,0.4309895833333333,0.27546296296296297,0.0640625,0.09351851851851851
4,0.5533854166666666,0.21851851851851853,0.009895833333333333,0.016666666666666666
1,0.47682291666666665,0.13425925925925927,0.0036458333333333334,0.016666666666666666
4,0.5252604166666667,0.17314814814814813,0.0140625,0.020370370370370372
4,0.5286458333333334,0.1287037037037037,0.017708333333333333,0.018518518518518517
1,0.5544270833333333,0.12129629629629629,0.0026041666666666665,0.012962962962962963
1,0.5494791666666666,0.12175925925925926,0.003125,0.013888888888888888
2,0.540625,0.11712962962962963,0.003125,0.012037037037037037
3,0.5401041666666667,0.11944444444444445,0.007291666666666667,0.009259259259259259
5,0.5450520833333333,0.11342592592592593,0.0140625,0.017592592592592594
4,0.659375,0.48842592592592593,0.042708333333333334,0.04351851851851852
4,0.66328125,0.4675925925925926,0.034895833333333334,0.03333333333333333
4,0.6807291666666667,0.41388888888888886,0.035416666666666666,0.03333333333333333
4,0.6958333333333333,0.1726851851851852,0.020833333333333332,0.019444444444444445
5,0.73671875,0.22916666666666666,0.018229166666666668,0.019444444444444445
4,0.7453125,0.20416666666666666,0.023958333333333335,0.021296296296296296
4,0.7463541666666667,0.19583333333333333,0.01875,0.01574074074074074
5,0.7494791666666667,0.18981481481481483,0.01875,0.018518518518518517
4,0.75,0.17962962962962964,0.019791666666666666,0.014814814814814815
4,0.7609375,0.13564814814814816,0.021875,0.01574074074074074
4,0.7635416666666667,0.125,0.01875,0.014814814814814815
4,0.7671875,0.11990740740740741,0.014583333333333334,0.013888888888888888
5,0.71953125,0.1125,0.0109375,0.026851851851851852
4,0.7244791666666667,0.10694444444444444,0.01875,0.01574074074074074
1,0.73515625,0.08981481481481482,0.0036458333333333334,0.012962962962962963
5,0.7244791666666667,0.09490740740740741,0.016666666666666666,0.01574074074074074
4,0.7268229166666667,0.08472222222222223,0.015104166666666667,0.012037037037037037
4,0.76640625,0.10787037037037037,0.0203125,0.01574074074074074
4,0.7682291666666666,0.10185185185185185,0.01875,0.011111111111111112
4,0.7703125,0.08981481481481482,0.017708333333333333,0.014814814814814815
4,0.7677083333333333,0.07916666666666666,0.01875,0.013888888888888888
4,0.7705729166666667,0.07175925925925926,0.011979166666666667,0.010185185185185186
4,0.7690104166666667,0.06851851851851852,0.0171875,0.011111111111111112
4,0.7317708333333334,0.04398148148148148,0.014583333333333334,0.012037037037037037
4,0.73046875,0.014351851851851852,0.015104166666666667,0.013888888888888888
5,0.7294270833333333,0.006944444444444444,0.015104166666666667,0.013888888888888888
1,0.7778645833333333,0.03287037037037037,0.0026041666666666665,0.012037037037037037
5,0.7856770833333333,0.03009259259259259,0.0140625,0.017592592592592594
4,0.7651041666666667,0.030555555555555555,0.0125,0.011111111111111112
4,0.7666666666666667,0.026851851851851852,0.014583333333333334,0.011111111111111112
4,0.7625,0.011574074074074073,0.0125,0.010185185185185186
4,0.7619791666666667,0.009259259259259259,0.014583333333333334,0.011111111111111112
4,0.7638020833333333,0.008333333333333333,0.0140625,0.009259259259259259
5,0.7658854166666667,0.005092592592592593,0.011979166666666667,0.010185185185185186
