1,0.21197916666666666,0.41574074074074074,0.020833333333333332,0.07592592592592592
1,0.4421875,0.6875,0.021875,0.08425925925925926
1,0.5268229166666667,0.9356481481481481,0.04010416666666667,0.07314814814814814
1,0.6307291666666667,0.4634259259259259,0.026041666666666668,0.075
1,0.6096354166666667,0.3458333333333333,0.0171875,0.06944444444444445
1,0.49270833333333336,0.36435185185185187,0.011458333333333333,0.06388888888888888
1,0.4783854166666667,0.3296296296296296,0.0078125,0.05740740740740741
1,0.48411458333333335,0.3472222222222222,0.008854166666666666,0.06296296296296296
1,0.54609375,0.2662037037037037,0.011979166666666667,0.05462962962962963
1,0.5622395833333333,0.26342592592592595,0.0078125,0.05648148148148148
1,0.57109375,0.26342592592592595,0.008854166666666666,0.05092592592592592
1,0.5833333333333334,0.287962962962963,0.007291666666666667,0.03888888888888889
1,0.58828125,0.26064814814814813,0.013020833333333334,0.05092592592592592
1,0.61171875,0.26064814814814813,0.011979166666666667,0.04722222222222222
10,0.634375,0.25555555555555554,0.013541666666666667,0.05555555555555555
1,0.63359375,0.24722222222222223,0.008854166666666666,0.037037037037037035
1,0.55234375,0.21296296296296297,0.0109375,0.044444444444444446
1,0.5692708333333333,0.21435185185185185,0.007291666666666667,0.04722222222222222
1,0.5796875,0.20694444444444443,0.010416666666666666,0.04537037037037037
1,0.5403645833333334,0.16342592592592592,0.0067708333333333336,0.04537037037037037
1,0.57265625,0.16666666666666666,0.0078125,0.040740740740740744
1,0.5755208333333334,0.1412037037037037,0.009375,0.03425925925925926
1,0.5776041666666667,0.12638888888888888,0.008333333333333333,0.041666666666666664
1,0.58515625,0.12731481481481483,0.0078125,0.03611111111111111
1,0.5877604166666667,0.1111111111111111,0.005729166666666666,0.03333333333333333
1,0.5932291666666667,0.11481481481481481,0.005208333333333333,0.025925925925925925
3,0.5190104166666667,0.18101851851851852,0.0171875,0.026851851851851852
10,0.5263020833333333,0.17037037037037037,0.0171875,0.03333333333333333
4,0.62734375,0.21064814814814814,0.03177083333333333,0.05092592592592592
4,0.6239583333333333,0.1736111111111111,0.028125,0.049074074074074076
4,0.6942708333333333,0.7722222222222223,0.06979166666666667,0.32592592592592595
4,0.29765625,0.7337962962962963,0.18177083333333333,0.18796296296296297
4,0.35911458333333335,0.6300925925925925,0.15052083333333333,0.14907407407407408
4,0.38255208333333335,0.5439814814814815,0.1421875,0.125
4,0.40546875,0.4671296296296296,0.1171875,0.09907407407407408
4,0.4166666666666667,0.40925925925925927,0.10625,0.07407407407407407
4,0.4122395833333333,0.36898148148148147,0.1046875,0.0787037037037037
4,0.45703125,0.2865740740740741,0.04739583333333333,0.05092592592592592
8,0.29140625,0.25277777777777777,0.0390625,0.03888888888888889
0,0.60859375,0.09537037037037037,0.0234375,0.027777777777777776
8,0.5049479166666667,0.3125,0.022395833333333334,0.075
5,0.42864583333333334,0.3162037037037037,0.08541666666666667,0.07314814814814814
5,0.44869791666666664,0.27037037037037037,0.0734375,0.06296296296296296
2,0.09739583333333333,0.7532407407407408,0.025,0.08425925925925926
2,0.5223958333333333,0.33287037037037037,0.013541666666666667,0.04722222222222222
1,0.47369791666666666,0.1962962962962963,0.009895833333333333,0.046296296296296294
1,0.45989583333333334,0.19074074074074074,0.00625,0.040740740740740744
