4,0.25703125,0.20833333333333334,0.028645833333333332,0.025925925925925925
4,0.2875,0.4125,0.021875,0.05648148148148148
4,0.29635416666666664,0.4875,0.021875,0.06388888888888888
4,0.30859375,0.5972222222222222,0.027604166666666666,0.08703703703703704
4,0.32317708333333334,0.44166666666666665,0.021354166666666667,0.05925925925925926
4,0.38333333333333336,0.18703703703703703,0.034375,0.025925925925925925
5,0.3182291666666667,0.04675925925925926,0.014583333333333334,0.03611111111111111
1,0.11796875,0.6578703703703703,0.0078125,0.017592592592592594
1,0.08020833333333334,0.7037037037037037,0.010416666666666666,0.020370370370370372
1,0.2,0.5087962962962963,0.007291666666666667,0.021296296296296296
1,0.2171875,0.3662037037037037,0.004166666666666667,0.021296296296296296
1,0.21875,0.3587962962962963,0.005208333333333333,0.021296296296296296
1,0.22526041666666666,0.2537037037037037,0.005729166666666666,0.016666666666666666
1,0.21041666666666667,0.25925925925925924,0.005208333333333333,0.020370370370370372
1,0.09583333333333334,0.2152777777777778,0.004166666666666667,0.013888888888888888
1,0.30364583333333334,0.13657407407407407,0.004166666666666667,0.019444444444444445
1,0.22942708333333334,0.03425925925925926,0.0036458333333333334,0.016666666666666666
1,0.32265625,0.09768518518518518,0.0046875,0.017592592592592594
1,0.3796875,0.09027777777777778,0.004166666666666667,0.017592592592592594
1,0.09557291666666666,0.21064814814814814,0.0046875,0.01574074074074074
1,0.17708333333333334,0.1912037037037037,0.004166666666666667,0.01574074074074074
1,0.20416666666666666,0.2601851851851852,0.004166666666666667,0.018518518518518517
1,0.41432291666666665,0.14212962962962963,0.0036458333333333334,0.019444444444444445
1,0.5114583333333333,0.1587962962962963,0.003125,0.01574074074074074
1,0.51328125,0.15694444444444444,0.0036458333333333334,0.01574074074074074
5,0.51484375,0.19583333333333333,0.033854166666666664,0.026851851851851852
1,0.5604166666666667,0.5652777777777778,0.007291666666666667,0.023148148148148147
1,0.5953125,0.6986111111111111,0.009375,0.025
1,0.575,0.5685185185185185,0.007291666666666667,0.027777777777777776
1,0.5653645833333333,0.5657407407407408,0.0067708333333333336,0.016666666666666666
4,0.36354166666666665,0.7083333333333334,0.022916666666666665,0.040740740740740744
4,0.31640625,0.6939814814814815,0.025520833333333333,0.06944444444444445
1,0.2,0.5055555555555555,0.005208333333333333,0.011111111111111112
11,0.20078125,0.5064814814814815,0.005729166666666666,0.016666666666666666
