2,0.4505208333333333,0.8638888888888889,0.011458333333333333,0.04814814814814815
2,0.5372395833333333,0.8356481481481481,0.0078125,0.023148148148148147
2,0.5377604166666666,0.8314814814814815,0.008854166666666666,0.03518518518518519
2,0.5221354166666666,0.7768518518518519,0.008854166666666666,0.027777777777777776
2,0.52109375,0.774537037037037,0.0067708333333333336,0.030555555555555555
10,0.5223958333333333,0.7851851851851852,0.010416666666666666,0.03888888888888889
10,0.5380208333333333,0.8393518518518519,0.011458333333333333,0.04351851851851852
7,0.4361979166666667,0.7101851851851851,0.0453125,0.04259259259259259
8,0.45208333333333334,0.6726851851851852,0.020833333333333332,0.05277777777777778
8,0.440625,0.5953703703703703,0.029166666666666667,0.040740740740740744
10,0.4427083333333333,0.5416666666666666,0.016666666666666666,0.025925925925925925
2,0.4640625,0.49722222222222223,0.00625,0.024074074074074074
10,0.4640625,0.500462962962963,0.010416666666666666,0.023148148148148147
10,0.43854166666666666,0.43657407407407406,0.011458333333333333,0.01574074074074074
10,0.44375,0.425,0.011458333333333333,0.018518518518518517
10,0.434375,0.4222222222222222,0.0125,0.016666666666666666
10,0.4244791666666667,0.4212962962962963,0.013541666666666667,0.016666666666666666
7,0.44088541666666664,0.3990740740740741,0.022395833333333334,0.024074074074074074
10,0.4395833333333333,0.3814814814814815,0.011458333333333333,0.012962962962962963
7,0.43515625,0.37453703703703706,0.019270833333333334,0.017592592592592594
5,0.4388020833333333,0.350462962962963,0.027604166666666666,0.026851851851851852
7,0.43697916666666664,0.3300925925925926,0.011458333333333333,0.01574074074074074
2,0.43697916666666664,0.32916666666666666,0.005208333333333333,0.010185185185185186
10,0.4453125,0.28935185185185186,0.010416666666666666,0.012037037037037037
11,0.46927083333333336,0.2763888888888889,0.0375,0.03611111111111111
10,0.44635416666666666,0.2763888888888889,0.010416666666666666,0.012037037037037037
10,0.4518229166666667,0.274537037037037,0.0078125,0.013888888888888888
8,0.44244791666666666,0.26296296296296295,0.0109375,0.020370370370370372
7,0.4859375,0.2587962962962963,0.007291666666666667,0.01574074074074074
10,0.48098958333333336,0.24722222222222223,0.009895833333333333,0.011111111111111112
2,0.5213541666666667,0.2611111111111111,0.005208333333333333,0.012962962962962963
11,0.52421875,0.26990740740740743,0.0140625,0.03425925925925926
2,0.52890625,0.30833333333333335,0.0036458333333333334,0.011111111111111112
11,0.5315104166666667,0.31574074074074077,0.009895833333333333,0.027777777777777776
4,0.565625,0.3768518518518518,0.017708333333333333,0.03333333333333333
10,0.6046875,0.42314814814814816,0.014583333333333334,0.025925925925925925
1,0.6575520833333334,0.4671296296296296,0.0067708333333333336,0.023148148148148147
1,0.6505208333333333,0.44212962962962965,0.00625,0.026851851851851852
2,0.63203125,0.44675925925925924,0.0078125,0.019444444444444445
10,0.6479166666666667,0.5120370370370371,0.013541666666666667,0.03333333333333333
4,0.6138020833333333,0.49444444444444446,0.0265625,0.04259259259259259
5,0.5981770833333333,0.5296296296296297,0.025520833333333333,0.04814814814814815
7,0.575,0.5101851851851852,0.011458333333333333,0.04259259259259259
11,0.5921875,0.4583333333333333,0.06354166666666666,0.06666666666666667
10,0.67265625,0.65,0.021354166666666667,0.027777777777777776
10,0.6815104166666667,0.6722222222222223,0.0109375,0.03333333333333333
10,0.6989583333333333,0.674537037037037,0.015625,0.026851851851851852
7,0.7177083333333333,0.6717592592592593,0.025,0.026851851851851852
4,0.71015625,0.7092592592592593,0.0546875,0.05925925925925926
8,0.7229166666666667,0.7694444444444445,0.034375,0.053703703703703705
8,0.46901041666666665,0.22314814814814815,0.009895833333333333,0.020370370370370372
8,0.48802083333333335,0.20092592592592592,0.007291666666666667,0.018518518518518517
4,0.5255208333333333,0.17916666666666667,0.011458333333333333,0.021296296296296296
5,0.4791666666666667,0.19212962962962962,0.009375,0.021296296296296296
4,0.4669270833333333,0.19537037037037036,0.009895833333333333,0.018518518518518517
8,0.44609375,0.19537037037037036,0.016145833333333335,0.018518518518518517
1,0.4557291666666667,0.1814814814814815,0.004166666666666667,0.011111111111111112
1,0.45078125,0.1787037037037037,0.0026041666666666665,0.012962962962962963
1,0.45364583333333336,0.17916666666666667,0.004166666666666667,0.012037037037037037
8,0.4791666666666667,0.1675925925925926,0.009375,0.018518518518518517
8,0.46901041666666665,0.17592592592592593,0.0109375,0.014814814814814815
0,0.46822916666666664,0.16157407407407406,0.010416666666666666,0.01574074074074074
7,0.45416666666666666,0.12638888888888888,0.011458333333333333,0.012037037037037037
8,0.4903645833333333,0.11388888888888889,0.005729166666666666,0.012962962962962963
7,0.5013020833333334,0.1337962962962963,0.0046875,0.013888888888888888
2,0.5026041666666666,0.1449074074074074,0.003125,0.008333333333333333
10,0.50234375,0.14675925925925926,0.0036458333333333334,0.010185185185185186
2,0.5075520833333333,0.13518518518518519,0.0036458333333333334,0.007407407407407408
7,0.5078125,0.13842592592592592,0.005208333333333333,0.010185185185185186
7,0.5403645833333334,0.2013888888888889,0.018229166666666668,0.01574074074074074
10,0.52734375,0.13472222222222222,0.0067708333333333336,0.008333333333333333
8,0.5236979166666667,0.12962962962962962,0.005729166666666666,0.014814814814814815
10,0.5091145833333334,0.11388888888888889,0.0036458333333333334,0.009259259259259259
2,0.4828125,0.11574074074074074,0.0020833333333333333,0.007407407407407408
10,0.4825520833333333,0.1175925925925926,0.0026041666666666665,0.007407407407407408
2,0.49713541666666666,0.09907407407407408,0.0026041666666666665,0.007407407407407408
10,0.4973958333333333,0.10046296296296296,0.003125,0.006481481481481481
7,0.521875,0.11527777777777778,0.004166666666666667,0.008333333333333333
1,0.4622395833333333,0.09907407407407408,0.0026041666666666665,0.011111111111111112
10,0.45703125,0.10740740740740741,0.0036458333333333334,0.009259259259259259
1,0.46822916666666664,0.09953703703703703,0.003125,0.010185185185185186
7,0.4700520833333333,0.10138888888888889,0.005729166666666666,0.008333333333333333
5,0.459375,0.08287037037037037,0.011458333333333333,0.013888888888888888
10,0.55546875,0.20972222222222223,0.0036458333333333334,0.012037037037037037
10,0.55,0.24583333333333332,0.004166666666666667,0.012037037037037037
7,0.47421875,0.053703703703703705,0.0046875,0.011111111111111112
2,0.4786458333333333,0.053703703703703705,0.0020833333333333333,0.005555555555555556
10,0.47890625,0.05555555555555555,0.0026041666666666665,0.005555555555555556
11,0.5013020833333334,0.0587962962962963,0.0046875,0.012037037037037037
2,0.48385416666666664,0.0412037037037037,0.0020833333333333333,0.004629629629629629
10,0.48385416666666664,0.04351851851851852,0.0020833333333333333,0.005555555555555556
2,0.48723958333333334,0.03425925925925926,0.0015625,0.003703703703703704
10,0.4875,0.03611111111111111,0.0020833333333333333,0.005555555555555556
5,0.50234375,0.03888888888888889,0.0078125,0.009259259259259259
5,0.50703125,0.05555555555555555,0.0067708333333333336,0.011111111111111112
8,0.8739583333333333,0.2861111111111111,0.015625,0.025925925925925925
4,0.8328125,0.2800925925925926,0.020833333333333332,0.021296296296296296
3,0.84765625,0.22824074074074074,0.005729166666666666,0.01574074074074074
10,0.8627604166666667,0.24027777777777778,0.008854166666666666,0.012037037037037037
11,0.8354166666666667,0.1884259259259259,0.017708333333333333,0.03611111111111111
7,0.7041666666666667,0.22777777777777777,0.0125,0.012962962962962963
