4,0.29973958333333334,0.2050925925925926,0.021354166666666667,0.08425925925925926
4,0.24921875,0.19583333333333333,0.04739583333333333,0.03796296296296296
4,0.3723958333333333,0.21574074074074073,0.020833333333333332,0.08148148148148149
4,0.44088541666666664,0.22083333333333333,0.0203125,0.08425925925925926
4,0.48541666666666666,0.22083333333333333,0.022916666666666665,0.07685185185185185
4,0.5203125,0.21574074074074073,0.020833333333333332,0.08148148148148149
4,0.5557291666666667,0.21805555555555556,0.022916666666666665,0.09166666666666666
4,0.40182291666666664,0.20601851851851852,0.0203125,0.08981481481481482
4,0.7057291666666666,0.2212962962962963,0.025,0.08333333333333333
4,0.12135416666666667,0.4199074074074074,0.04895833333333333,0.03611111111111111
4,0.08854166666666667,0.36342592592592593,0.04791666666666667,0.03796296296296296
4,0.0828125,0.49444444444444446,0.04583333333333333,0.044444444444444446
4,0.10286458333333333,0.6037037037037037,0.0203125,0.07962962962962963
4,0.13020833333333334,0.6027777777777777,0.022916666666666665,0.07407407407407407
4,0.16458333333333333,0.5990740740740741,0.021875,0.08333333333333333
4,0.19609375,0.6037037037037037,0.0203125,0.08148148148148149
4,0.221875,0.6041666666666666,0.022916666666666665,0.0824074074074074
4,0.25026041666666665,0.6083333333333333,0.0203125,0.08333333333333333
4,0.28098958333333335,0.6240740740740741,0.024479166666666666,0.08148148148148149
4,0.38697916666666665,0.6134259259259259,0.020833333333333332,0.08981481481481482
4,0.41640625,0.6166666666666667,0.019270833333333334,0.08148148148148149
4,0.4432291666666667,0.6055555555555555,0.019791666666666666,0.07962962962962963
4,0.4705729166666667,0.6055555555555555,0.019270833333333334,0.08333333333333333
4,0.5145833333333333,0.6157407407407407,0.020833333333333332,0.07222222222222222
4,0.54765625,0.6087962962962963,0.022395833333333334,0.07685185185185185
4,0.6072916666666667,0.6041666666666666,0.021875,0.0824074074074074
4,0.6565104166666667,0.6074074074074074,0.0203125,0.07962962962962963
4,0.6838541666666667,0.5972222222222222,0.027083333333333334,0.08148148148148149
4,0.7104166666666667,0.6060185185185185,0.023958333333333335,0.08796296296296297
5,0.6341145833333334,0.6013888888888889,0.022395833333333334,0.07314814814814814
6,0.10572916666666667,0.21388888888888888,0.041666666666666664,0.08518518518518518
4,0.07630208333333334,0.18472222222222223,0.04635416666666667,0.03611111111111111
4,0.023697916666666666,0.1925925925925926,0.04114583333333333,0.03888888888888889
4,0.055989583333333336,0.5944444444444444,0.0234375,0.07592592592592592
4,0.03046875,0.5972222222222222,0.021354166666666667,0.07962962962962963
4,0.00859375,0.5944444444444444,0.0171875,0.07222222222222222
4,0.06614583333333333,0.7013888888888888,0.023958333333333335,0.05462962962962963
4,0.09583333333333334,0.7074074074074074,0.019791666666666666,0.04259259259259259
4,0.03723958333333333,0.7078703703703704,0.0234375,0.041666666666666664
4,0.125,0.7078703703703704,0.021875,0.041666666666666664
4,0.20390625,0.7087962962962963,0.019270833333333334,0.03981481481481482
4,0.3020833333333333,0.6944444444444444,0.03854166666666667,0.06851851851851852
4,0.3223958333333333,0.7157407407407408,0.03229166666666667,0.025925925925925925
4,0.40390625,0.700925925925926,0.022395833333333334,0.05555555555555555
4,0.2328125,0.7138888888888889,0.022916666666666665,0.02962962962962963
4,0.35390625,0.019444444444444445,0.018229166666666668,0.03888888888888889
4,0.40208333333333335,0.022222222222222223,0.019791666666666666,0.044444444444444446
4,0.42604166666666665,0.022685185185185187,0.020833333333333332,0.04537037037037037
4,0.45286458333333335,0.022685185185185187,0.019270833333333334,0.04537037037037037
4,0.478125,0.021296296296296296,0.019791666666666666,0.04259259259259259
4,0.49973958333333335,0.02175925925925926,0.015104166666666667,0.04351851851851852
4,0.6020833333333333,0.019444444444444445,0.01875,0.03888888888888889
4,0.6278645833333333,0.025925925925925925,0.0171875,0.05185185185185185
4,0.6583333333333333,0.02638888888888889,0.021875,0.05277777777777778
11,0.37734375,0.024074074074074074,0.016145833333333335,0.04814814814814815
11,0.3265625,0.020370370370370372,0.015625,0.040740740740740744
1,0.19817708333333334,0.275,0.011979166666666667,0.014814814814814815
1,0.19947916666666668,0.26064814814814813,0.010416666666666666,0.013888888888888888
1,0.45208333333333334,0.4930555555555556,0.009375,0.012037037037037037
1,0.4515625,0.5175925925925926,0.005208333333333333,0.012962962962962963
1,0.48385416666666664,0.5611111111111111,0.009375,0.016666666666666666
1,0.5776041666666667,0.5884259259259259,0.009375,0.01574074074074074
1,0.5856770833333333,0.674537037037037,0.008854166666666666,0.019444444444444445
1,0.5658854166666667,0.7189814814814814,0.011979166666666667,0.019444444444444445
1,0.684375,0.5453703703703704,0.011458333333333333,0.014814814814814815
1,0.6760416666666667,0.5347222222222222,0.0125,0.017592592592592594
10,0.59453125,0.19583333333333333,0.0109375,0.017592592592592594
3,0.5877604166666667,0.19490740740740742,0.0067708333333333336,0.026851851851851852
10,0.56953125,0.6064814814814815,0.0078125,0.02962962962962963
