1,0.30807291666666664,0.15185185185185185,0.0046875,0.020370370370370372
10,0.30963541666666666,0.12962962962962962,0.011979166666666667,0.016666666666666666
1,0.34036458333333336,0.20555555555555555,0.0046875,0.020370370370370372
1,0.34427083333333336,0.20694444444444443,0.004166666666666667,0.017592592592592594
5,0.3658854166666667,0.07361111111111111,0.030729166666666665,0.03425925925925926
5,0.36302083333333335,0.15601851851851853,0.03125,0.04351851851851852
5,0.37057291666666664,0.2972222222222222,0.0390625,0.03888888888888889
5,0.40859375,0.4412037037037037,0.019270833333333334,0.07685185185185185
1,0.32786458333333335,0.8925925925925926,0.0046875,0.011111111111111112
1,0.33255208333333336,0.8768518518518519,0.0046875,0.011111111111111112
1,0.37526041666666665,0.7828703703703703,0.005729166666666666,0.012037037037037037
4,0.4140625,0.5486111111111112,0.020833333333333332,0.0824074074074074
10,0.3151041666666667,0.5638888888888889,0.015625,0.016666666666666666
10,0.3575520833333333,0.5486111111111112,0.011979166666666667,0.023148148148148147
10,0.35989583333333336,0.5773148148148148,0.014583333333333334,0.017592592592592594
10,0.3546875,0.5032407407407408,0.016666666666666666,0.017592592592592594
10,0.35963541666666665,0.48842592592592593,0.018229166666666668,0.012037037037037037
10,0.36223958333333334,0.4722222222222222,0.019270833333333334,0.012962962962962963
10,0.3703125,0.39305555555555555,0.007291666666666667,0.025
1,0.33932291666666664,0.5847222222222223,0.0046875,0.019444444444444445
1,0.3455729166666667,0.5875,0.005729166666666666,0.019444444444444445
4,0.4703125,0.9287037037037037,0.021875,0.08518518518518518
1,0.5140625,0.9402777777777778,0.008333333333333333,0.008333333333333333
1,0.5458333333333333,0.8796296296296297,0.00625,0.012962962962962963
1,0.55078125,0.9254629629629629,0.0046875,0.008333333333333333
10,0.6018229166666667,0.749537037037037,0.0171875,0.01574074074074074
10,0.5638020833333334,0.7467592592592592,0.013020833333333334,0.017592592592592594
10,0.58359375,0.7282407407407407,0.0171875,0.025
1,0.5200520833333333,0.7097222222222223,0.0067708333333333336,0.010185185185185186
10,0.5283854166666667,0.6194444444444445,0.015104166666666667,0.014814814814814815
10,0.57578125,0.5453703703703704,0.018229166666666668,0.014814814814814815
1,0.5411458333333333,0.49166666666666664,0.00625,0.018518518518518517
10,0.5395833333333333,0.4134259259259259,0.016666666666666666,0.01574074074074074
3,0.4864583333333333,0.4375,0.016666666666666666,0.01574074074074074
1,0.49635416666666665,0.42453703703703705,0.00625,0.021296296296296296
1,0.5005208333333333,0.4185185185185185,0.00625,0.016666666666666666
1,0.5065104166666666,0.42453703703703705,0.0067708333333333336,0.021296296296296296
1,0.5158854166666667,0.4476851851851852,0.005729166666666666,0.017592592592592594
1,0.5252604166666667,0.4263888888888889,0.0067708333333333336,0.013888888888888888
2,0.5440104166666667,0.45601851851851855,0.011979166666666667,0.012037037037037037
10,0.5578125,0.3990740740740741,0.014583333333333334,0.016666666666666666
1,0.5348958333333333,0.32546296296296295,0.007291666666666667,0.017592592592592594
1,0.5049479166666667,0.2861111111111111,0.005729166666666666,0.016666666666666666
10,0.41067708333333336,0.3625,0.008854166666666666,0.032407407407407406
1,0.42265625,0.2875,0.0046875,0.021296296296296296
1,0.32369791666666664,0.3236111111111111,0.0046875,0.021296296296296296
1,0.3765625,0.21157407407407408,0.00625,0.017592592592592594
1,0.44609375,0.20879629629629629,0.0046875,0.017592592592592594
2,0.5041666666666667,0.11157407407407408,0.007291666666666667,0.013888888888888888
2,0.4822916666666667,0.11342592592592593,0.00625,0.01574074074074074
1,0.46979166666666666,0.14351851851851852,0.003125,0.022222222222222223
1,0.45,0.03657407407407407,0.004166666666666667,0.013888888888888888
4,0.44244791666666666,0.058333333333333334,0.016145833333333335,0.044444444444444446
4,0.40859375,0.058333333333333334,0.015104166666666667,0.05
4,0.36822916666666666,0.10324074074074074,0.0375,0.03425925925925926
