1,0.15677083333333333,0.021296296296296296,0.008333333333333333,0.03518518518518519
1,0.16328125,0.02175925925925926,0.008854166666666666,0.03611111111111111
1,0.24322916666666666,0.015277777777777777,0.007291666666666667,0.028703703703703703
4,0.18854166666666666,0.0912037037037037,0.04895833333333333,0.04351851851851852
4,0.18854166666666666,0.11574074074074074,0.046875,0.05185185185185185
4,0.16953125,0.14027777777777778,0.0609375,0.05277777777777778
4,0.15833333333333333,0.1884259259259259,0.04375,0.062037037037037036
4,0.12682291666666667,0.25324074074074077,0.044270833333333336,0.0824074074074074
5,0.058854166666666666,0.2611111111111111,0.06354166666666666,0.08518518518518518
4,0.0890625,0.34953703703703703,0.06145833333333333,0.10462962962962963
4,0.017708333333333333,0.37777777777777777,0.035416666666666666,0.09814814814814815
4,0.03854166666666667,0.4810185185185185,0.07708333333333334,0.14722222222222223
5,0.24166666666666667,0.9208333333333333,0.07083333333333333,0.10092592592592593
3,0.6317708333333333,0.7148148148148148,0.042708333333333334,0.06481481481481481
1,0.5924479166666666,0.6976851851851852,0.0265625,0.058333333333333334
1,0.4747395833333333,0.8675925925925926,0.0296875,0.07037037037037037
10,0.59921875,0.5634259259259259,0.019270833333333334,0.06944444444444445
2,0.6166666666666667,0.36944444444444446,0.00625,0.03148148148148148
4,0.49765625,0.32685185185185184,0.044270833333333336,0.09259259259259259
4,0.428125,0.3236111111111111,0.036458333333333336,0.08425925925925926
3,0.5122395833333333,0.09583333333333334,0.0078125,0.026851851851851852
10,0.47890625,0.0712962962962963,0.0109375,0.024074074074074074
4,0.40859375,0.04490740740740741,0.019270833333333334,0.04351851851851852
5,0.41796875,0.07361111111111111,0.022395833333333334,0.06388888888888888
4,0.33958333333333335,0.012962962962962963,0.040625,0.025925925925925925
4,0.3380208333333333,0.027777777777777776,0.042708333333333334,0.02962962962962963
4,0.33541666666666664,0.0412037037037037,0.041666666666666664,0.041666666666666664
4,0.3341145833333333,0.06666666666666667,0.0421875,0.046296296296296294
4,0.3463541666666667,0.08425925925925926,0.042708333333333334,0.040740740740740744
10,0.37421875,0.031018518518518518,0.0046875,0.025
1,0.0734375,0.1259259259259259,0.010416666666666666,0.02962962962962963
5,0.29713541666666665,0.3189814814814815,0.07447916666666667,0.0787037037037037
5,0.2755208333333333,0.687037037037037,0.06145833333333333,0.17222222222222222
4,0.29713541666666665,0.46805555555555556,0.0515625,0.12685185185185185
6,0.16848958333333333,0.5074074074074074,0.09114583333333333,0.21481481481481482
0,0.19791666666666666,0.04583333333333333,0.03125,0.041666666666666664
