2,0.3848958333333333,0.4777777777777778,0.005208333333333333,0.011111111111111112
1,0.3846354166666667,0.5300925925925926,0.0036458333333333334,0.023148148148148147
2,0.3575520833333333,0.5263888888888889,0.0036458333333333334,0.010185185185185186
2,0.35104166666666664,0.5370370370370371,0.004166666666666667,0.011111111111111112
2,0.3625,0.5375,0.005208333333333333,0.013888888888888888
2,0.36328125,0.5296296296296297,0.0046875,0.012962962962962963
2,0.36640625,0.5277777777777778,0.0036458333333333334,0.011111111111111112
2,0.3614583333333333,0.49398148148148147,0.004166666666666667,0.012037037037037037
2,0.36484375,0.5194444444444445,0.0036458333333333334,0.011111111111111112
2,0.37864583333333335,0.5310185185185186,0.004166666666666667,0.012037037037037037
0,0.37109375,0.524537037037037,0.0046875,0.025
3,0.37916666666666665,0.538425925925926,0.004166666666666667,0.01574074074074074
3,0.36302083333333335,0.5421296296296296,0.008333333333333333,0.017592592592592594
3,0.35208333333333336,0.5458333333333333,0.011458333333333333,0.010185185185185186
3,0.36692708333333335,0.5393518518518519,0.005729166666666666,0.01574074074074074
3,0.38567708333333334,0.48333333333333334,0.005729166666666666,0.014814814814814815
3,0.36171875,0.4986111111111111,0.0067708333333333336,0.017592592592592594
1,0.35234375,0.5444444444444444,0.005729166666666666,0.014814814814814815
1,0.3893229166666667,0.7018518518518518,0.0036458333333333334,0.022222222222222223
1,0.38723958333333336,0.7523148148148148,0.0036458333333333334,0.017592592592592594
1,0.38671875,0.737037037037037,0.0046875,0.018518518518518517
1,0.3802083333333333,0.7375,0.004166666666666667,0.01574074074074074
1,0.37864583333333335,0.725462962962963,0.003125,0.01574074074074074
1,0.38203125,0.7129629629629629,0.0036458333333333334,0.014814814814814815
1,0.38229166666666664,0.7060185185185185,0.003125,0.017592592592592594
1,0.3846354166666667,0.6754629629629629,0.0046875,0.01574074074074074
1,0.3580729166666667,0.6013888888888889,0.0036458333333333334,0.01574074074074074
1,0.3536458333333333,0.6037037037037037,0.004166666666666667,0.014814814814814815
10,0.66328125,0.7300925925925926,0.016145833333333335,0.023148148148148147
10,0.5989583333333334,0.7226851851851852,0.015625,0.030555555555555555
10,0.56328125,0.7648148148148148,0.013020833333333334,0.022222222222222223
10,0.5419270833333333,0.7643518518518518,0.0067708333333333336,0.026851851851851852
10,0.6479166666666667,0.7055555555555556,0.01875,0.018518518518518517
