1,0.4421875,0.9319444444444445,0.029166666666666667,0.08055555555555556
1,0.36770833333333336,0.825,0.025,0.08703703703703704
1,0.17161458333333332,0.5699074074074074,0.0140625,0.04722222222222222
1,0.2,0.5444444444444444,0.016666666666666666,0.06481481481481481
1,0.246875,0.3763888888888889,0.013541666666666667,0.04537037037037037
1,0.44296875,0.26296296296296295,0.0067708333333333336,0.025925925925925925
1,0.4609375,0.26064814814814813,0.008333333333333333,0.028703703703703703
1,0.4734375,0.262037037037037,0.00625,0.027777777777777776
1,0.4817708333333333,0.27361111111111114,0.005208333333333333,0.030555555555555555
1,0.4875,0.26342592592592595,0.008333333333333333,0.032407407407407406
1,0.478125,0.25833333333333336,0.00625,0.02962962962962963
1,0.50234375,0.2439814814814815,0.008854166666666666,0.025
1,0.5385416666666667,0.2375,0.00625,0.023148148148148147
1,0.5341145833333333,0.2273148148148148,0.0067708333333333336,0.021296296296296296
4,0.09739583333333333,0.5787037037037037,0.07395833333333333,0.11481481481481481
4,0.14036458333333332,0.4935185185185185,0.0515625,0.08148148148148149
4,0.259375,0.7245370370370371,0.14479166666666668,0.125
4,0.2703125,0.5916666666666667,0.11354166666666667,0.08888888888888889
4,0.2864583333333333,0.45416666666666666,0.0875,0.058333333333333334
4,0.3377604166666667,0.39444444444444443,0.0390625,0.07962962962962963
4,0.2916666666666667,0.37916666666666665,0.0625,0.04537037037037037
4,0.39921875,0.4537037037037037,0.05260416666666667,0.09074074074074075
4,0.47682291666666665,0.8023148148148148,0.08385416666666666,0.23425925925925925
4,0.4942708333333333,0.5023148148148148,0.090625,0.07685185185185185
5,0.4557291666666667,0.6148148148148148,0.057291666666666664,0.15185185185185185
5,0.30104166666666665,0.34444444444444444,0.05520833333333333,0.03888888888888889
5,0.31328125,0.32731481481481484,0.04635416666666667,0.03425925925925926
5,0.3151041666666667,0.2953703703703704,0.040625,0.02962962962962963
4,0.31692708333333336,0.30972222222222223,0.0390625,0.021296296296296296
4,0.3138020833333333,0.2865740740740741,0.050520833333333334,0.028703703703703703
4,0.3229166666666667,0.25046296296296294,0.040625,0.026851851851851852
4,0.32578125,0.2324074074074074,0.03177083333333333,0.018518518518518517
4,0.32760416666666664,0.22453703703703703,0.03125,0.023148148148148147
5,0.3299479166666667,0.2064814814814815,0.0328125,0.022222222222222223
4,0.334375,0.1912037037037037,0.021875,0.017592592592592594
4,0.3341145833333333,0.17962962962962964,0.024479166666666666,0.020370370370370372
4,0.3138020833333333,0.17916666666666667,0.015104166666666667,0.019444444444444445
4,0.35104166666666664,0.17453703703703705,0.014583333333333334,0.019444444444444445
5,0.421875,0.18611111111111112,0.023958333333333335,0.014814814814814815
4,0.390625,0.19583333333333333,0.026041666666666668,0.01574074074074074
4,0.3885416666666667,0.1875,0.022916666666666665,0.019444444444444445
4,0.38697916666666665,0.17731481481481481,0.022916666666666665,0.017592592592592594
4,0.3807291666666667,0.17592592592592593,0.026041666666666668,0.016666666666666666
4,0.371875,0.15648148148148147,0.010416666666666666,0.018518518518518517
4,0.36640625,0.14305555555555555,0.0078125,0.012037037037037037
4,0.36380208333333336,0.13518518518518519,0.009895833333333333,0.012962962962962963
0,0.33880208333333334,0.14722222222222223,0.013020833333333334,0.03888888888888889
0,0.36276041666666664,0.12546296296296297,0.0234375,0.012037037037037037
