4,0.4953125,0.9222222222222223,0.053125,0.07222222222222222
4,0.5138020833333333,0.8787037037037037,0.049479166666666664,0.06296296296296296
4,0.7130208333333333,1.0324074074074074,0.06458333333333334,0.07777777777777778
4,0.6520833333333333,0.9643518518518519,0.05416666666666667,0.08425925925925926
4,0.68828125,1.0606481481481482,0.05677083333333333,0.07314814814814814
4,0.6322916666666667,0.9990740740740741,0.053125,0.07592592592592592
4,0.6171875,1.0407407407407407,0.04895833333333333,0.06851851851851852
4,0.6791666666666667,1.1097222222222223,0.059375,0.07685185185185185
4,0.6677083333333333,1.1541666666666666,0.0375,0.049074074074074076
4,0.44192708333333336,0.9685185185185186,0.0640625,0.08148148148148149
4,0.18333333333333332,0.6,0.042708333333333334,0.044444444444444446
0,0.22473958333333333,0.6300925925925925,0.0765625,0.07685185185185185
4,0.15911458333333334,0.5680555555555555,0.0421875,0.04722222222222222
0,0.06692708333333333,0.7041666666666667,0.044270833333333336,0.06944444444444445
0,0.02578125,0.7314814814814815,0.0453125,0.06666666666666667
4,0.07630208333333334,0.7708333333333334,0.05364583333333333,0.06759259259259259
4,0.09921875,0.8157407407407408,0.05677083333333333,0.06851851851851852
4,0.11796875,0.8472222222222222,0.058854166666666666,0.07592592592592592
4,0.12994791666666666,0.8837962962962963,0.0546875,0.0712962962962963
4,0.14739583333333334,0.9597222222222223,0.051041666666666666,0.07314814814814814
4,0.16901041666666666,0.9777777777777777,0.05677083333333333,0.08703703703703704
4,0.1921875,1.0138888888888888,0.053125,0.08148148148148149
4,0.20911458333333333,1.038888888888889,0.05572916666666667,0.07962962962962963
4,0.2296875,1.0828703703703704,0.05,0.08425925925925926
1,0.8203125,0.9537037037037037,0.009375,0.03148148148148148
3,0.79921875,0.6962962962962963,0.019270833333333334,0.027777777777777776
3,0.71640625,0.6060185185185185,0.0140625,0.021296296296296296
0,0.7015625,0.5578703703703703,0.03958333333333333,0.06388888888888888
0,0.7546875,0.5930555555555556,0.06354166666666666,0.08055555555555556
0,0.7963541666666667,0.6305555555555555,0.04479166666666667,0.07592592592592592
3,0.8239583333333333,0.6712962962962963,0.015625,0.02962962962962963
3,0.8841145833333334,0.6837962962962963,0.016145833333333335,0.017592592592592594
3,0.88203125,0.6953703703703704,0.0171875,0.016666666666666666
3,0.8802083333333334,0.7092592592592593,0.017708333333333333,0.020370370370370372
3,0.8557291666666667,0.7574074074074074,0.019791666666666666,0.027777777777777776
0,0.8705729166666667,0.7277777777777777,0.0296875,0.04814814814814815
4,0.8497395833333333,0.49722222222222223,0.027604166666666666,0.046296296296296294
4,0.89453125,0.5430555555555555,0.025520833333333333,0.05648148148148148
4,0.9244791666666666,0.5666666666666667,0.029166666666666667,0.05740740740740741
4,0.9494791666666667,0.5740740740740741,0.03125,0.04814814814814815
4,0.98203125,0.5949074074074074,0.0296875,0.049074074074074076
4,0.6697916666666667,0.8629629629629629,0.040625,0.08333333333333333
4,0.9,1.2935185185185185,0.05520833333333333,0.07222222222222222
4,0.9528645833333333,1.3583333333333334,0.0640625,0.06111111111111111
4,1.0044270833333333,0.6175925925925926,0.030729166666666665,0.053703703703703705
