1,0.036458333333333336,0.23935185185185184,0.003125,0.010185185185185186
4,0.045572916666666664,0.27870370370370373,0.0109375,0.014814814814814815
6,0.0296875,0.3736111111111111,0.020833333333333332,0.025
5,0.0453125,0.4439814814814815,0.023958333333333335,0.021296296296296296
5,0.12734375,0.3962962962962963,0.022395833333333334,0.020370370370370372
4,0.1015625,0.4111111111111111,0.017708333333333333,0.016666666666666666
4,0.07395833333333333,0.42824074074074076,0.019791666666666666,0.017592592592592594
4,0.15911458333333334,0.3800925925925926,0.019270833333333334,0.013888888888888888
4,0.19270833333333334,0.33611111111111114,0.0125,0.009259259259259259
4,0.28854166666666664,0.31157407407407406,0.015625,0.013888888888888888
6,0.19114583333333332,0.3541666666666667,0.03854166666666667,0.03796296296296296
5,0.22265625,0.3439814814814815,0.018229166666666668,0.017592592592592594
9,0.09557291666666666,0.38657407407407407,0.03177083333333333,0.028703703703703703
9,0.22838541666666667,0.31805555555555554,0.04114583333333333,0.03981481481481482
9,0.24609375,0.33101851851851855,0.024479166666666666,0.025
9,0.26848958333333334,0.300462962962963,0.0359375,0.03981481481481482
5,0.26796875,0.3199074074074074,0.016145833333333335,0.019444444444444445
5,0.29739583333333336,0.2949074074074074,0.013541666666666667,0.013888888888888888
9,0.3234375,0.28703703703703703,0.013541666666666667,0.020370370370370372
4,0.30807291666666664,0.300462962962963,0.0140625,0.013888888888888888
4,0.2752604166666667,0.36435185185185187,0.016145833333333335,0.017592592592592594
4,0.28619791666666666,0.013425925925925926,0.0046875,0.010185185185185186
4,0.27682291666666664,0.014814814814814815,0.0046875,0.007407407407407408
4,0.30182291666666666,0.13425925925925927,0.0067708333333333336,0.012962962962962963
9,0.27057291666666666,0.005092592592592593,0.0067708333333333336,0.010185185185185186
4,0.34661458333333334,0.21805555555555556,0.009895833333333333,0.017592592592592594
4,0.37213541666666666,0.28564814814814815,0.0109375,0.023148148148148147
6,0.34010416666666665,0.17037037037037037,0.014583333333333334,0.03888888888888889
6,0.309375,0.09398148148148149,0.009375,0.021296296296296296
4,0.41953125,0.5050925925925925,0.015104166666666667,0.030555555555555555
4,0.44244791666666666,0.4726851851851852,0.016145833333333335,0.03611111111111111
5,0.4505208333333333,0.4527777777777778,0.015625,0.03333333333333333
4,0.3888020833333333,0.23287037037037037,0.013020833333333334,0.013888888888888888
4,0.41510416666666666,0.23472222222222222,0.011458333333333333,0.010185185185185186
4,0.3997395833333333,0.24305555555555555,0.011979166666666667,0.012037037037037037
4,0.38645833333333335,0.25092592592592594,0.0125,0.012962962962962963
4,0.4171875,0.21481481481481482,0.011458333333333333,0.011111111111111112
4,0.4393229166666667,0.2101851851851852,0.008854166666666666,0.011111111111111112
4,0.43359375,0.2064814814814815,0.0109375,0.011111111111111112
6,0.4309895833333333,0.22916666666666666,0.019270833333333334,0.021296296296296296
6,0.45078125,0.20787037037037037,0.0140625,0.017592592592592594
9,0.4239583333333333,0.19583333333333333,0.030208333333333334,0.032407407407407406
9,0.39427083333333335,0.21481481481481482,0.028125,0.02962962962962963
9,0.35494791666666664,0.11574074074074074,0.011979166666666667,0.024074074074074074
4,0.4473958333333333,0.1310185185185185,0.010416666666666666,0.013888888888888888
4,0.4864583333333333,0.1648148148148148,0.009375,0.011111111111111112
6,0.42864583333333334,0.11898148148148148,0.017708333333333333,0.025
4,0.35390625,0.06018518518518518,0.008854166666666666,0.012962962962962963
4,0.3734375,0.14166666666666666,0.005208333333333333,0.007407407407407408
4,0.5088541666666667,0.19212962962962962,0.010416666666666666,0.013888888888888888
4,0.5213541666666667,0.19398148148148148,0.0125,0.017592592592592594
4,0.5361979166666667,0.21851851851851853,0.008854166666666666,0.012962962962962963
4,0.5614583333333333,0.23148148148148148,0.013541666666666667,0.018518518518518517
4,0.5908854166666667,0.2689814814814815,0.0140625,0.017592592592592594
4,0.5619791666666667,0.2763888888888889,0.014583333333333334,0.01574074074074074
4,0.5783854166666667,0.2833333333333333,0.015104166666666667,0.016666666666666666
4,0.63515625,0.362962962962963,0.0171875,0.018518518518518517
4,0.54140625,0.27824074074074073,0.013020833333333334,0.013888888888888888
4,0.5481770833333334,0.2523148148148148,0.0140625,0.013888888888888888
4,0.5489583333333333,0.2601851851851852,0.008333333333333333,0.014814814814814815
6,0.5388020833333333,0.2601851851851852,0.018229166666666668,0.025925925925925925
5,0.52734375,0.2625,0.015104166666666667,0.017592592592592594
5,0.5979166666666667,0.3101851851851852,0.016666666666666666,0.016666666666666666
6,0.6088541666666667,0.3300925925925926,0.025,0.030555555555555555
4,0.6221354166666667,0.324537037037037,0.015104166666666667,0.017592592592592594
4,0.6283854166666667,0.31342592592592594,0.015104166666666667,0.021296296296296296
4,0.6692708333333334,0.4064814814814815,0.019791666666666666,0.022222222222222223
4,0.71015625,0.4111111111111111,0.019270833333333334,0.022222222222222223
5,0.6635416666666667,0.32407407407407407,0.016666666666666666,0.024074074074074074
6,0.6747395833333333,0.3837962962962963,0.0296875,0.03425925925925926
5,0.7231770833333333,0.4513888888888889,0.011979166666666667,0.025
5,0.6205729166666667,0.09398148148148149,0.008854166666666666,0.010185185185185186
9,0.7111979166666667,0.07731481481481481,0.013020833333333334,0.01574074074074074
4,0.63671875,0.053703703703703705,0.0078125,0.007407407407407408
4,0.6442708333333333,0.050462962962962966,0.008333333333333333,0.008333333333333333
4,0.6471354166666666,0.047685185185185185,0.008854166666666666,0.008333333333333333
4,0.6526041666666667,0.04537037037037037,0.005208333333333333,0.007407407407407408
4,0.453125,0.034722222222222224,0.004166666666666667,0.010185185185185186
4,0.32890625,0.03611111111111111,0.0067708333333333336,0.009259259259259259
1,0.24453125,0.10231481481481482,0.0015625,0.006481481481481481
1,0.23776041666666667,0.10462962962962963,0.0026041666666666665,0.005555555555555556
1,0.23307291666666666,0.10787037037037037,0.0026041666666666665,0.006481481481481481
1,0.22942708333333334,0.10601851851851851,0.0026041666666666665,0.006481481481481481
1,0.23463541666666668,0.1,0.0015625,0.007407407407407408
1,0.23203125,0.1,0.0026041666666666665,0.003703703703703704
2,0.18489583333333334,0.5328703703703703,0.003125,0.012037037037037037
1,0.33619791666666665,0.43796296296296294,0.0026041666666666665,0.009259259259259259
1,0.39609375,0.17407407407407408,0.0026041666666666665,0.007407407407407408
4,0.44296875,0.055092592592592596,0.0203125,0.01574074074074074
1,0.4421875,0.16342592592592592,0.0020833333333333333,0.008333333333333333
1,0.44505208333333335,0.15138888888888888,0.0015625,0.006481481481481481
1,0.44973958333333336,0.15601851851851853,0.0026041666666666665,0.006481481481481481
1,0.43125,0.16620370370370371,0.0010416666666666667,0.006481481481481481
1,0.43515625,0.16018518518518518,0.0015625,0.003703703703703704
9,0.6486979166666667,0.13333333333333333,0.013020833333333334,0.018518518518518517
9,0.5822916666666667,0.08842592592592592,0.009375,0.010185185185185186
1,0.5885416666666666,0.23425925925925925,0.003125,0.009259259259259259
1,0.5794270833333334,0.19768518518518519,0.0015625,0.008333333333333333
1,0.5830729166666667,0.19398148148148148,0.0015625,0.006481481481481481
1,0.5713541666666667,0.2125,0.0020833333333333333,0.006481481481481481
1,0.5682291666666667,0.21203703703703702,0.0020833333333333333,0.005555555555555556
1,0.5864583333333333,0.19537037037037036,0.0020833333333333333,0.007407407407407408
1,0.6247395833333333,0.26157407407407407,0.0015625,0.008333333333333333
1,0.7052083333333333,0.33240740740740743,0.003125,0.009259259259259259
1,0.5005208333333333,0.3111111111111111,0.0010416666666666667,0.007407407407407408
1,0.5018229166666667,0.3148148148148148,0.0015625,0.007407407407407408
