4,0.12916666666666668,0.02546296296296296,0.071875,0.05092592592592592
5,0.12057291666666667,0.05555555555555555,0.07447916666666667,0.07592592592592592
6,0.22994791666666667,0.262037037037037,0.059895833333333336,0.21481481481481482
6,0.0453125,0.7569444444444444,0.090625,0.16574074074074074
1,0.27838541666666666,0.9467592592592593,0.0140625,0.04722222222222222
1,0.3106770833333333,0.8777777777777778,0.021354166666666667,0.03888888888888889
1,0.29713541666666665,0.7546296296296297,0.019270833333333334,0.04814814814814815
1,0.3072916666666667,0.7097222222222223,0.016666666666666666,0.041666666666666664
1,0.29375,0.5939814814814814,0.010416666666666666,0.05092592592592592
1,0.2872395833333333,0.5814814814814815,0.0109375,0.04814814814814815
6,0.6786458333333333,0.9217592592592593,0.10104166666666667,0.09907407407407408
1,0.4109375,0.8162037037037037,0.015625,0.03611111111111111
1,0.48411458333333335,0.7282407407407407,0.021354166666666667,0.03981481481481482
1,0.42552083333333335,0.7324074074074074,0.021875,0.03888888888888889
6,0.39010416666666664,0.31342592592592594,0.090625,0.20462962962962963
5,0.34270833333333334,0.14444444444444443,0.04375,0.11481481481481481
4,0.5864583333333333,0.09305555555555556,0.04791666666666667,0.10462962962962963
5,0.66484375,0.28425925925925927,0.06197916666666667,0.1574074074074074
5,0.7088541666666667,0.48842592592592593,0.040625,0.17685185185185184
